0 9.3678 0.3491 pedestrian
0 18.5125 0.4712 car
1 9.3678 0.3491 pedestrian
1 18.5125 0.4712 car
2 9.3678 0.3491 pedestrian
2 18.2894 0.4538 car
3 9.3678 0.3491 pedestrian
3 18.0664 0.4363 car
4 9.3678 0.3491 pedestrian
4 18.0664 0.4363 car
5 9.3678 0.3491 pedestrian
5 18.0664 0.4363 car
6 9.5908 0.2967 pedestrian
6 17.6203 0.4538 car
7 9.5908 0.2967 pedestrian
7 17.3973 0.4538 car
8 9.5908 0.2967 pedestrian
8 17.3973 0.4538 car
9 9.5908 0.2967 pedestrian
9 17.3973 0.4538 car
10 9.5908 0.2967 pedestrian
10 16.9512 0.4538 car
11 9.5908 0.2967 pedestrian
11 16.9512 0.4538 car
12 9.5908 0.2967 pedestrian
12 16.9512 0.4538 car
13 9.5908 0.2967 pedestrian
13 16.9512 0.4538 car
14 9.5908 0.2967 pedestrian
14 16.5051 0.4363 car
15 9.5908 0.2967 pedestrian
15 16.5051 0.4363 car
16 9.5908 0.2967 pedestrian
16 16.5051 0.4363 car
17 9.5908 0.2967 pedestrian
17 16.5051 0.4363 car
18 9.5908 0.2967 pedestrian
18 16.0590 0.4189 car
19 9.3678 0.2967 pedestrian
19 16.0590 0.4189 car
20 9.3678 0.2967 pedestrian
20 16.0590 0.4189 car
21 9.5908 0.2967 pedestrian
21 15.6129 0.4014 car
22 9.1447 0.2967 pedestrian
22 15.6129 0.4014 car
23 9.5908 0.2967 pedestrian
23 15.6129 0.4014 car
24 9.5908 0.2967 pedestrian
24 15.1668 0.4014 car
25 9.3678 0.2967 pedestrian
25 15.1668 0.4014 car
26 9.3678 0.2967 pedestrian
26 15.1668 0.4014 car
27 9.3678 0.2967 pedestrian
27 15.1668 0.4014 car
28 9.3678 0.2793 pedestrian
28 14.9438 0.3491 car
29 9.3678 0.2793 pedestrian
29 14.9438 0.3491 car
30 9.3678 0.2793 pedestrian
30 14.4977 0.3491 car
31 9.3678 0.2793 pedestrian
31 14.2747 0.3316 car
32 9.3678 0.2793 pedestrian
32 14.2747 0.3142 car
33 9.3678 0.2793 pedestrian
33 14.2747 0.3142 car
34 9.1447 0.2618 pedestrian
34 14.0516 0.3142 car
35 9.1447 0.2618 pedestrian
35 13.8286 0.2967 car
36 9.1447 0.2618 pedestrian
36 13.8286 0.2967 car
37 9.1447 0.2618 pedestrian
37 13.8286 0.2967 car
38 9.1447 0.2618 pedestrian
38 13.6056 0.2967 car
39 9.1447 0.2618 pedestrian
39 13.6056 0.2967 car
40 9.1447 0.2618 pedestrian
40 13.3825 0.2793 car
41 9.1447 0.2618 pedestrian
41 13.3825 0.2793 car
42 8.9217 0.2618 pedestrian
42 13.1595 0.2793 car
43 8.9217 0.2618 pedestrian
43 13.1595 0.2793 car
44 8.9217 0.2618 pedestrian
44 12.9364 0.2793 car
45 8.9217 0.2618 pedestrian
45 12.9364 0.2793 car
46 8.6986 0.2443 pedestrian
46 12.9364 0.2793 car
47 8.6986 0.2443 pedestrian
47 12.7134 0.2793 car
48 8.6986 0.2443 pedestrian
48 12.7134 0.2793 car
49 8.6986 0.2443 pedestrian
49 12.7134 0.2793 car
50 8.6986 0.2443 pedestrian
50 12.7134 0.2793 car
51 8.6986 0.2443 pedestrian
51 12.2673 0.2618 car
52 8.6986 0.2443 pedestrian
52 12.2673 0.2618 car
53 8.4756 0.2094 pedestrian
53 12.2673 0.2618 car
54 8.4756 0.2094 pedestrian
54 12.2673 0.2618 car
55 8.4756 0.2094 pedestrian
55 12.2673 0.2618 car
56 8.4756 0.2094 pedestrian
56 11.8212 0.2443 car
57 8.4756 0.2094 pedestrian
57 11.8212 0.2443 car
58 8.4756 0.2094 pedestrian
58 11.8212 0.2443 car
59 8.4756 0.2094 pedestrian
59 11.8212 0.2443 car
60 8.4756 0.2094 pedestrian
60 11.8212 0.2443 car
61 8.4756 0.2094 pedestrian
61 11.8212 0.2443 car
62 8.4756 0.2094 pedestrian
62 11.8212 0.2443 car
63 8.4756 0.2094 pedestrian
63 11.8212 0.2443 car
64 8.4756 0.2094 pedestrian
64 11.8212 0.2443 car
65 8.4756 0.2094 pedestrian
65 11.5982 0.2443 car
66 8.4756 0.2094 pedestrian
66 11.5982 0.2443 car
67 8.4756 0.2094 pedestrian
67 11.5982 0.2443 car
68 8.4756 0.2094 pedestrian
68 11.3751 0.2269 car
69 8.4756 0.2094 pedestrian
69 11.3751 0.2269 car
70 8.4756 0.2094 pedestrian
70 11.3751 0.2269 car
71 8.4756 0.2094 pedestrian
71 11.1521 0.2269 car
72 8.4756 0.2094 pedestrian
72 11.1521 0.2269 car
73 8.4756 0.2094 pedestrian
73 11.1521 0.2269 car
74 8.4756 0.2094 pedestrian
74 11.1521 0.2269 car
75 8.2525 0.2094 pedestrian
75 10.9290 0.2094 car
76 8.2525 0.2094 pedestrian
76 10.9290 0.2094 car
77 8.2525 0.2094 pedestrian
77 10.9290 0.2094 car
78 8.2525 0.2094 pedestrian
78 10.9290 0.2094 car
79 8.2525 0.2094 pedestrian
79 10.9290 0.2094 car
80 8.2525 0.2094 pedestrian
80 10.9290 0.2094 car
81 8.2525 0.2094 pedestrian
81 10.9290 0.2094 car
82 7.8065 0.1920 pedestrian
82 10.7060 0.1745 car
83 7.8065 0.1920 pedestrian
83 10.7060 0.1745 car
84 7.8065 0.1920 pedestrian
84 10.7060 0.1745 car
85 7.8065 0.1920 pedestrian
85 10.7060 0.1745 car
86 7.8065 0.1920 pedestrian
86 10.7060 0.1745 car
87 7.8065 0.1920 pedestrian
87 10.7060 0.1745 car
88 7.8065 0.1920 pedestrian
88 10.7060 0.1745 car
89 7.8065 0.1920 pedestrian
89 10.2599 0.1745 car
90 7.8065 0.1920 pedestrian
90 10.2599 0.1745 car
91 7.8065 0.1920 pedestrian
91 10.0369 0.1571 car
92 7.8065 0.1920 pedestrian
92 10.0369 0.1571 car
93 7.8065 0.1920 pedestrian
93 10.0369 0.1571 car
94 7.8065 0.1920 pedestrian
94 10.0369 0.1571 car
95 7.8065 0.1920 pedestrian
95 10.0369 0.1047 car
96 7.8065 0.1920 pedestrian
96 10.0369 0.1047 car
97 7.8065 0.1920 pedestrian
97 10.0369 0.1047 car
98 7.8065 0.1920 pedestrian
98 10.0369 0.1047 car
99 7.5834 0.1745 pedestrian
99 10.0369 0.1047 car
100 7.5834 0.1745 pedestrian
100 10.0369 0.1047 car
101 7.5834 0.1745 pedestrian
101 10.0369 0.1047 car
102 7.5834 0.1745 pedestrian
102 9.5908 0.0698 car
103 7.5834 0.1745 pedestrian
103 9.5908 0.0698 car
104 7.5834 0.1745 pedestrian
104 9.5908 0.0698 car
105 7.5834 0.1745 pedestrian
105 9.5908 0.0698 car
106 7.3604 0.1571 pedestrian
106 9.5908 0.0349 car
107 7.3604 0.1571 pedestrian
107 9.5908 0.0349 car
108 7.3604 0.1571 pedestrian
108 9.5908 0.0349 car
109 7.3604 0.1571 pedestrian
109 9.5908 0.0349 car
110 7.3604 0.1571 pedestrian
110 9.3678 0.0698 car
111 7.3604 0.1571 pedestrian
111 9.3678 0.0698 car
112 7.3604 0.1571 pedestrian
112 9.3678 0.0698 car
113 7.3604 0.1571 pedestrian
113 9.3678 0.0524 car
114 7.3604 0.1571 pedestrian
114 9.3678 0.0524 car
115 7.1373 0.1396 pedestrian
115 8.9217 0.0524 car
116 7.1373 0.1396 pedestrian
116 8.9217 0.0524 car
117 7.1373 0.1396 pedestrian
117 8.9217 0.0524 car
118 7.1373 0.1396 pedestrian
118 8.9217 0.0524 car
119 7.1373 0.1396 pedestrian
119 8.9217 0.0524 car
120 7.1373 0.1396 pedestrian
120 8.9217 0.0175 car
121 7.1373 0.1396 pedestrian
121 8.9217 0.0175 car
122 6.9143 0.1222 pedestrian
122 8.6986 0.0175 car
123 6.9143 0.1222 pedestrian
123 8.6986 0.0175 car
124 6.9143 0.1222 pedestrian
124 8.6986 0.0175 car
125 6.9143 0.1222 pedestrian
125 8.6986 0.0175 car
126 6.9143 0.1222 pedestrian
126 8.6986 0.0175 car
127 6.9143 0.1222 pedestrian
127 8.6986 0.0175 car
128 6.9143 0.1222 pedestrian
128 8.6986 0.0175 car
129 6.9143 0.1222 pedestrian
129 8.6986 0.0175 car
130 6.9143 0.1047 pedestrian
130 8.4756 -0.0349 car
131 6.9143 0.1047 pedestrian
131 8.4756 -0.0349 car
132 6.9143 0.1047 pedestrian
132 8.4756 -0.0349 car
133 6.9143 0.1047 pedestrian
133 8.4756 -0.0349 car
134 6.9143 0.1047 pedestrian
134 8.4756 -0.0349 car
135 6.9143 0.1047 pedestrian
135 8.4756 -0.0349 car
136 6.9143 0.1047 pedestrian
136 8.4756 -0.0349 car
137 6.9143 0.1047 pedestrian
137 8.4756 -0.0349 car
138 6.6913 0.0698 pedestrian
138 8.2525 -0.0349 car
139 6.6913 0.0698 pedestrian
139 8.2525 -0.0349 car
140 6.6913 0.0698 pedestrian
140 8.2525 -0.0349 car
141 6.6913 0.0698 pedestrian
141 8.2525 -0.0349 car
142 6.6913 0.0698 pedestrian
142 8.2525 -0.0349 car
143 6.6913 0.0698 pedestrian
143 8.2525 -0.0349 car
144 6.6913 0.0698 pedestrian
144 8.2525 -0.0349 car
145 6.6913 0.0698 pedestrian
145 8.2525 -0.0349 car
146 6.6913 0.0698 pedestrian
146 8.2525 -0.0349 car
147 6.4682 0.0698 pedestrian
147 8.0295 -0.0698 car
148 6.4682 0.0698 pedestrian
148 8.0295 -0.0698 car
149 6.4682 0.0698 pedestrian
149 8.0295 -0.0698 car
150 6.4682 0.0698 pedestrian
150 8.0295 -0.0698 car
151 6.4682 0.0698 pedestrian
151 8.0295 -0.0698 car
152 6.4682 0.0698 pedestrian
152 8.0295 -0.0698 car
153 6.4682 0.0698 pedestrian
153 8.0295 -0.0698 car
154 6.4682 0.0698 pedestrian
154 8.0295 -0.0698 car
155 6.4682 0.0698 pedestrian
155 8.0295 -0.0698 car
156 6.4682 0.0698 pedestrian
156 8.0295 -0.0698 car
157 6.4682 0.0698 pedestrian
157 8.0295 -0.0698 car
158 6.4682 0.0698 pedestrian
158 8.0295 -0.0698 car
159 6.2452 0.0524 pedestrian
159 7.8065 -0.1047 car
160 6.2452 0.0524 pedestrian
160 7.8065 -0.1047 car
161 6.2452 0.0524 pedestrian
161 7.8065 -0.1047 car
162 6.2452 0.0524 pedestrian
162 7.8065 -0.1047 car
163 6.2452 0.0524 pedestrian
163 7.8065 -0.1047 car
164 6.2452 0.0524 pedestrian
164 7.8065 -0.1047 car
165 6.2452 0.0524 pedestrian
165 7.8065 -0.1047 car
166 6.2452 0.0524 pedestrian
166 7.8065 -0.1047 car
167 6.2452 0.0524 pedestrian
167 7.8065 -0.1047 car
168 6.2452 0.0524 pedestrian
168 7.8065 -0.1571 car
169 6.2452 0.0524 pedestrian
169 7.8065 -0.1571 car
170 6.2452 0.0524 pedestrian
170 7.8065 -0.1571 car
171 6.2452 0.0524 pedestrian
171 7.8065 -0.1571 car
172 6.0221 0.0524 pedestrian
172 7.5834 -0.1745 car
173 6.0221 0.0524 pedestrian
173 7.5834 -0.1745 car
174 6.0221 0.0524 pedestrian
174 7.5834 -0.1745 car
175 6.0221 0.0524 pedestrian
175 7.5834 -0.1745 car
176 6.0221 0.0524 pedestrian
176 7.5834 -0.1745 car
177 6.0221 0.0524 pedestrian
177 7.5834 -0.1745 car
178 6.0221 0.0524 pedestrian
178 7.5834 -0.1745 car
179 5.7991 0.0524 pedestrian
179 7.5834 -0.1745 car
180 5.7991 0.0524 pedestrian
180 7.5834 -0.1745 car
181 5.7991 0.0524 pedestrian
181 7.5834 -0.1745 car
182 5.7991 0.0524 pedestrian
182 7.5834 -0.1745 car
183 5.7991 0.0524 pedestrian
183 7.3604 -0.2269 car
184 5.7991 0.0524 pedestrian
184 7.3604 -0.2269 car
185 6.4682 0.0175 pedestrian
185 8.6986 -0.1047 car
186 5.7991 0.0524 pedestrian
186 7.3604 -0.2269 car
187 5.7991 0.0524 pedestrian
187 7.3604 -0.2269 car
188 5.5760 0.0175 pedestrian
188 7.3604 -0.2269 car
189 5.5760 0.0175 pedestrian
189 7.3604 -0.2269 car
190 5.5760 0.0175 pedestrian
190 7.3604 -0.2269 car
191 5.5760 0.0175 pedestrian
191 7.3604 -0.2269 car
192 5.5760 0.0000 pedestrian
192 7.3604 -0.2618 car
193 5.5760 0.0000 pedestrian
193 7.3604 -0.2618 car
194 5.5760 0.0000 pedestrian
194 7.3604 -0.2618 car
195 5.5760 0.0000 pedestrian
195 7.1373 -0.2618 car
196 5.5760 0.0000 pedestrian
196 7.1373 -0.2618 car
197 5.5760 0.0000 pedestrian
197 7.1373 -0.2618 car
198 5.5760 0.0000 pedestrian
198 7.1373 -0.2618 car
199 5.5760 0.0000 pedestrian
199 7.1373 -0.2618 car
200 5.5760 0.0000 pedestrian
200 7.1373 -0.2793 car
201 5.5760 0.0000 pedestrian
201 7.1373 -0.2793 car
202 5.5760 0.0000 pedestrian
202 7.1373 -0.2793 car
203 5.5760 0.0000 pedestrian
203 7.1373 -0.2793 car
204 5.3530 -0.0175 pedestrian
204 7.1373 -0.2967 car
205 5.3530 -0.0175 pedestrian
205 7.1373 -0.2967 car
206 5.3530 -0.0175 pedestrian
206 7.1373 -0.2967 car
207 5.1300 -0.0349 pedestrian
207 7.1373 -0.2967 car
208 5.1300 -0.0349 pedestrian
208 7.1373 -0.2967 car
209 5.1300 -0.0349 pedestrian
209 7.1373 -0.3491 car
210 5.1300 -0.0349 pedestrian
210 7.1373 -0.3491 car
211 5.1300 -0.0349 pedestrian
211 7.1373 -0.3491 car
212 5.1300 -0.0349 pedestrian
212 7.1373 -0.3491 car
213 5.1300 -0.0349 pedestrian
213 7.1373 -0.3491 car
214 4.9069 -0.0349 pedestrian
214 7.1373 -0.3840 car
215 4.9069 -0.0349 pedestrian
215 7.1373 -0.3840 car
216 4.9069 -0.0349 pedestrian
216 7.1373 -0.3840 car
217 4.9069 -0.0349 pedestrian
217 7.1373 -0.3840 car
218 4.9069 -0.0349 pedestrian
218 7.1373 -0.3840 car
219 4.9069 -0.0349 pedestrian
219 7.1373 -0.3840 car
220 4.6839 -0.0349 pedestrian
220 6.9143 -0.4189 car
221 4.6839 -0.0349 pedestrian
221 6.9143 -0.4189 car
222 4.6839 -0.0349 pedestrian
222 6.9143 -0.4189 car
223 4.6839 -0.0349 pedestrian
223 6.9143 -0.4189 car
224 4.6839 -0.0698 pedestrian
224 6.9143 -0.4189 car
225 4.6839 -0.0698 pedestrian
225 6.9143 -0.4189 car
226 4.6839 -0.0698 pedestrian
226 6.9143 -0.4189 car
227 4.6839 -0.0698 pedestrian
227 6.9143 -0.4189 car
228 4.6839 -0.0698 pedestrian
228 6.9143 -0.4538 car
229 4.6839 -0.0698 pedestrian
229 6.9143 -0.4538 car
230 4.6839 -0.0698 pedestrian
230 6.9143 -0.4538 car
231 4.4608 -0.0873 pedestrian
231 6.9143 -0.4887 car
232 4.4608 -0.0873 pedestrian
232 6.9143 -0.4887 car
233 4.4608 -0.0873 pedestrian
233 6.9143 -0.4887 car
234 4.4608 -0.0873 pedestrian
234 6.9143 -0.4887 car
235 4.4608 -0.0873 pedestrian
235 6.9143 -0.4887 car
236 4.4608 -0.1222 pedestrian
236 6.6913 -0.5061 car
237 4.4608 -0.1222 pedestrian
237 6.6913 -0.5061 car
238 4.4608 -0.1222 pedestrian
238 6.6913 -0.5061 car
239 4.2378 -0.1571 pedestrian
239 6.6913 -0.5760 car
240 4.2378 -0.1571 pedestrian
240 6.6913 -0.5760 car
241 4.2378 -0.1571 pedestrian
241 6.6913 -0.5760 car
242 4.2378 -0.1571 pedestrian
242 6.6913 -0.5760 car
243 4.2378 -0.1571 pedestrian
243 6.6913 -0.5760 car
244 4.2378 -0.1571 pedestrian
244 6.6913 -0.5760 car
245 4.2378 -0.1571 pedestrian
245 6.6913 -0.5760 car
246 4.2378 -0.1745 pedestrian
246 6.6913 -0.5760 car
247 4.2378 -0.2094 pedestrian
247 6.6913 -0.5760 car
248 4.2378 -0.2094 pedestrian
248 6.6913 -0.5760 car
249 4.2378 -0.2094 pedestrian
249 6.6913 -0.5760 car
250 4.2378 -0.2094 pedestrian
250 6.6913 -0.5760 car
251 4.2378 -0.2094 pedestrian
251 6.9143 -0.5934 car
252 4.2378 -0.2094 pedestrian
252 6.9143 -0.5934 car
253 4.2378 -0.2094 pedestrian
253 6.9143 -0.5934 car
254 4.0148 -0.2443 pedestrian
254 6.9143 -0.5934 car
255 4.0148 -0.2443 pedestrian
255 6.9143 -0.5934 car
256 4.0148 -0.2443 pedestrian
256 6.9143 -0.5411 car
257 4.0148 -0.2443 pedestrian
257 6.9143 -0.5411 car
258 4.0148 -0.2443 pedestrian
258 6.9143 -0.5411 car
259 4.0148 -0.2443 pedestrian
259 6.9143 -0.5411 car
260 4.0148 -0.2793 pedestrian
260 6.9143 -0.4887 car
261 4.0148 -0.2793 pedestrian
261 6.9143 -0.4887 car
262 4.0148 -0.2793 pedestrian
262 6.9143 -0.4887 car
263 4.0148 -0.2793 pedestrian
263 6.9143 -0.4887 car
264 4.0148 -0.2967 pedestrian
264 6.9143 -0.4363 car
265 4.0148 -0.2967 pedestrian
265 6.9143 -0.4363 car
266 4.0148 -0.3316 pedestrian
266 6.9143 -0.4363 car
267 4.0148 -0.3316 pedestrian
267 6.9143 -0.4363 car
268 4.0148 -0.3316 pedestrian
268 6.9143 -0.4363 car
269 4.0148 -0.3316 pedestrian
269 6.9143 -0.4363 car
270 4.2378 -0.3665 pedestrian
270 6.9143 -0.4363 car
271 4.2378 -0.3665 pedestrian
271 6.9143 -0.4363 car
272 4.2378 -0.3665 pedestrian
272 6.9143 -0.4363 car
273 4.2378 -0.3665 pedestrian
273 6.9143 -0.4363 car
274 4.2378 -0.3665 pedestrian
274 7.1373 -0.4887 car
275 4.2378 -0.4014 pedestrian
275 7.1373 -0.4887 car
276 4.2378 -0.4014 pedestrian
276 7.1373 -0.4887 car
277 4.2378 -0.4014 pedestrian
277 7.1373 -0.4887 car
278 4.2378 -0.4014 pedestrian
278 7.1373 -0.5411 car
279 4.2378 -0.4014 pedestrian
279 7.1373 -0.5411 car
280 4.2378 -0.4014 pedestrian
280 7.1373 -0.5411 car
281 4.2378 -0.4014 pedestrian
281 7.1373 -0.5411 car
282 4.2378 -0.4189 pedestrian
282 7.1373 -0.5585 car
283 4.2378 -0.4189 pedestrian
283 7.1373 -0.5585 car
284 4.2378 -0.4189 pedestrian
284 7.1373 -0.5585 car
285 4.2378 -0.4189 pedestrian
285 7.1373 -0.5585 car
286 4.2378 -0.4363 pedestrian
286 7.1373 -0.5585 car
287 4.2378 -0.4363 pedestrian
287 7.1373 -0.5585 car
288 4.2378 -0.4363 pedestrian
288 7.1373 -0.5585 car
289 4.2378 -0.4363 pedestrian
289 7.1373 -0.5585 car
290 4.2378 -0.4363 pedestrian
290 7.1373 -0.5585 car
291 4.2378 -0.4363 pedestrian
291 7.1373 -0.5585 car
292 4.4608 -0.4538 pedestrian
292 7.1373 -0.5585 car
293 4.4608 -0.4538 pedestrian
293 7.1373 -0.5585 car
294 4.4608 -0.4538 pedestrian
294 7.1373 -0.5585 car
295 4.4608 -0.4538 pedestrian
295 7.1373 -0.5585 car
296 4.4608 -0.4538 pedestrian
296 7.3604 -0.6283 car
297 4.4608 -0.4538 pedestrian
297 7.3604 -0.6283 car
298 4.4608 -0.4538 pedestrian
298 7.3604 -0.6283 car
299 4.4608 -0.4538 pedestrian
299 7.3604 -0.6283 car
300 4.4608 -0.4538 pedestrian
300 7.3604 -0.6283 car
301 4.4608 -0.4538 pedestrian
301 7.3604 -0.6283 car
302 4.6839 -0.4189 pedestrian
302 7.3604 -0.6283 car
303 4.6839 -0.4189 pedestrian
303 7.5834 -0.6981 car
304 4.6839 -0.4189 pedestrian
304 7.5834 -0.6981 car
305 4.6839 -0.4189 pedestrian
305 7.5834 -0.6981 car
306 4.6839 -0.4189 pedestrian
306 7.5834 -0.6981 car
307 4.6839 -0.4189 pedestrian
307 7.5834 -0.6981 car
308 4.6839 -0.4189 pedestrian
308 7.5834 -0.6981 car
309 4.6839 -0.4189 pedestrian
309 7.5834 -0.6981 car
310 4.6839 -0.4189 pedestrian
310 7.5834 -0.6981 car
311 4.6839 -0.3840 pedestrian
311 7.8065 -0.7330 car
312 4.6839 -0.3840 pedestrian
312 7.8065 -0.7330 car
313 4.6839 -0.3840 pedestrian
313 7.8065 -0.7330 car
314 4.6839 -0.3840 pedestrian
314 7.8065 -0.7330 car
315 4.6839 -0.3840 pedestrian
315 7.8065 -0.7330 car
316 4.6839 -0.3840 pedestrian
316 7.8065 -0.7330 car
317 4.6839 -0.3840 pedestrian
317 7.8065 -0.7330 car
318 4.6839 -0.3840 pedestrian
318 7.8065 -0.7330 car
319 4.6839 -0.3491 pedestrian
319 7.8065 -0.7330 car
320 4.6839 -0.3491 pedestrian
320 7.8065 -0.7330 car
321 4.6839 -0.3491 pedestrian
321 7.8065 -0.7330 car
322 4.9069 -0.3316 pedestrian
322 7.8065 -0.7330 car
323 4.9069 -0.3316 pedestrian
323 7.8065 -0.7330 car
324 4.9069 -0.3316 pedestrian
324 7.8065 -0.7330 car
325 4.9069 -0.3142 pedestrian
325 8.0295 -0.7505 car
326 4.9069 -0.3142 pedestrian
326 8.0295 -0.7505 car
327 4.9069 -0.3142 pedestrian
327 8.0295 -0.7505 car
328 4.9069 -0.3142 pedestrian
328 8.0295 -0.7505 car
329 5.1300 -0.2793 pedestrian
329 8.2525 -0.7679 car
330 5.1300 -0.2793 pedestrian
330 8.2525 -0.7679 car
331 5.1300 -0.2793 pedestrian
331 8.2525 -0.7679 car
332 5.1300 -0.2793 pedestrian
332 8.2525 -0.7679 car
333 5.1300 -0.2793 pedestrian
333 8.2525 -0.7679 car
334 5.1300 -0.2793 pedestrian
334 8.2525 -0.7679 car
335 5.1300 -0.2793 pedestrian
335 8.2525 -0.7679 car
336 5.1300 -0.2793 pedestrian
336 8.2525 -0.7679 car
337 5.1300 -0.2443 pedestrian
337 8.4756 -0.7679 car
338 5.1300 -0.2443 pedestrian
338 8.4756 -0.7679 car
339 5.1300 -0.2443 pedestrian
339 8.4756 -0.7679 car
340 5.3530 -0.2094 pedestrian
340 8.2525 -0.8029 car
341 5.3530 -0.2094 pedestrian
341 8.2525 -0.8029 car
342 5.3530 -0.2094 pedestrian
342 8.2525 -0.8029 car
343 5.3530 -0.1745 pedestrian
343 8.6986 -0.8203 car
344 5.3530 -0.1745 pedestrian
344 8.6986 -0.8203 car
345 5.3530 -0.1745 pedestrian
346 5.3530 -0.1745 pedestrian
347 5.3530 -0.1745 pedestrian
348 5.3530 -0.1745 pedestrian
349 5.3530 -0.1745 pedestrian
350 5.5760 -0.1396 pedestrian
351 5.5760 -0.1396 pedestrian
352 5.5760 -0.1396 pedestrian
353 5.5760 -0.1396 pedestrian
354 5.5760 -0.1396 pedestrian
355 5.5760 -0.1396 pedestrian
356 5.5760 -0.1396 pedestrian
357 5.5760 -0.1396 pedestrian
358 5.5760 -0.1047 pedestrian
359 5.5760 -0.1047 pedestrian
360 5.5760 -0.1047 pedestrian
361 5.5760 -0.1047 pedestrian
362 5.5760 -0.1047 pedestrian
363 5.5760 -0.1047 pedestrian
364 5.5760 -0.1047 pedestrian
365 5.5760 -0.0698 pedestrian
366 5.5760 -0.0698 pedestrian
367 5.5760 -0.0698 pedestrian
368 5.7991 -0.0698 pedestrian
369 5.7991 -0.0698 pedestrian
370 5.7991 -0.0698 pedestrian
371 5.7991 -0.0698 pedestrian
372 5.7991 -0.0698 pedestrian
373 5.7991 -0.0698 pedestrian
374 5.7991 -0.0698 pedestrian
375 6.0221 -0.0175 pedestrian
376 6.0221 -0.0175 pedestrian
377 6.0221 -0.0175 pedestrian
378 6.0221 -0.0175 pedestrian
379 6.0221 -0.0175 pedestrian
380 6.0221 -0.0175 pedestrian
381 6.0221 -0.0175 pedestrian
382 6.0221 -0.0175 pedestrian
383 6.0221 0.0000 pedestrian
384 6.0221 0.0000 pedestrian
385 6.0221 0.0000 pedestrian
386 6.0221 0.0000 pedestrian
387 6.0221 0.0000 pedestrian
388 6.2452 0.0000 pedestrian
389 6.2452 0.0000 pedestrian
390 6.2452 0.0000 pedestrian
391 6.2452 0.0000 pedestrian
392 6.2452 0.0000 pedestrian
393 6.4682 0.0349 pedestrian
394 6.4682 0.0349 pedestrian
395 6.4682 0.0349 pedestrian
396 6.4682 0.0349 pedestrian
397 6.4682 0.0349 pedestrian
398 6.4682 0.0349 pedestrian
399 6.4682 0.0349 pedestrian
400 6.4682 0.0349 pedestrian
401 6.4682 0.0349 pedestrian
402 6.6913 0.0524 pedestrian
403 6.6913 0.0524 pedestrian
404 6.6913 0.0524 pedestrian
405 6.6913 0.0524 pedestrian
406 6.6913 0.0524 pedestrian
407 6.6913 0.0524 pedestrian
408 6.6913 0.0524 pedestrian
409 6.6913 0.0524 pedestrian
410 6.6913 0.0524 pedestrian
411 6.9143 0.0524 pedestrian
412 6.9143 0.0524 pedestrian
413 6.9143 0.0524 pedestrian
414 6.9143 0.0524 pedestrian
415 6.9143 0.0524 pedestrian
416 6.9143 0.0524 pedestrian
417 6.9143 0.0524 pedestrian
418 6.9143 0.1047 pedestrian
419 6.9143 0.1047 pedestrian
420 6.9143 0.1047 pedestrian
421 6.9143 0.1047 pedestrian
422 6.9143 0.1047 pedestrian
423 6.9143 0.1047 pedestrian
424 6.9143 0.1571 pedestrian
425 6.9143 0.1571 pedestrian
426 6.9143 0.1571 pedestrian
427 6.9143 0.1571 pedestrian
428 6.9143 0.1571 pedestrian
429 6.9143 0.1571 pedestrian
430 6.9143 0.1571 pedestrian
431 6.9143 0.1571 pedestrian
432 7.1373 0.1571 pedestrian
433 7.1373 0.1571 pedestrian
434 7.1373 0.1571 pedestrian
435 7.1373 0.1571 pedestrian
436 7.1373 0.1571 pedestrian
437 7.1373 0.1571 pedestrian
438 7.1373 0.1571 pedestrian
439 7.1373 0.1571 pedestrian
440 7.1373 0.1920 pedestrian
441 7.1373 0.1920 pedestrian
442 7.1373 0.1920 pedestrian
443 7.5834 0.1920 pedestrian
444 7.5834 0.1920 pedestrian
445 7.5834 0.1920 pedestrian
446 7.5834 0.1920 pedestrian
447 7.5834 0.1920 pedestrian
448 7.5834 0.1920 pedestrian
449 7.5834 0.1920 pedestrian
450 7.5834 0.1920 pedestrian
451 7.5834 0.1920 pedestrian
452 7.5834 0.1920 pedestrian
453 7.5834 0.1920 pedestrian
454 7.8065 0.2094 pedestrian
455 7.8065 0.2094 pedestrian
456 7.8065 0.2094 pedestrian
457 7.8065 0.2094 pedestrian
458 7.8065 0.2094 pedestrian
459 7.8065 0.2094 pedestrian
460 7.8065 0.2094 pedestrian
461 7.8065 0.2094 pedestrian
462 8.0295 0.2269 pedestrian
463 8.0295 0.2269 pedestrian
464 8.0295 0.2269 pedestrian
465 8.0295 0.2269 pedestrian
466 8.0295 0.2269 pedestrian
467 8.0295 0.2269 pedestrian
468 8.0295 0.2618 pedestrian
469 8.0295 0.2618 pedestrian
470 8.0295 0.2618 pedestrian
471 8.0295 0.2618 pedestrian
472 8.0295 0.2618 pedestrian
473 8.0295 0.2618 pedestrian
474 8.0295 0.2618 pedestrian
475 8.0295 0.2618 pedestrian
476 8.0295 0.2618 pedestrian
477 8.0295 0.2618 pedestrian
478 8.2525 0.2793 pedestrian
479 8.2525 0.2793 pedestrian
480 8.2525 0.2793 pedestrian
481 8.2525 0.2793 pedestrian
482 8.2525 0.2793 pedestrian
483 8.4756 0.2793 pedestrian
484 8.4756 0.2793 pedestrian
485 8.4756 0.2793 pedestrian
486 8.4756 0.2793 pedestrian
487 8.4756 0.2793 pedestrian
488 8.4756 0.2793 pedestrian
489 8.4756 0.2793 pedestrian
490 8.4756 0.2793 pedestrian
491 8.4756 0.2793 pedestrian
492 8.4756 0.2793 pedestrian
493 8.4756 0.2793 pedestrian
494 8.4756 0.2793 pedestrian
495 8.6986 0.2793 pedestrian
496 8.6986 0.2793 pedestrian
497 8.6986 0.2793 pedestrian
498 8.6986 0.2793 pedestrian
499 8.6986 0.2793 pedestrian
500 8.6986 0.2793 pedestrian
501 8.6986 0.2793 pedestrian
502 8.6986 0.2793 pedestrian
503 8.6986 0.2793 pedestrian
504 8.6986 0.2793 pedestrian
505 8.6986 0.2793 pedestrian
506 8.6986 0.2793 pedestrian
507 8.6986 0.2793 pedestrian
508 8.6986 0.2793 pedestrian
509 8.6986 0.2793 pedestrian
510 8.6986 0.2793 pedestrian
511 8.6986 0.2793 pedestrian
512 8.6986 0.3142 pedestrian
513 8.6986 0.3142 pedestrian
514 8.6986 0.3142 pedestrian
515 8.6986 0.3142 pedestrian
516 8.6986 0.3142 pedestrian
517 8.6986 0.3142 pedestrian
518 8.6986 0.3142 pedestrian
519 8.6986 0.3142 pedestrian
520 8.6986 0.3142 pedestrian
521 8.6986 0.3142 pedestrian
522 8.6986 0.3142 pedestrian
523 8.6986 0.3142 pedestrian
524 8.6986 0.3142 pedestrian
525 8.6986 0.3142 pedestrian
526 8.6986 0.3142 pedestrian
527 8.6986 0.3142 pedestrian
528 8.6986 0.3142 pedestrian
529 8.6986 0.3142 pedestrian
530 8.6986 0.3142 pedestrian
531 8.6986 0.3142 pedestrian
532 8.6986 0.3142 pedestrian
533 8.6986 0.3142 pedestrian
534 8.6986 0.3142 pedestrian
535 8.6986 0.3142 pedestrian
536 8.6986 0.3142 pedestrian
537 8.6986 0.3142 pedestrian
538 8.6986 0.3142 pedestrian
539 8.6986 0.3142 pedestrian
540 8.6986 0.3142 pedestrian
541 8.6986 0.3142 pedestrian
542 8.6986 0.3142 pedestrian
543 8.6986 0.3142 pedestrian
544 8.6986 0.3142 pedestrian
545 8.6986 0.3142 pedestrian
546 8.6986 0.3142 pedestrian
547 8.6986 0.3142 pedestrian
548 8.6986 0.3142 pedestrian
549 8.6986 0.3142 pedestrian
550 8.6986 0.3142 pedestrian
551 8.6986 0.3142 pedestrian
552 8.6986 0.3142 pedestrian
553 8.6986 0.3142 pedestrian
554 8.6986 0.3142 pedestrian
555 8.6986 0.2793 pedestrian
556 8.6986 0.2793 pedestrian
557 8.6986 0.2793 pedestrian
558 8.6986 0.2793 pedestrian
559 8.6986 0.2793 pedestrian
560 8.6986 0.2793 pedestrian
561 8.6986 0.2793 pedestrian
562 8.6986 0.2793 pedestrian
563 8.6986 0.2793 pedestrian
564 8.6986 0.2793 pedestrian
565 8.6986 0.2793 pedestrian
566 8.6986 0.2793 pedestrian
567 8.6986 0.2793 pedestrian
568 8.6986 0.2793 pedestrian
569 8.6986 0.2793 pedestrian
570 8.6986 0.2793 pedestrian
571 8.6986 0.2793 pedestrian
572 8.6986 0.2793 pedestrian
573 8.6986 0.2793 pedestrian
574 8.6986 0.2793 pedestrian
575 8.6986 0.2793 pedestrian
576 8.6986 0.2793 pedestrian
577 8.6986 0.2793 pedestrian
578 8.6986 0.2793 pedestrian
579 8.6986 0.2793 pedestrian
580 8.6986 0.2793 pedestrian
581 8.6986 0.2793 pedestrian
582 8.6986 0.2793 pedestrian
583 8.6986 0.2793 pedestrian
584 8.6986 0.2793 pedestrian
585 8.6986 0.2793 pedestrian
586 8.6986 0.2793 pedestrian
587 8.6986 0.2793 pedestrian
588 8.4756 0.2793 pedestrian
589 8.4756 0.2793 pedestrian
590 8.4756 0.2793 pedestrian
591 8.4756 0.2793 pedestrian
592 8.4756 0.2793 pedestrian
593 8.4756 0.2793 pedestrian
594 8.4756 0.2793 pedestrian
595 8.4756 0.2793 pedestrian
596 8.4756 0.2793 pedestrian
597 8.4756 0.2793 pedestrian
598 8.4756 0.2793 pedestrian
599 8.4756 0.2793 pedestrian
600 8.4756 0.2793 pedestrian
601 8.4756 0.2793 pedestrian
602 8.2525 0.2793 pedestrian
603 8.2525 0.2793 pedestrian
604 8.2525 0.2793 pedestrian
605 8.2525 0.2793 pedestrian
606 8.2525 0.2793 pedestrian
607 8.2525 0.2793 pedestrian
608 8.2525 0.2793 pedestrian
609 8.2525 0.2793 pedestrian
610 8.0295 0.2618 pedestrian
611 8.0295 0.2618 pedestrian
612 8.0295 0.2618 pedestrian
613 8.0295 0.2618 pedestrian
614 8.0295 0.2618 pedestrian
615 8.0295 0.2618 pedestrian
616 8.0295 0.2618 pedestrian
617 8.0295 0.2618 pedestrian
618 8.0295 0.2618 pedestrian
619 8.0295 0.2618 pedestrian
620 8.0295 0.2618 pedestrian
621 8.0295 0.2618 pedestrian
622 8.0295 0.2618 pedestrian
623 8.0295 0.2618 pedestrian
624 7.8065 0.2269 pedestrian
625 7.8065 0.2269 pedestrian
626 7.8065 0.2269 pedestrian
627 7.8065 0.2269 pedestrian
628 7.8065 0.2269 pedestrian
629 7.8065 0.2269 pedestrian
630 7.8065 0.2269 pedestrian
631 7.8065 0.2269 pedestrian
632 7.8065 0.2269 pedestrian
633 7.5834 0.2094 pedestrian
634 7.5834 0.2094 pedestrian
635 7.5834 0.2094 pedestrian
636 7.5834 0.2094 pedestrian
637 7.5834 0.2094 pedestrian
638 7.5834 0.2094 pedestrian
639 7.5834 0.2094 pedestrian
640 7.5834 0.2094 pedestrian
641 7.5834 0.2094 pedestrian
642 7.5834 0.2094 pedestrian
643 7.5834 0.2094 pedestrian
644 7.5834 0.2094 pedestrian
645 7.5834 0.2094 pedestrian
646 7.3604 0.1920 pedestrian
647 7.3604 0.1920 pedestrian
648 7.3604 0.1920 pedestrian
649 7.3604 0.1920 pedestrian
650 7.3604 0.1920 pedestrian
651 7.3604 0.1920 pedestrian
652 7.3604 0.1920 pedestrian
653 7.3604 0.1920 pedestrian
654 7.3604 0.1745 pedestrian
655 7.3604 0.1745 pedestrian
656 7.3604 0.1745 pedestrian
657 7.3604 0.1745 pedestrian
658 7.3604 0.1745 pedestrian
659 7.3604 0.1745 pedestrian
660 7.3604 0.1745 pedestrian
661 7.3604 0.1745 pedestrian
662 7.3604 0.1745 pedestrian
663 7.3604 0.1745 pedestrian
664 7.3604 0.1571 pedestrian
665 7.3604 0.1571 pedestrian
666 7.3604 0.1571 pedestrian
667 7.3604 0.1571 pedestrian
668 7.3604 0.1571 pedestrian
669 7.3604 0.1571 pedestrian
670 7.3604 0.1571 pedestrian
671 7.3604 0.1571 pedestrian
672 7.3604 0.1571 pedestrian
673 7.3604 0.1571 pedestrian
674 7.3604 0.1571 pedestrian
675 7.3604 0.1571 pedestrian
676 7.3604 0.1571 pedestrian
677 7.3604 0.1571 pedestrian
678 7.3604 0.1571 pedestrian
679 7.3604 0.1571 pedestrian
680 7.3604 0.1571 pedestrian
681 7.3604 0.1571 pedestrian
682 7.3604 0.1571 pedestrian
683 7.3604 0.1571 pedestrian
684 7.3604 0.1571 pedestrian
685 7.3604 0.1571 pedestrian
686 7.3604 0.1571 pedestrian
687 7.3604 0.1571 pedestrian
688 7.3604 0.1571 pedestrian
689 7.3604 0.1571 pedestrian
690 7.3604 0.1571 pedestrian
691 7.5834 0.1396 pedestrian
692 7.5834 0.1396 pedestrian
693 7.5834 0.1396 pedestrian
694 7.5834 0.1396 pedestrian
695 7.5834 0.1396 pedestrian
696 7.5834 0.1396 pedestrian
697 7.5834 0.1396 pedestrian
698 7.5834 0.1396 pedestrian
699 7.5834 0.1396 pedestrian
700 7.5834 0.1047 pedestrian
701 7.5834 0.1047 pedestrian
702 7.5834 0.1047 pedestrian
703 7.5834 0.1047 pedestrian
704 7.5834 0.1047 pedestrian
705 7.5834 0.1047 pedestrian
706 7.5834 0.1047 pedestrian
707 7.5834 0.1047 pedestrian
708 7.5834 0.1047 pedestrian
709 7.5834 0.1047 pedestrian
710 7.8065 0.0698 pedestrian
711 7.8065 0.0698 pedestrian
712 7.8065 0.0698 pedestrian
713 7.8065 0.0524 pedestrian
714 7.8065 0.0524 pedestrian
715 7.8065 0.0524 pedestrian
716 7.8065 0.0524 pedestrian
717 7.8065 0.0524 pedestrian
718 7.8065 0.0524 pedestrian
719 7.8065 0.0524 pedestrian
720 7.8065 0.0349 pedestrian
721 7.8065 0.0349 pedestrian
722 7.8065 0.0349 pedestrian
723 7.8065 0.0349 pedestrian
724 7.8065 0.0349 pedestrian
725 7.8065 -0.0175 pedestrian
726 7.8065 -0.0175 pedestrian
727 7.8065 -0.0175 pedestrian
728 7.8065 -0.0175 pedestrian
729 7.8065 -0.0175 pedestrian
730 7.8065 -0.0175 pedestrian
731 7.8065 -0.0175 pedestrian
732 7.8065 -0.0175 pedestrian
733 7.8065 -0.0175 pedestrian
734 7.8065 -0.0175 pedestrian
735 7.8065 -0.0175 pedestrian
736 7.8065 -0.0175 pedestrian
737 7.8065 -0.0175 pedestrian
738 7.8065 -0.0175 pedestrian
739 7.8065 -0.0175 pedestrian
740 7.8065 -0.0175 pedestrian
741 7.8065 -0.0175 pedestrian
742 8.0295 -0.0349 pedestrian
743 8.0295 -0.0349 pedestrian
744 8.0295 -0.0349 pedestrian
745 8.0295 -0.0349 pedestrian
746 8.0295 -0.0349 pedestrian
747 8.0295 -0.0349 pedestrian
748 8.0295 -0.0349 pedestrian
749 8.0295 -0.0349 pedestrian
750 8.0295 -0.0349 pedestrian
751 8.0295 -0.0349 pedestrian
752 8.0295 -0.0349 pedestrian
753 8.0295 -0.0698 pedestrian
754 8.0295 -0.0698 pedestrian
755 8.0295 -0.0698 pedestrian
756 8.0295 -0.0698 pedestrian
757 8.0295 -0.0698 pedestrian
758 8.0295 -0.0698 pedestrian
759 8.0295 -0.0698 pedestrian
760 8.0295 -0.0698 pedestrian
761 8.0295 -0.0698 pedestrian
762 8.0295 -0.0698 pedestrian
763 8.0295 -0.0698 pedestrian
764 8.0295 -0.0698 pedestrian
765 8.0295 -0.0698 pedestrian
766 7.8065 -0.1396 pedestrian
767 7.8065 -0.1396 pedestrian
768 7.8065 -0.1396 pedestrian
769 7.8065 -0.1396 pedestrian
770 7.8065 -0.1396 pedestrian
771 7.8065 -0.1396 pedestrian
772 7.8065 -0.1396 pedestrian
773 7.8065 -0.1396 pedestrian
774 7.8065 -0.1396 pedestrian
775 7.8065 -0.1396 pedestrian
776 7.8065 -0.1396 pedestrian
777 7.8065 -0.1396 pedestrian
778 7.8065 -0.1396 pedestrian
779 7.5834 -0.1920 pedestrian
780 7.5834 -0.1920 pedestrian
781 7.5834 -0.1920 pedestrian
782 7.5834 -0.1920 pedestrian
783 7.5834 -0.1920 pedestrian
784 7.5834 -0.1920 pedestrian
785 7.5834 -0.1920 pedestrian
786 7.5834 -0.1920 pedestrian
787 7.5834 -0.1920 pedestrian
788 7.5834 -0.1920 pedestrian
789 7.5834 -0.1920 pedestrian
790 7.5834 -0.1920 pedestrian
791 7.5834 -0.1920 pedestrian
792 7.5834 -0.1920 pedestrian
793 7.5834 -0.1920 pedestrian
794 7.5834 -0.1920 pedestrian
795 7.5834 -0.1920 pedestrian
796 7.3604 -0.2094 pedestrian
797 7.3604 -0.2269 pedestrian
798 7.3604 -0.2269 pedestrian
799 7.3604 -0.2269 pedestrian
800 7.3604 -0.2269 pedestrian
801 7.3604 -0.2269 pedestrian
802 7.3604 -0.2269 pedestrian
803 7.3604 -0.2269 pedestrian
804 7.3604 -0.2269 pedestrian
805 7.3604 -0.2269 pedestrian
806 6.9143 -0.2269 pedestrian
807 6.9143 -0.2269 pedestrian
808 6.9143 -0.2269 pedestrian
809 6.9143 -0.2269 pedestrian
810 6.9143 -0.2269 pedestrian
811 6.9143 -0.2269 pedestrian
812 6.9143 -0.2269 pedestrian
813 6.9143 -0.2269 pedestrian
814 6.9143 -0.2269 pedestrian
815 6.6913 -0.2443 pedestrian
816 6.6913 -0.2443 pedestrian
817 6.6913 -0.2443 pedestrian
818 6.6913 -0.2443 pedestrian
819 6.4682 -0.2618 pedestrian
820 6.4682 -0.2618 pedestrian
821 6.4682 -0.2618 pedestrian
822 6.4682 -0.2618 pedestrian
823 6.4682 -0.2618 pedestrian
824 6.4682 -0.2618 pedestrian
825 6.4682 -0.2618 pedestrian
826 6.4682 -0.2618 pedestrian
827 6.0221 -0.2618 pedestrian
828 6.0221 -0.2618 pedestrian
829 6.0221 -0.2618 pedestrian
830 6.0221 -0.2618 pedestrian
831 6.0221 -0.2618 pedestrian
832 6.0221 -0.2618 pedestrian
833 6.0221 -0.2618 pedestrian
834 6.0221 -0.2618 pedestrian
835 6.0221 -0.2618 pedestrian
836 6.0221 -0.2618 pedestrian
837 6.0221 -0.2618 pedestrian
838 5.7991 -0.2618 pedestrian
839 5.7991 -0.2618 pedestrian
840 5.7991 -0.2269 pedestrian
841 5.7991 -0.2269 pedestrian
842 5.7991 -0.2269 pedestrian
843 5.7991 -0.2269 pedestrian
844 5.5760 -0.2269 pedestrian
845 5.5760 -0.2269 pedestrian
846 5.5760 -0.2269 pedestrian
847 5.5760 -0.2269 pedestrian
848 5.5760 -0.2269 pedestrian
849 5.5760 -0.2269 pedestrian
850 5.3530 -0.2094 pedestrian
851 5.3530 -0.2094 pedestrian
852 5.3530 -0.2094 pedestrian
853 5.3530 -0.2094 pedestrian
854 5.1300 -0.2094 pedestrian
855 5.1300 -0.2094 pedestrian
856 5.1300 -0.2094 pedestrian
857 5.1300 -0.2094 pedestrian
858 5.1300 -0.2094 pedestrian
859 5.1300 -0.2094 pedestrian
860 5.1300 -0.2094 pedestrian
861 4.9069 -0.1920 pedestrian
862 4.9069 -0.1920 pedestrian
863 4.9069 -0.1920 pedestrian
864 4.9069 -0.1920 pedestrian
865 4.9069 -0.1920 pedestrian
866 4.9069 -0.1920 pedestrian
867 4.6839 -0.1920 pedestrian
868 4.6839 -0.1920 pedestrian
869 4.6839 -0.1920 pedestrian
870 4.6839 -0.1920 pedestrian
871 4.6839 -0.1920 pedestrian
872 4.4608 -0.1745 pedestrian
873 4.4608 -0.1745 pedestrian
874 4.4608 -0.1745 pedestrian
875 4.4608 -0.1745 pedestrian
876 4.2378 -0.1396 pedestrian
877 4.2378 -0.1396 pedestrian
878 4.2378 -0.1396 pedestrian
879 4.2378 -0.1396 pedestrian
880 4.2378 -0.1396 pedestrian
881 4.2378 -0.1396 pedestrian
882 4.2378 -0.1396 pedestrian
883 4.0148 -0.1047 pedestrian
884 4.0148 -0.1047 pedestrian
885 4.0148 -0.1047 pedestrian
886 4.0148 -0.1396 pedestrian
887 4.0148 -0.1396 pedestrian
888 4.0148 -0.1396 pedestrian
889 3.7917 -0.1047 pedestrian
890 3.7917 -0.1047 pedestrian
891 3.7917 -0.1047 pedestrian
892 3.7917 -0.1047 pedestrian
893 3.7917 -0.1047 pedestrian
894 3.5687 -0.0698 pedestrian
895 3.5687 -0.0698 pedestrian
896 3.5687 -0.0698 pedestrian
897 3.5687 -0.0698 pedestrian
898 3.5687 -0.0698 pedestrian
899 3.5687 -0.0698 pedestrian
