0 17.8433 0.1047 cyclist
1 17.8433 0.1047 cyclist
2 17.8433 0.1047 cyclist
3 17.8433 0.1047 cyclist
4 17.8433 0.1047 cyclist
5 17.8433 0.1047 cyclist
6 17.8433 0.1047 cyclist
7 18.0664 0.1222 cyclist
8 18.0664 0.1222 cyclist
9 18.0664 0.1222 cyclist
10 18.0664 0.1222 cyclist
11 18.0664 0.1396 cyclist
12 18.0664 0.1396 cyclist
13 18.0664 0.1396 cyclist
14 18.2894 0.1571 cyclist
15 18.2894 0.1571 cyclist
16 18.2894 0.1571 cyclist
17 18.2894 0.1571 cyclist
18 18.2894 0.1571 cyclist
19 18.2894 0.1571 cyclist
20 18.2894 0.1571 cyclist
21 18.2894 0.1571 cyclist
22 18.5125 0.1745 cyclist
23 18.5125 0.1745 cyclist
24 18.5125 0.1745 cyclist
25 18.5125 0.1745 cyclist
26 18.5125 0.1745 cyclist
27 18.5125 0.1745 cyclist
28 18.7355 0.1920 cyclist
29 18.7355 0.1920 cyclist
30 18.5125 0.1920 cyclist
31 18.5125 0.1920 cyclist
32 18.5125 0.1920 cyclist
33 18.7355 0.1920 cyclist
34 18.7355 0.1920 cyclist
35 18.7355 0.1920 cyclist
36 18.7355 0.1920 cyclist
37 18.7355 0.1920 cyclist
38 18.7355 0.1920 cyclist
39 18.9586 0.1920 cyclist
40 18.9586 0.1920 cyclist
41 19.1816 0.2094 cyclist
42 19.1816 0.2094 cyclist
43 19.1816 0.2094 cyclist
44 19.1816 0.2094 cyclist
45 19.4046 0.2269 cyclist
46 19.4046 0.2269 cyclist
47 19.4046 0.2269 cyclist
48 19.4046 0.2269 cyclist
49 19.4046 0.2269 cyclist
50 19.4046 0.2269 cyclist
51 19.6277 0.2269 cyclist
52 19.6277 0.2269 cyclist
53 19.8507 0.2269 cyclist
54 19.8507 0.2269 cyclist
55 19.8507 0.2269 cyclist
56 19.8507 0.2269 cyclist
57 19.8507 0.2269 cyclist
58 19.8507 0.2269 cyclist
59 19.8507 0.2269 cyclist
60 20.0738 0.2269 cyclist
61 20.0738 0.2269 cyclist
62 20.0738 0.2269 cyclist
63 20.0738 0.2269 cyclist
64 20.2968 0.2269 cyclist
65 20.2968 0.2269 cyclist
66 20.2968 0.2269 cyclist
67 20.2968 0.2269 cyclist
68 20.2968 0.2269 cyclist
69 20.5198 0.2269 cyclist
70 20.5198 0.2269 cyclist
71 20.7429 0.2269 cyclist
72 20.9659 0.2269 cyclist
73 20.9659 0.2094 cyclist
74 20.9659 0.2094 cyclist
75 20.9659 0.2094 cyclist
76 20.9659 0.2094 cyclist
77 20.9659 0.2094 cyclist
78 21.1890 0.2094 cyclist
79 21.4120 0.1920 cyclist
80 21.1890 0.1920 cyclist
81 21.1890 0.1920 cyclist
82 21.1890 0.1920 cyclist
83 21.6351 0.1745 cyclist
84 21.6351 0.1745 cyclist
85 21.4120 0.1920 cyclist
86 21.4120 0.1920 cyclist
87 21.4120 0.1920 cyclist
88 21.6351 0.1745 cyclist
89 21.6351 0.1745 cyclist
90 21.6351 0.1745 cyclist
91 21.6351 0.1571 cyclist
92 21.6351 0.1571 cyclist
93 21.6351 0.1571 cyclist
94 21.8581 0.1571 cyclist
95 21.8581 0.1571 cyclist
96 21.8581 0.1571 cyclist
97 21.8581 0.1571 cyclist
98 21.8581 0.1571 cyclist
99 21.8581 0.1571 cyclist
100 21.8581 0.1571 cyclist
101 21.8581 0.1396 cyclist
102 21.8581 0.1396 cyclist
103 21.8581 0.1396 cyclist
104 21.8581 0.1396 cyclist
105 21.8581 0.1396 cyclist
106 21.8581 0.1396 cyclist
107 21.8581 0.1396 cyclist
108 21.8581 0.1396 cyclist
109 21.8581 0.1396 cyclist
110 21.8581 0.1396 cyclist
111 21.6351 0.1222 cyclist
112 21.6351 0.1222 cyclist
113 21.6351 0.1222 cyclist
114 21.6351 0.1047 cyclist
115 21.6351 0.1047 cyclist
116 21.6351 0.1047 cyclist
117 21.6351 0.1047 cyclist
118 21.6351 0.1047 cyclist
119 21.6351 0.1047 cyclist
120 21.6351 0.1047 cyclist
121 21.6351 0.1047 cyclist
122 21.6351 0.1047 cyclist
123 21.6351 0.1047 cyclist
124 21.8581 0.1047 cyclist
125 21.8581 0.1047 cyclist
126 21.8581 0.0698 cyclist
127 21.8581 0.0698 cyclist
128 21.8581 0.0698 cyclist
129 21.8581 0.0698 cyclist
130 21.8581 0.0698 cyclist
131 21.8581 0.0698 cyclist
132 21.8581 0.0698 cyclist
133 21.8581 0.0698 cyclist
134 21.6351 0.0524 cyclist
135 21.6351 0.0524 cyclist
136 21.6351 0.0524 cyclist
137 21.6351 0.0524 cyclist
138 21.6351 0.0524 cyclist
139 21.6351 0.0349 cyclist
140 21.6351 0.0524 cyclist
141 21.6351 0.0349 cyclist
142 21.6351 0.0349 cyclist
143 21.6351 0.0349 cyclist
144 21.6351 0.0349 cyclist
145 21.6351 0.0349 cyclist
146 21.6351 0.0349 cyclist
147 21.6351 0.0349 cyclist
148 21.6351 0.0349 cyclist
149 21.6351 0.0349 cyclist
150 21.6351 0.0349 cyclist
151 21.6351 0.0349 cyclist
152 21.6351 0.0349 cyclist
153 21.6351 0.0349 cyclist
154 21.6351 0.0349 cyclist
155 21.6351 0.0349 cyclist
156 21.6351 0.0349 cyclist
157 21.6351 0.0175 cyclist
158 21.6351 0.0175 cyclist
159 21.6351 0.0175 cyclist
160 21.6351 0.0175 cyclist
161 21.6351 0.0175 cyclist
162 21.6351 0.0175 cyclist
163 21.6351 0.0175 cyclist
164 21.6351 0.0175 cyclist
165 21.8581 0.0000 cyclist
166 21.8581 0.0000 cyclist
167 21.8581 0.0000 cyclist
168 21.8581 -0.0349 cyclist
169 21.8581 -0.0349 cyclist
170 21.8581 -0.0349 cyclist
171 21.8581 -0.0349 cyclist
172 21.8581 -0.0349 cyclist
173 21.8581 -0.0349 cyclist
174 21.8581 -0.0349 cyclist
175 21.8581 -0.0698 cyclist
176 21.8581 -0.0698 cyclist
177 21.8581 -0.0698 cyclist
178 21.8581 -0.0349 cyclist
179 21.8581 -0.0349 cyclist
180 21.8581 -0.0349 cyclist
181 21.8581 -0.0524 cyclist
182 21.8581 -0.0524 cyclist
183 21.8581 -0.0524 cyclist
184 21.8581 -0.0524 cyclist
185 21.8581 -0.0524 cyclist
186 21.8581 -0.0524 cyclist
187 21.8581 -0.0698 cyclist
188 22.0811 -0.0873 cyclist
189 22.0811 -0.0873 cyclist
190 22.0811 -0.0873 cyclist
191 22.0811 -0.0873 cyclist
192 22.0811 -0.0873 cyclist
193 22.0811 -0.0873 cyclist
194 22.0811 -0.0873 cyclist
195 22.0811 -0.0873 cyclist
196 21.8581 -0.0873 cyclist
197 22.0811 -0.0873 cyclist
198 22.0811 -0.0873 cyclist
199 22.0811 -0.0873 cyclist
200 22.0811 -0.0873 cyclist
201 21.8581 -0.0873 cyclist
202 21.8581 -0.1047 cyclist
203 21.8581 -0.1047 cyclist
204 21.8581 -0.1047 cyclist
205 21.8581 -0.1047 cyclist
206 21.6351 -0.1222 cyclist
207 21.6351 -0.1222 cyclist
208 21.6351 -0.1222 cyclist
209 21.6351 -0.1222 cyclist
210 21.6351 -0.1222 cyclist
211 21.6351 -0.1396 cyclist
212 21.6351 -0.1396 cyclist
213 21.6351 -0.1396 cyclist
214 21.6351 -0.1396 cyclist
215 21.4120 -0.1396 cyclist
216 21.4120 -0.1396 cyclist
217 21.4120 -0.1396 cyclist
218 21.4120 -0.1396 cyclist
219 21.4120 -0.1571 cyclist
220 21.4120 -0.1571 cyclist
221 21.4120 -0.1571 cyclist
222 21.4120 -0.1571 cyclist
223 21.4120 -0.1571 cyclist
224 21.1890 -0.1571 cyclist
225 20.9659 -0.1571 cyclist
226 20.9659 -0.1571 cyclist
227 20.9659 -0.1571 cyclist
228 20.9659 -0.1571 cyclist
229 20.9659 -0.1571 cyclist
230 20.7429 -0.1571 cyclist
231 20.7429 -0.1571 cyclist
232 20.7429 -0.1571 cyclist
233 20.7429 -0.1571 cyclist
234 20.5198 -0.1745 cyclist
235 20.5198 -0.1745 cyclist
236 20.2968 -0.1745 cyclist
237 20.2968 -0.1745 cyclist
238 20.0738 -0.1745 cyclist
239 20.0738 -0.1745 cyclist
240 20.0738 -0.1745 cyclist
241 20.0738 -0.1745 cyclist
242 20.0738 -0.1745 cyclist
243 20.0738 -0.1745 cyclist
244 20.0738 -0.1745 cyclist
245 19.6277 -0.1745 cyclist
246 19.6277 -0.1745 cyclist
247 19.6277 -0.1745 cyclist
248 19.1816 -0.1920 cyclist
249 19.4046 -0.1745 cyclist
250 19.4046 -0.1745 cyclist
251 19.4046 -0.1745 cyclist
252 19.1816 -0.1745 cyclist
253 19.1816 -0.1745 cyclist
254 19.1816 -0.1745 cyclist
255 19.1816 -0.1745 cyclist
256 19.1816 -0.1745 cyclist
257 18.9586 -0.1571 cyclist
258 18.9586 -0.1571 cyclist
259 18.9586 -0.1571 cyclist
260 18.7355 -0.1571 cyclist
261 18.7355 -0.1571 cyclist
262 18.7355 -0.1571 cyclist
263 18.7355 -0.1571 cyclist
264 18.7355 -0.1571 cyclist
265 18.7355 -0.1571 cyclist
266 18.5125 -0.1396 cyclist
267 18.5125 -0.1396 cyclist
268 18.5125 -0.1396 cyclist
269 18.5125 -0.1396 cyclist
270 18.5125 -0.1396 cyclist
271 18.5125 -0.1396 cyclist
272 18.2894 -0.1396 cyclist
273 18.2894 -0.1396 cyclist
274 18.2894 -0.1396 cyclist
275 18.2894 -0.1396 cyclist
276 18.2894 -0.1396 cyclist
277 18.2894 -0.1396 cyclist
278 18.2894 -0.1396 cyclist
279 18.2894 -0.1396 cyclist
280 18.2894 -0.1396 cyclist
281 18.2894 -0.1396 cyclist
282 18.0664 -0.1222 cyclist
283 18.0664 -0.1222 cyclist
284 18.0664 -0.1222 cyclist
285 18.0664 -0.1222 cyclist
286 18.0664 -0.1222 cyclist
287 17.8433 -0.1047 cyclist
288 17.8433 -0.1047 cyclist
289 17.8433 -0.1047 cyclist
290 17.8433 -0.1047 cyclist
291 17.8433 -0.1047 cyclist
292 17.8433 -0.1047 cyclist
293 17.8433 -0.0873 cyclist
294 17.6203 -0.0698 cyclist
295 17.6203 -0.0698 cyclist
296 17.6203 -0.0698 cyclist
297 17.6203 -0.0524 cyclist
298 17.6203 -0.0524 cyclist
299 17.6203 -0.0524 cyclist
300 17.6203 -0.0349 cyclist
301 17.6203 -0.0349 cyclist
302 17.6203 -0.0349 cyclist
303 17.6203 -0.0349 cyclist
304 17.6203 -0.0349 cyclist
305 17.3973 -0.0349 cyclist
306 17.3973 -0.0349 cyclist
307 17.3973 -0.0349 cyclist
308 17.3973 -0.0349 cyclist
309 17.3973 -0.0349 cyclist
310 17.3973 -0.0349 cyclist
311 17.3973 -0.0349 cyclist
312 17.3973 -0.0349 cyclist
313 17.3973 -0.0349 cyclist
314 17.3973 -0.0175 cyclist
315 17.3973 -0.0175 cyclist
316 17.3973 -0.0175 cyclist
317 17.3973 -0.0175 cyclist
318 17.3973 -0.0175 cyclist
319 17.3973 -0.0175 cyclist
320 17.3973 -0.0175 cyclist
321 17.3973 -0.0175 cyclist
322 17.3973 0.0000 cyclist
323 17.3973 0.0000 cyclist
324 17.3973 0.0000 cyclist
325 17.3973 0.0000 cyclist
326 17.3973 0.0000 cyclist
327 17.3973 0.0000 cyclist
328 17.3973 0.0000 cyclist
329 17.3973 0.0349 cyclist
330 17.3973 0.0349 cyclist
331 17.3973 0.0349 cyclist
332 17.3973 0.0349 cyclist
333 17.3973 0.0349 cyclist
334 17.3973 0.0349 cyclist
335 17.3973 0.0349 cyclist
336 17.3973 0.0349 cyclist
337 17.3973 0.0349 cyclist
338 17.3973 0.0349 cyclist
339 17.3973 0.0524 cyclist
340 17.3973 0.0524 cyclist
341 17.3973 0.0524 cyclist
342 17.3973 0.0524 cyclist
343 17.3973 0.0524 cyclist
344 17.3973 0.0524 cyclist
345 17.3973 0.0524 cyclist
346 17.3973 0.0873 cyclist
347 17.1742 0.0698 cyclist
348 17.1742 0.0698 cyclist
349 17.3973 0.0873 cyclist
350 17.3973 0.1047 cyclist
351 17.3973 0.0873 cyclist
352 17.3973 0.0873 cyclist
353 17.3973 0.1222 cyclist
354 17.3973 0.1222 cyclist
355 17.3973 0.1222 cyclist
356 17.6203 0.1222 cyclist
357 17.6203 0.1222 cyclist
358 17.6203 0.1222 cyclist
359 17.8433 0.1571 cyclist
360 17.8433 0.1571 cyclist
361 17.8433 0.1571 cyclist
362 17.8433 0.1571 cyclist
363 17.8433 0.1571 cyclist
364 17.8433 0.1571 cyclist
365 17.8433 0.1571 cyclist
366 18.0664 0.1745 cyclist
367 18.0664 0.1745 cyclist
368 18.0664 0.1745 cyclist
369 17.8433 0.1571 cyclist
370 18.0664 0.1571 cyclist
371 18.0664 0.1571 cyclist
372 18.2894 0.1745 cyclist
373 18.2894 0.1745 cyclist
374 18.2894 0.1745 cyclist
375 18.2894 0.1745 cyclist
376 18.2894 0.1745 cyclist
377 18.2894 0.1745 cyclist
378 18.5125 0.1745 cyclist
379 18.5125 0.1745 cyclist
380 18.5125 0.1745 cyclist
381 18.7355 0.1745 cyclist
382 18.7355 0.1745 cyclist
383 18.7355 0.1745 cyclist
384 18.7355 0.1745 cyclist
385 18.7355 0.1745 cyclist
386 18.9586 0.1745 cyclist
387 18.9586 0.1745 cyclist
388 18.9586 0.1745 cyclist
389 18.9586 0.1745 cyclist
390 18.9586 0.1745 cyclist
391 19.1816 0.1745 cyclist
392 19.1816 0.1745 cyclist
393 19.4046 0.1745 cyclist
394 19.4046 0.1745 cyclist
395 19.4046 0.1745 cyclist
396 19.4046 0.1745 cyclist
397 19.4046 0.1745 cyclist
398 19.4046 0.1745 cyclist
399 19.4046 0.1745 cyclist
400 19.6277 0.1745 cyclist
401 19.6277 0.1745 cyclist
402 19.6277 0.1745 cyclist
403 19.6277 0.1745 cyclist
404 19.6277 0.1745 cyclist
405 19.8507 0.1745 cyclist
406 20.2968 0.1745 cyclist
407 20.2968 0.1745 cyclist
408 20.2968 0.1745 cyclist
409 20.2968 0.1745 cyclist
410 20.2968 0.1745 cyclist
411 20.2968 0.1745 cyclist
412 20.2968 0.1745 cyclist
413 20.5198 0.1571 cyclist
414 20.5198 0.1571 cyclist
415 20.5198 0.1571 cyclist
416 20.5198 0.1571 cyclist
417 20.5198 0.1571 cyclist
418 20.7429 0.1396 cyclist
419 20.7429 0.1396 cyclist
420 20.7429 0.1396 cyclist
421 20.7429 0.1396 cyclist
422 20.7429 0.1396 cyclist
423 20.7429 0.1396 cyclist
424 20.9659 0.1222 cyclist
425 20.9659 0.1222 cyclist
426 20.9659 0.1222 cyclist
427 20.9659 0.1222 cyclist
428 20.9659 0.1047 cyclist
429 20.9659 0.1047 cyclist
430 20.9659 0.1047 cyclist
431 20.9659 0.1047 cyclist
432 20.9659 0.1047 cyclist
433 20.9659 0.1047 cyclist
434 20.9659 0.1047 cyclist
435 20.9659 0.1047 cyclist
436 21.1890 0.0873 cyclist
437 21.1890 0.0873 cyclist
438 21.1890 0.0873 cyclist
439 20.9659 0.0873 cyclist
440 20.9659 0.0873 cyclist
441 20.9659 0.0873 cyclist
442 20.9659 0.0873 cyclist
443 20.9659 0.0873 cyclist
444 20.9659 0.0698 cyclist
445 20.9659 0.0698 cyclist
446 20.9659 0.0698 cyclist
447 20.9659 0.0698 cyclist
448 20.9659 0.0698 cyclist
449 20.9659 0.0698 cyclist
450 20.9659 0.0698 cyclist
451 20.9659 0.0524 cyclist
452 20.9659 0.0524 cyclist
453 20.9659 0.0349 cyclist
454 20.9659 0.0349 cyclist
455 20.9659 0.0349 cyclist
456 20.9659 0.0349 cyclist
457 20.9659 0.0349 cyclist
458 20.9659 0.0349 cyclist
459 20.9659 0.0349 cyclist
460 20.7429 0.0175 cyclist
461 20.7429 0.0175 cyclist
462 20.7429 0.0175 cyclist
463 20.7429 0.0175 cyclist
464 20.7429 0.0175 cyclist
465 20.7429 0.0175 cyclist
466 20.7429 0.0175 cyclist
467 20.7429 0.0175 cyclist
468 20.7429 0.0175 cyclist
469 20.7429 0.0175 cyclist
470 20.5198 0.0000 cyclist
471 20.5198 0.0000 cyclist
472 20.5198 0.0000 cyclist
473 20.5198 0.0000 cyclist
474 20.5198 0.0000 cyclist
475 20.5198 0.0000 cyclist
476 20.5198 -0.0175 cyclist
477 20.5198 -0.0175 cyclist
478 20.5198 -0.0175 cyclist
479 20.5198 -0.0175 cyclist
480 20.5198 -0.0175 cyclist
481 20.5198 -0.0175 cyclist
482 20.5198 -0.0175 cyclist
483 20.5198 -0.0175 cyclist
484 20.5198 -0.0175 cyclist
485 20.5198 -0.0175 cyclist
486 20.5198 -0.0175 cyclist
487 20.5198 -0.0175 cyclist
488 20.5198 -0.0175 cyclist
489 20.5198 -0.0175 cyclist
490 20.5198 -0.0175 cyclist
491 20.7429 -0.0349 cyclist
492 20.7429 -0.0349 cyclist
493 20.7429 -0.0349 cyclist
494 20.7429 -0.0349 cyclist
495 20.7429 -0.0349 cyclist
496 20.7429 -0.0349 cyclist
497 20.7429 -0.0524 cyclist
498 20.7429 -0.0524 cyclist
499 20.7429 -0.0524 cyclist
500 20.7429 -0.0524 cyclist
501 20.7429 -0.0524 cyclist
502 20.7429 -0.0524 cyclist
503 20.7429 -0.0698 cyclist
504 20.7429 -0.0698 cyclist
505 20.7429 -0.0698 cyclist
506 20.7429 -0.0698 cyclist
507 20.7429 -0.0698 cyclist
508 20.7429 -0.1047 cyclist
509 20.7429 -0.0698 cyclist
510 20.7429 -0.0873 cyclist
511 20.7429 -0.0873 cyclist
512 20.7429 -0.0873 cyclist
513 20.7429 -0.0873 cyclist
514 20.7429 -0.0873 cyclist
515 20.7429 -0.0873 cyclist
516 20.7429 -0.0873 cyclist
517 20.7429 -0.0873 cyclist
518 20.7429 -0.0873 cyclist
519 20.7429 -0.0873 cyclist
520 20.7429 -0.0873 cyclist
521 20.7429 -0.0873 cyclist
522 20.7429 -0.1047 cyclist
523 20.7429 -0.1047 cyclist
524 20.7429 -0.1047 cyclist
525 20.5198 -0.1222 cyclist
526 20.5198 -0.1222 cyclist
527 20.5198 -0.1222 cyclist
528 20.5198 -0.1222 cyclist
529 20.5198 -0.1396 cyclist
530 20.2968 -0.1745 cyclist
531 20.2968 -0.1571 cyclist
532 20.2968 -0.1571 cyclist
533 20.2968 -0.1571 cyclist
534 20.2968 -0.1571 cyclist
535 20.0738 -0.1745 cyclist
536 20.0738 -0.1745 cyclist
537 20.0738 -0.1745 cyclist
538 20.0738 -0.1745 cyclist
539 20.0738 -0.1745 cyclist
540 20.0738 -0.1745 cyclist
541 20.0738 -0.1745 cyclist
542 19.8507 -0.1745 cyclist
543 19.8507 -0.1745 cyclist
544 19.8507 -0.1745 cyclist
545 19.8507 -0.1745 cyclist
546 19.8507 -0.1745 cyclist
547 19.6277 -0.1745 cyclist
548 19.6277 -0.1745 cyclist
549 19.6277 -0.1745 cyclist
550 19.6277 -0.1745 cyclist
551 19.6277 -0.1745 cyclist
552 19.4046 -0.1745 cyclist
553 19.4046 -0.1745 cyclist
554 19.4046 -0.1745 cyclist
555 19.4046 -0.1745 cyclist
556 19.1816 -0.1745 cyclist
557 19.1816 -0.1745 cyclist
558 19.1816 -0.1745 cyclist
559 19.1816 -0.1745 cyclist
560 18.9586 -0.1745 cyclist
561 18.9586 -0.1745 cyclist
562 18.7355 -0.1745 cyclist
563 18.7355 -0.1745 cyclist
564 18.7355 -0.1745 cyclist
565 18.7355 -0.1745 cyclist
566 18.5125 -0.1745 cyclist
567 18.5125 -0.1745 cyclist
568 18.5125 -0.1745 cyclist
569 18.5125 -0.1745 cyclist
570 18.5125 -0.1745 cyclist
571 18.5125 -0.1745 cyclist
572 18.2894 -0.1571 cyclist
573 18.2894 -0.1571 cyclist
574 18.2894 -0.1571 cyclist
575 18.2894 -0.1571 cyclist
576 18.2894 -0.1571 cyclist
577 18.2894 -0.1571 cyclist
578 18.2894 -0.1571 cyclist
579 18.0664 -0.1571 cyclist
580 18.0664 -0.1571 cyclist
581 18.0664 -0.1571 cyclist
582 18.0664 -0.1571 cyclist
583 18.0664 -0.1571 cyclist
584 17.8433 -0.1396 cyclist
585 17.8433 -0.1396 cyclist
586 17.8433 -0.1396 cyclist
587 17.8433 -0.1047 cyclist
588 18.0664 -0.1396 cyclist
589 17.8433 -0.1222 cyclist
590 17.8433 -0.1222 cyclist
591 17.8433 -0.1222 cyclist
592 17.8433 -0.1047 cyclist
593 17.8433 -0.1047 cyclist
594 17.8433 -0.1047 cyclist
595 17.8433 -0.1047 cyclist
596 17.8433 -0.1047 cyclist
597 17.6203 -0.0873 cyclist
598 17.6203 -0.0873 cyclist
599 17.6203 -0.0873 cyclist
600 17.6203 -0.0873 cyclist
601 17.6203 -0.0873 cyclist
602 17.6203 -0.0873 cyclist
603 17.6203 -0.0873 cyclist
604 17.6203 -0.0873 cyclist
605 17.6203 -0.0698 cyclist
606 17.6203 -0.0698 cyclist
607 17.6203 -0.0349 cyclist
608 17.6203 -0.0349 cyclist
609 17.6203 -0.0349 cyclist
610 17.6203 -0.0349 cyclist
611 17.6203 -0.0349 cyclist
612 17.6203 -0.0349 cyclist
613 17.6203 -0.0349 cyclist
614 17.6203 -0.0349 cyclist
615 17.6203 -0.0349 cyclist
616 17.6203 -0.0349 cyclist
617 17.6203 -0.0349 cyclist
618 17.6203 -0.0349 cyclist
619 17.6203 -0.0349 cyclist
620 17.6203 -0.0349 cyclist
621 17.6203 -0.0349 cyclist
622 17.3973 -0.0175 cyclist
623 17.3973 -0.0175 cyclist
624 17.3973 -0.0175 cyclist
625 17.3973 -0.0175 cyclist
626 17.3973 -0.0175 cyclist
627 17.3973 -0.0175 cyclist
628 17.3973 0.0175 cyclist
629 17.3973 0.0175 cyclist
630 17.3973 0.0175 cyclist
631 17.3973 0.0175 cyclist
632 17.3973 0.0175 cyclist
633 17.3973 0.0175 cyclist
634 17.1742 0.0349 cyclist
635 17.3973 0.0175 cyclist
636 17.3973 0.0175 cyclist
637 17.1742 0.0349 cyclist
638 17.1742 0.0349 cyclist
639 17.1742 0.0349 cyclist
640 17.1742 0.0349 cyclist
641 17.1742 0.0349 cyclist
642 17.1742 0.0349 cyclist
643 17.1742 0.0698 cyclist
644 17.1742 0.0698 cyclist
645 17.1742 0.0524 cyclist
646 17.1742 0.0524 cyclist
647 17.1742 0.0524 cyclist
648 17.1742 0.0698 cyclist
649 17.1742 0.0698 cyclist
650 17.1742 0.0698 cyclist
651 17.1742 0.0698 cyclist
652 17.1742 0.0873 cyclist
653 17.1742 0.0873 cyclist
654 17.1742 0.0873 cyclist
655 17.1742 0.0873 cyclist
656 17.1742 0.0873 cyclist
657 17.1742 0.1047 cyclist
658 17.1742 0.1047 cyclist
659 17.1742 0.1047 cyclist
660 17.1742 0.1047 cyclist
661 17.1742 0.1047 cyclist
662 17.1742 0.1222 cyclist
663 17.1742 0.1222 cyclist
664 17.1742 0.1222 cyclist
665 17.1742 0.1222 cyclist
666 17.3973 0.1396 cyclist
667 17.3973 0.1396 cyclist
668 17.3973 0.1396 cyclist
669 17.6203 0.1745 cyclist
670 17.6203 0.1745 cyclist
671 17.6203 0.1745 cyclist
672 17.6203 0.1745 cyclist
673 17.6203 0.1745 cyclist
674 17.6203 0.1745 cyclist
675 17.6203 0.1745 cyclist
676 17.8433 0.1920 cyclist
677 17.8433 0.1920 cyclist
678 17.8433 0.1920 cyclist
679 17.8433 0.1920 cyclist
680 17.8433 0.1920 cyclist
681 18.0664 0.1745 cyclist
682 18.0664 0.1745 cyclist
683 18.0664 0.1745 cyclist
684 18.0664 0.1920 cyclist
685 18.0664 0.1920 cyclist
686 18.0664 0.1920 cyclist
687 18.0664 0.1920 cyclist
688 18.2894 0.1920 cyclist
689 18.2894 0.1920 cyclist
690 18.2894 0.1920 cyclist
691 18.5125 0.1745 cyclist
692 18.5125 0.1745 cyclist
693 18.5125 0.1745 cyclist
694 18.5125 0.1920 cyclist
695 18.5125 0.1920 cyclist
696 18.5125 0.1920 cyclist
697 18.5125 0.1920 cyclist
698 18.5125 0.1920 cyclist
699 18.5125 0.1920 cyclist
700 18.7355 0.2094 cyclist
701 18.7355 0.2094 cyclist
702 18.7355 0.2094 cyclist
703 18.9586 0.2094 cyclist
704 18.9586 0.2094 cyclist
705 19.1816 0.1920 cyclist
706 19.1816 0.1920 cyclist
707 19.1816 0.1920 cyclist
708 19.1816 0.1920 cyclist
709 19.1816 0.1920 cyclist
710 19.4046 0.1920 cyclist
711 19.6277 0.1920 cyclist
712 19.6277 0.1920 cyclist
713 19.6277 0.1920 cyclist
714 19.6277 0.1920 cyclist
715 19.6277 0.1920 cyclist
716 19.8507 0.1920 cyclist
717 19.8507 0.1920 cyclist
718 19.8507 0.1920 cyclist
719 20.0738 0.1745 cyclist
720 20.0738 0.1745 cyclist
721 20.0738 0.1745 cyclist
722 20.0738 0.1745 cyclist
723 20.0738 0.1745 cyclist
724 20.2968 0.1745 cyclist
725 20.2968 0.1745 cyclist
726 20.2968 0.1745 cyclist
727 20.2968 0.1745 cyclist
728 20.2968 0.1745 cyclist
729 20.5198 0.1571 cyclist
730 20.5198 0.1396 cyclist
731 20.5198 0.1396 cyclist
732 20.5198 0.1396 cyclist
733 20.5198 0.1396 cyclist
734 20.5198 0.1396 cyclist
735 20.5198 0.1396 cyclist
736 20.5198 0.1222 cyclist
737 20.5198 0.1222 cyclist
738 20.7429 0.1222 cyclist
739 20.7429 0.1222 cyclist
740 20.7429 0.1222 cyclist
741 20.7429 0.1222 cyclist
742 20.7429 0.1222 cyclist
743 20.7429 0.1222 cyclist
744 20.7429 0.1222 cyclist
745 20.7429 0.1222 cyclist
746 20.7429 0.1047 cyclist
747 20.7429 0.1047 cyclist
748 20.7429 0.1047 cyclist
749 20.7429 0.1047 cyclist
750 20.7429 0.1047 cyclist
751 20.7429 0.1047 cyclist
752 20.7429 0.1047 cyclist
753 20.7429 0.1047 cyclist
754 20.7429 0.0873 cyclist
755 20.7429 0.0873 cyclist
756 20.7429 0.0524 cyclist
757 20.7429 0.0524 cyclist
758 20.7429 0.0524 cyclist
759 20.7429 0.0524 cyclist
760 20.7429 0.0524 cyclist
761 20.7429 0.0524 cyclist
762 20.7429 0.0524 cyclist
763 20.7429 0.0524 cyclist
764 20.7429 0.0524 cyclist
765 20.7429 0.0524 cyclist
766 20.7429 0.0524 cyclist
767 20.7429 0.0524 cyclist
768 20.7429 0.0524 cyclist
769 20.9659 0.0349 cyclist
770 20.9659 0.0349 cyclist
771 20.9659 0.0349 cyclist
772 20.9659 0.0349 cyclist
773 20.9659 0.0349 cyclist
774 20.9659 0.0349 cyclist
775 20.9659 0.0349 cyclist
776 20.9659 0.0175 cyclist
777 20.9659 0.0175 cyclist
778 20.9659 0.0175 cyclist
779 21.1890 0.0175 cyclist
780 21.1890 0.0175 cyclist
781 21.1890 0.0175 cyclist
782 21.1890 0.0175 cyclist
783 21.4120 0.0000 cyclist
784 21.4120 0.0000 cyclist
785 21.4120 0.0000 cyclist
786 21.4120 0.0000 cyclist
787 21.4120 0.0000 cyclist
788 21.4120 0.0000 cyclist
789 21.4120 0.0000 cyclist
790 21.4120 0.0000 cyclist
791 21.4120 0.0000 cyclist
792 21.4120 0.0000 cyclist
793 21.4120 0.0000 cyclist
794 21.4120 0.0000 cyclist
795 21.4120 -0.0175 cyclist
796 21.4120 -0.0349 cyclist
797 21.4120 -0.0349 cyclist
798 21.4120 -0.0349 cyclist
799 21.6351 -0.0349 cyclist
800 21.6351 -0.0349 cyclist
801 21.4120 -0.0524 cyclist
802 21.4120 -0.0524 cyclist
803 21.6351 -0.0524 cyclist
804 21.6351 -0.0524 cyclist
805 21.6351 -0.0524 cyclist
806 21.6351 -0.0698 cyclist
807 21.6351 -0.0698 cyclist
808 21.6351 -0.0698 cyclist
809 21.6351 -0.0698 cyclist
810 21.6351 -0.0698 cyclist
811 21.6351 -0.0698 cyclist
812 21.6351 -0.0698 cyclist
813 21.6351 -0.0698 cyclist
814 21.6351 -0.0698 cyclist
815 21.6351 -0.0698 cyclist
816 21.6351 -0.0698 cyclist
817 21.6351 -0.0698 cyclist
818 21.6351 -0.0698 cyclist
819 21.4120 -0.0873 cyclist
820 21.4120 -0.0873 cyclist
821 21.4120 -0.0873 cyclist
822 21.1890 -0.1047 cyclist
823 21.1890 -0.1047 cyclist
824 21.1890 -0.1047 cyclist
825 21.1890 -0.1222 cyclist
826 21.1890 -0.1222 cyclist
827 21.1890 -0.1222 cyclist
828 21.1890 -0.1222 cyclist
829 21.1890 -0.1222 cyclist
830 21.1890 -0.1222 cyclist
831 21.1890 -0.1222 cyclist
832 20.9659 -0.1222 cyclist
833 20.9659 -0.1222 cyclist
834 20.9659 -0.1222 cyclist
835 20.9659 -0.1396 cyclist
836 20.9659 -0.1396 cyclist
837 20.7429 -0.1571 cyclist
838 20.7429 -0.1571 cyclist
839 20.7429 -0.1571 cyclist
840 20.7429 -0.1396 cyclist
841 20.9659 -0.1396 cyclist
842 20.9659 -0.1396 cyclist
843 20.5198 -0.1396 cyclist
844 20.5198 -0.1396 cyclist
845 20.5198 -0.1396 cyclist
846 20.5198 -0.1396 cyclist
847 20.5198 -0.1396 cyclist
848 20.2968 -0.1571 cyclist
849 20.2968 -0.1571 cyclist
850 20.2968 -0.1571 cyclist
851 20.2968 -0.1571 cyclist
852 20.2968 -0.1571 cyclist
853 20.2968 -0.1571 cyclist
854 20.0738 -0.1571 cyclist
855 20.0738 -0.1571 cyclist
856 20.0738 -0.1571 cyclist
857 20.0738 -0.1571 cyclist
858 19.6277 -0.1571 cyclist
859 19.6277 -0.1571 cyclist
860 19.6277 -0.1571 cyclist
861 19.1816 -0.1745 cyclist
862 19.1816 -0.1745 cyclist
863 19.1816 -0.1745 cyclist
864 19.1816 -0.1745 cyclist
865 19.1816 -0.1745 cyclist
866 19.1816 -0.1571 cyclist
867 19.1816 -0.1571 cyclist
868 19.1816 -0.1571 cyclist
869 18.9586 -0.1571 cyclist
870 18.9586 -0.1571 cyclist
871 18.9586 -0.1571 cyclist
872 18.9586 -0.1571 cyclist
873 18.7355 -0.1571 cyclist
874 18.7355 -0.1571 cyclist
875 18.7355 -0.1571 cyclist
876 18.7355 -0.1571 cyclist
877 18.7355 -0.1571 cyclist
878 18.5125 -0.1571 cyclist
879 18.5125 -0.1571 cyclist
880 18.5125 -0.1571 cyclist
881 18.2894 -0.1396 cyclist
882 18.2894 -0.1396 cyclist
883 18.2894 -0.1396 cyclist
884 18.2894 -0.1396 cyclist
885 18.0664 -0.1396 cyclist
886 18.0664 -0.1396 cyclist
887 18.0664 -0.1396 cyclist
888 18.0664 -0.1396 cyclist
889 18.5125 -0.1396 cyclist
890 18.0664 -0.1222 cyclist
891 18.0664 -0.1222 cyclist
892 18.2894 -0.1396 cyclist
893 18.2894 -0.1396 cyclist
894 18.2894 -0.1396 cyclist
895 18.0664 -0.1222 cyclist
896 18.0664 -0.1222 cyclist
897 17.8433 -0.1047 cyclist
898 17.8433 -0.1047 cyclist
899 17.8433 -0.1047 cyclist
