2 15.7661 -0.2142 car
5 13.4225 -0.2304 car
8 4.4742 -0.5744 car
9 4.4742 -0.5744 pedestrian
9 11.9311 -0.1981 car
10 4.6872 -0.5557 pedestrian
11 4.0480 -0.5557 pedestrian
12 4.4742 -0.5932 pedestrian
12 17.2397 -0.3611 car
14 17.2392 -0.3567 car
23 18.3017 -0.3344 car
27 18.5148 -0.3344 car
28 4.6872 -0.5744 car
29 18.7277 -0.3336 car
32 4.6872 -0.5373 car
33 4.9003 -0.5557 car
34 4.9003 -0.5373 car
35 4.2611 -0.6124 car
36 4.9003 -0.5373 car
37 5.1133 -0.5010 car
38 4.4742 -0.6317 car
39 4.4742 -0.6514 car
40 4.4742 -0.6124 car
41 4.6872 -0.5557 car
42 4.9003 -0.5191 car
43 4.6872 -0.7123 car
44 4.6872 -0.5744 car
45 4.9003 -0.5191 car
45 20.6601 -0.2714 car
46 4.6872 -0.5557 car
47 4.9003 -0.5373 car
47 20.6404 -0.2941 car
48 4.9003 -0.5557 car
48 20.6402 -0.2926 car
49 5.1133 -0.5191 car
50 5.1133 -0.5010 car
51 4.4742 -0.5373 car
52 4.6872 -0.5557 car
53 4.6872 -0.5010 car
54 4.0480 -0.6514 car
54 21.7039 -0.2794 car
55 21.2778 -0.2794 car
55 4.0480 -0.6124 car
56 21.4909 -0.2794 car
56 4.2611 -0.6317 car
57 4.2611 -0.6317 car
58 21.7035 -0.2763 car
58 4.2611 -0.6124 car
59 4.2611 -0.5932 car
60 4.4742 -0.6124 car
61 4.4742 -0.5557 car
62 4.4742 -0.5744 car
63 4.4742 -0.5744 car
64 4.6872 -0.5557 car
65 4.9003 -0.5744 car
66 4.9003 -0.5557 car
67 5.3264 -0.5932 car
68 4.9003 -0.5744 car
69 5.1133 -0.5932 car
70 4.6872 -0.5373 car
71 4.9003 -0.5373 car
71 22.9799 -0.2599 car
72 5.3264 -0.5557 car
73 5.3264 -0.5557 car
73 23.4057 -0.2575 car
74 5.1133 -0.5373 car
74 23.6185 -0.2552 car
75 5.3264 -0.5191 car
75 23.6183 -0.2536 car
76 5.1133 -0.5191 car
77 5.5394 -0.5373 car
77 23.8313 -0.2528 car
78 5.7525 -0.5191 car
79 5.7525 -0.4831 car
80 5.7525 -0.5191 car
81 5.7525 -0.5010 car
82 5.7525 -0.4831 car
83 5.9655 -0.5557 car
84 5.7525 -0.4479 car
85 24.6820 -0.2402 car
85 6.1786 -0.4305 car
86 5.7525 -0.4479 car
87 5.9655 -0.4305 car
87 24.8947 -0.2378 car
88 6.3916 -0.4654 car
89 6.1786 -0.4132 car
90 6.3916 -0.4305 car
91 6.3916 -0.4132 car
92 6.3916 -0.3791 car
93 6.3916 -0.3622 car
94 6.6047 -0.3961 car
95 6.6047 -0.3622 car
96 6.8178 -0.3791 car
97 6.8178 -0.3622 car
98 6.8178 -0.3454 car
99 6.8178 -0.3622 car
100 7.0308 -0.3622 car
101 7.0308 -0.3454 car
102 7.2439 -0.3454 car
103 7.4569 -0.3791 car
104 7.2439 -0.3287 car
105 7.2439 -0.3287 car
106 7.4569 -0.3121 car
107 7.4569 -0.3287 car
108 7.4569 -0.3121 car
109 8.4025 -0.3182 car
110 8.6557 -0.3028 car
111 8.5116 -0.3329 car
112 8.4459 -0.3309 car
113 8.6213 -0.3243 car
114 8.7278 -0.3237 car
115 8.8723 -0.3091 car
116 8.9434 -0.3147 car
117 8.8708 -0.3197 car
118 8.9456 -0.3057 car
119 9.1536 -0.3070 car
120 9.3731 -0.3462 car
121 9.4780 -0.3054 car
122 9.2882 -0.2984 car
123 9.5285 -0.3137 car
124 9.4732 -0.2202 car
125 9.1343 -0.2887 car
126 9.7844 -0.2916 car
127 9.3468 -0.2841 car
128 9.3694 -0.2637 car
129 9.9058 -0.2313 car
130 9.8655 -0.2631 car
131 9.7715 -0.2716 car
132 9.5582 -0.2701 car
133 10.2253 -0.1975 car
134 10.3328 -0.2064 car
135 10.3301 -0.2398 car
136 10.1961 -0.2591 car
137 10.2213 -0.2150 car
138 10.6211 -0.2497 car
139 10.4079 -0.2489 car
140 10.6524 -0.1903 car
141 10.6209 -0.2481 car
142 10.9709 -0.1826 car
143 10.6198 -0.2394 car
144 10.6195 -0.2362 car
145 11.2915 -0.1898 car
146 10.8314 -0.2266 car
147 11.2584 -0.2338 car
148 11.0774 -0.1658 car
149 11.2886 -0.2067 car
150 11.7165 -0.1496 car
151 11.8242 -0.1579 car
152 11.9311 -0.1343 car
153 11.6822 -0.2146 car
154 11.8947 -0.2098 car
155 12.1437 -0.1579 car
156 12.2472 -0.1416 car
157 12.7822 -0.1178 car
158 12.3556 -0.1496 car
159 9.3787 -0.5401 car
159 12.9694 -0.2189 car
160 12.8500 -0.1665 car
160 9.3782 -0.5364 car
161 12.3194 -0.1977 car
162 12.8882 -0.1339 car
163 14.0648 -0.5289 car
163 12.9959 -0.1261 car
164 10.0161 -0.5257 car
164 13.1012 -0.1339 car
165 9.8027 -0.5232 car
165 13.1029 -0.1343 car
166 13.3155 -0.1420 car
167 10.2281 -0.5175 car
167 13.1703 -0.1864 car
168 13.4220 -0.1266 car
169 13.5252 -0.1111 car
169 10.4410 -0.5156 car
170 13.8446 -0.1415 car
171 13.7416 -0.1261 car
171 10.8660 -0.5067 car
172 10.8658 -0.5557 car
172 13.9533 -0.1178 car
173 10.8658 -0.5932 car
173 13.9547 -0.1265 car
174 14.0612 -0.1102 car
174 10.8653 -0.5015 car
175 11.0782 -0.4996 car
175 13.8083 -0.1766 car
176 14.0212 -0.1750 car
177 11.2905 -0.4937 car
177 14.0212 -0.1750 car
178 11.7166 -0.4937 car
178 14.0210 -0.1734 car
179 14.4859 -0.1179 car
179 11.5032 -0.4911 car
180 11.7160 -0.4885 car
180 14.6989 -0.1021 car
181 14.8055 -0.1022 car
181 11.7156 -0.4852 car
182 11.9285 -0.4839 car
182 15.0199 -0.1103 car
183 12.3544 -0.4819 car
183 15.0199 -0.0945 car
184 12.1414 -0.4826 car
184 14.8726 -0.1677 car
185 15.1269 -0.1025 car
185 12.3536 -0.4760 car
186 12.3537 -0.4766 car
186 15.3380 -0.1021 car
187 12.5666 -0.4753 car
187 15.4421 -0.0942 car
188 12.5662 -0.4720 car
188 15.5525 -0.0944 car
189 12.7790 -0.4700 car
189 15.6590 -0.0945 car
190 12.7833 -0.5191 car
190 15.7661 -0.1025 car
191 12.7833 -0.4654 car
191 15.8721 -0.0948 car
192 15.8366 -0.1077 car
192 12.9919 -0.4686 car
193 13.2047 -0.4666 car
193 16.0811 -0.0781 car
194 13.4176 -0.4653 car
194 16.1917 -0.0786 car
195 13.4173 -0.4626 car
195 16.2987 -0.0867 car
196 13.4225 -0.4479 car
196 16.4052 -0.0867 car
197 16.5112 -0.0945 car
197 13.6355 -0.4305 car
198 13.8431 -0.4599 car
198 16.7227 -0.0864 car
199 14.0556 -0.4558 car
199 16.7243 -0.0787 car
200 16.8308 -0.0786 car
200 14.2684 -0.4538 car
201 14.4805 -0.4463 car
201 16.9379 -0.0709 car
202 14.6936 -0.4463 car
202 16.9373 -0.0790 car
203 14.4799 -0.4408 car
203 17.2135 -0.1447 car
204 17.2553 -0.0871 car
204 14.4793 -0.4367 car
205 14.9052 -0.4346 car
205 17.0006 -0.1455 car
206 14.6918 -0.4318 car
206 17.4268 -0.1464 car
207 14.9049 -0.4318 car
207 17.4266 -0.1447 car
208 15.1167 -0.4221 car
208 17.4263 -0.1422 car
209 15.1161 -0.4172 car
209 17.8966 -0.0709 car
210 15.3289 -0.4151 car
210 18.0026 -0.0629 car
211 17.6391 -0.1398 car
212 15.7544 -0.4102 car
212 18.2156 -0.0945 car
213 18.4287 -0.0632 car
213 15.9668 -0.4052 car
214 18.5352 -0.0629 car
214 15.9663 -0.4009 car
215 18.5358 -0.0709 car
215 15.9660 -0.3981 car
216 18.7482 -0.0629 car
217 18.7488 -0.0709 car
217 16.1784 -0.3931 car
218 18.9525 -0.0401 car
218 16.4052 -0.3287 car
219 16.3906 -0.3859 car
219 18.7042 -0.1381 car
220 16.6032 -0.3823 car
220 19.2791 -0.0870 car
221 19.1749 -0.0709 car
222 17.0288 -0.3786 car
222 19.3874 -0.0790 car
223 19.1296 -0.1323 car
223 17.0283 -0.3743 car
224 19.3783 -0.0713 car
224 17.2411 -0.3721 car
226 19.3426 -0.1315 car
226 17.4534 -0.3662 car
227 19.9206 -0.0709 car
227 17.4532 -0.3640 car
228 19.7686 -0.1307 car
228 17.6655 -0.3582 car
229 20.1337 -0.0709 car
230 17.8782 -0.3552 car
230 20.3461 -0.0629 car
231 20.4533 -0.0709 car
232 20.5598 -0.0551 car
233 20.6205 -0.1274 car
233 18.3037 -0.3500 car
234 20.1942 -0.1266 car
234 18.5169 -0.3515 car
235 20.4072 -0.1257 car
235 18.7289 -0.3426 car
236 20.6204 -0.1266 car
237 20.6202 -0.1249 car
237 18.9413 -0.3374 car
238 20.8332 -0.1249 car
239 20.8332 -0.1249 car
239 19.1536 -0.3314 car
240 21.0461 -0.1232 car
240 19.1534 -0.3299 car
241 21.0460 -0.1224 car
241 19.3660 -0.3261 car
242 21.2590 -0.1224 car
242 19.3662 -0.3276 car
243 21.2589 -0.1208 car
243 19.5789 -0.3246 car
244 19.5785 -0.3216 car
244 21.7208 -0.0713 car
245 21.6851 -0.1216 car
245 19.7915 -0.3208 car
246 21.8981 -0.1216 car
247 21.8977 -0.1183 car
248 21.8980 -0.1208 car
248 16.4086 -0.5301 car
249 22.1107 -0.1175 car
250 22.3238 -0.1175 car
250 20.4290 -0.3071 car
251 22.3236 -0.1158 car
252 22.5368 -0.1175 car
253 22.7497 -0.1158 car
253 20.8546 -0.3033 car
254 22.7496 -0.1150 car
255 22.7496 -0.1150 car
256 22.9626 -0.1141 car
257 23.1758 -0.1158 car
258 23.3887 -0.1141 car
259 23.7549 -0.0631 car
260 23.7556 -0.0551 car
261 23.6016 -0.1133 car
262 23.6015 -0.1125 car
263 23.8146 -0.1125 car
264 24.0275 -0.1116 car
265 24.0274 -0.1100 car
266 24.2404 -0.1100 car
267 24.6664 -0.1092 car
268 24.7136 -0.0472 car
269 24.4533 -0.1083 car
270 24.6663 -0.1083 car
271 24.6662 -0.1075 car
271 19.7857 -0.2740 car
272 24.8794 -0.1083 car
275 20.4239 -0.2662 car
281 21.2750 -0.2567 car
282 24.4526 -0.1025 car
285 22.1265 -0.2504 car
286 22.1264 -0.2497 car
287 22.3396 -0.2504 car
288 22.5524 -0.2489 car
291 22.9782 -0.2457 car
293 23.1911 -0.2449 car
294 23.4039 -0.2425 car
298 24.0427 -0.2394 car
299 24.2555 -0.2370 car
300 24.2554 -0.2362 car
301 24.4685 -0.2370 car
302 24.6814 -0.2354 car
335 24.3940 -0.1740 car
336 24.8209 -0.3454 car
336 23.9679 -0.1739 car
337 24.3585 -0.3567 car
337 23.1867 -0.2082 car
338 23.1867 -0.2082 car
339 21.7833 -0.1598 car
339 22.9389 -0.3622 car
340 20.4167 -0.2058 car
340 22.2642 -0.3622 car
341 19.5643 -0.2050 car
342 19.3659 -0.1482 car
343 19.0630 -0.1260 car
343 19.6010 -0.3622 car
344 19.1039 -0.3622 car
344 18.9249 -0.2026 car
345 18.9249 -0.2026 car
347 16.8071 -0.3087 car
349 15.9551 -0.3102 car
419 5.1133 -0.5744 car
420 5.1133 -0.6317 car
421 5.1133 -0.6124 car
422 4.6872 -0.6317 car
423 5.1133 -0.5744 car
424 4.6872 -0.6514 car
435 4.9003 -0.6317 car
436 5.3264 -0.5744 car
437 5.3264 -0.5744 car
438 5.3264 -0.6124 car
439 4.6872 -0.6317 car
440 5.1133 -0.6124 car
441 5.3264 -0.5744 car
442 5.3264 -0.5932 car
443 5.3264 -0.5744 car
444 4.6872 -0.6124 car
445 5.3264 -0.5744 car
446 5.7525 -0.5191 car
447 5.5394 -0.5557 car
448 5.5394 -0.5744 car
449 5.5394 -0.5557 car
450 5.7525 -0.5557 car
451 5.1133 -0.6124 car
452 5.1133 -0.6514 car
453 5.3264 -0.5744 car
454 5.3264 -0.6714 car
455 5.5394 -0.5932 car
456 5.1133 -0.6916 car
457 5.3264 -0.5932 car
458 4.9003 -0.6317 car
459 4.9003 -0.6317 car
460 4.9003 -0.6514 car
461 4.9003 -0.6714 car
462 5.1133 -0.6514 car
463 4.9003 -0.6124 car
464 5.1133 -0.6317 car
465 5.1133 -0.6514 car
466 5.1133 -0.5932 car
467 5.3264 -0.5557 car
468 5.3264 -0.6124 car
469 5.5394 -0.6124 car
470 5.3264 -0.5373 car
471 5.5394 -0.5744 car
472 5.7525 -0.6317 car
473 5.7525 -0.5932 car
474 5.7441 -0.4436 car
475 5.5394 -0.5557 car
476 5.7525 -0.5557 car
477 5.7525 -0.5744 car
478 5.7525 -0.5557 car
479 5.7525 -0.5557 car
480 5.9655 -0.5557 car
481 5.9655 -0.5191 car
482 5.9655 -0.5557 car
483 5.9655 -0.5373 car
484 5.9655 -0.5373 car
485 6.1786 -0.5373 car
486 6.1786 -0.5373 car
487 6.3916 -0.5373 car
488 6.3916 -0.4654 car
489 6.3916 -0.5010 car
490 6.6047 -0.5010 car
491 6.3916 -0.5010 car
492 6.5939 -0.4228 car
493 6.8178 -0.5010 car
494 6.3916 -0.4654 car
495 6.8067 -0.4200 car
496 6.8178 -0.4654 car
497 6.8178 -0.4479 car
498 7.0193 -0.4165 car
499 7.0308 -0.4305 car
500 7.0308 -0.4132 car
501 7.4454 -0.4158 car
502 7.2321 -0.4137 car
503 7.4452 -0.4144 car
504 7.4445 -0.4087 car
505 7.6700 -0.4831 car
506 7.4569 -0.3961 car
507 7.6570 -0.4038 car
508 7.6700 -0.3791 car
509 7.6700 -0.3622 car
510 7.6700 -0.3454 car
511 7.8830 -0.3791 car
512 8.0961 -0.3454 car
513 7.8830 -0.3622 car
514 8.0961 -0.3791 car
515 8.0961 -0.3454 car
516 8.2927 -0.3750 car
517 8.3091 -0.3622 car
518 8.2912 -0.3633 car
519 8.3091 -0.3454 car
520 8.7352 -0.4132 car
521 8.9294 -0.3552 car
522 8.5222 -0.2956 car
523 9.5848 -0.2782 car
524 8.7145 -0.3404 car
525 9.1402 -0.3366 car
526 9.4398 -0.3337 car
527 9.3693 -0.3131 car
528 9.1391 -0.3276 car
529 9.1390 -0.3269 car
530 9.5845 -0.3200 car
531 9.9416 -0.3119 car
532 9.3507 -0.3155 car
533 9.6927 -0.2624 car
534 9.9071 -0.2629 car
535 9.9057 -0.2624 car
536 10.3328 -0.3209 car
537 10.3207 -0.2780 car
538 10.1198 -0.2545 car
539 9.9869 -0.2910 car
540 9.9868 -0.2902 car
541 10.4366 -0.2376 car
542 10.1991 -0.2841 car
543 10.4115 -0.2786 car
544 10.6438 -0.2721 car
545 10.4105 -0.2701 car
546 10.6495 -0.2716 car
547 10.8363 -0.2677 car
548 10.9709 -0.2797 car
549 10.9690 -0.2718 car
550 11.0785 -0.2549 car
551 10.8352 -0.2583 car
552 11.0480 -0.2560 car
553 11.0479 -0.2552 car
554 11.4989 -0.2473 car
555 11.4729 -0.2457 car
556 11.4724 -0.2417 car
557 11.6851 -0.2386 car
558 11.4719 -0.2378 car
559 12.0361 -0.1814 car
560 12.2491 -0.2138 car
561 11.6843 -0.2322 car
562 12.1099 -0.2274 car
563 11.8968 -0.2274 car
564 11.8964 -0.2242 car
565 12.1090 -0.2202 car
566 12.1083 -0.2146 car
567 12.3216 -0.2162 car
568 12.7767 -0.2149 car
569 12.8894 -0.1739 car
570 12.5345 -0.2146 car
571 12.5339 -0.2098 car
572 12.7817 -0.1824 car
573 12.7464 -0.2050 car
574 12.7466 -0.2066 car
575 12.9590 -0.2010 car
576 13.3142 -0.1498 car
577 13.1719 -0.2002 car
578 13.1713 -0.1945 car
579 13.9511 -0.1417 car
580 13.8481 -0.1420 car
581 13.3838 -0.1904 car
582 13.5969 -0.1904 car
583 13.6355 -0.1502 car
584 13.5968 -0.1896 car
585 13.9511 -0.1907 car
586 13.8092 -0.1840 car
587 14.0223 -0.1840 car
588 14.0221 -0.1823 car
589 14.2350 -0.1815 car
590 14.2353 -0.1840 car
591 14.4479 -0.1799 car
592 14.4477 -0.1783 car
593 14.8031 -0.1428 car
594 14.4474 -0.1758 car
595 14.6604 -0.1750 car
596 14.6603 -0.1742 car
597 14.8730 -0.1709 car
598 14.8730 -0.1709 car
599 15.0857 -0.1685 car
600 15.5116 -0.1660 car
601 15.0853 -0.1652 car
602 15.2987 -0.1677 car
603 15.2984 -0.1652 car
604 15.6576 -0.1022 car
605 15.5113 -0.1636 car
606 15.9791 -0.1184 car
607 15.8681 -0.1418 car
608 15.7242 -0.1628 car
609 15.7239 -0.1603 car
610 15.7238 -0.1595 car
611 16.1876 -0.1267 car
612 16.1500 -0.1595 car
613 16.1498 -0.1578 car
614 16.1496 -0.1562 car
615 16.1497 -0.1570 car
616 16.3625 -0.1546 car
617 16.3625 -0.1546 car
618 16.3625 -0.1554 car
619 16.3621 -0.1513 car
620 16.5754 -0.1537 car
621 16.5750 -0.1505 car
622 16.7880 -0.1496 car
623 16.7879 -0.1488 car
624 16.7880 -0.1496 car
625 17.0009 -0.1480 car
626 17.0009 -0.1480 car
627 17.2137 -0.1464 car
628 17.2137 -0.1464 car
629 17.2136 -0.1455 car
630 17.2135 -0.1447 car
631 17.2134 -0.1439 car
632 17.4267 -0.1455 car
633 17.4263 -0.1422 car
634 17.4263 -0.1422 car
635 17.6747 -0.0871 car
636 17.6395 -0.1431 car
637 17.6393 -0.1414 car
638 17.6394 -0.1422 car
639 17.8524 -0.1422 car
640 17.8521 -0.1398 car
641 17.8522 -0.1406 car
642 18.0648 -0.1365 car
643 18.6417 -0.0944 car
644 18.0650 -0.1381 car
645 18.2783 -0.1398 car
646 18.2782 -0.1389 car
647 18.4909 -0.1365 car
648 18.4911 -0.1381 car
649 18.4904 -0.1323 car
650 18.4909 -0.1365 car
651 18.4904 -0.1323 car
652 18.7036 -0.1332 car
653 18.7035 -0.1323 car
654 18.7037 -0.1340 car
655 18.7036 -0.1332 car
656 18.9164 -0.1307 car
657 18.9168 -0.1340 car
658 18.9162 -0.1290 car
659 19.1293 -0.1299 car
660 19.1296 -0.1323 car
661 19.3422 -0.1282 car
662 19.3422 -0.1282 car
663 19.5551 -0.1266 car
664 19.3422 -0.1282 car
664 15.7661 -0.6317 car
665 19.3420 -0.1266 car
665 15.9829 -0.5339 car
666 19.5551 -0.1266 car
667 19.7681 -0.1266 car
668 19.9810 -0.1249 car
669 19.7678 -0.1241 car
670 19.7678 -0.1241 car
671 20.2377 -0.1024 car
672 19.9808 -0.1232 car
673 19.9806 -0.1216 car
674 20.1936 -0.1208 car
675 20.1935 -0.1199 car
676 20.1934 -0.1191 car
677 20.1932 -0.1175 car
678 20.4063 -0.1183 car
679 20.4061 -0.1166 car
680 20.4061 -0.1166 car
681 20.6189 -0.1141 car
682 20.6190 -0.1150 car
683 20.8321 -0.1150 car
684 20.6189 -0.1141 car
685 20.8319 -0.1133 car
686 21.1983 -0.0632 car
687 21.3048 -0.0630 car
688 21.3055 -0.0551 car
689 21.0444 -0.1083 car
690 21.2572 -0.1067 car
692 4.6872 -0.6514 car
693 5.5394 -0.5744 car
694 4.6872 -0.6124 car
699 21.8952 -0.0967 car
700 22.3708 -0.0394 car
701 22.3645 -0.0633 car
702 5.1133 -0.5932 car
702 22.3209 -0.0925 car
703 22.3208 -0.0917 car
703 5.5394 -0.6124 car
704 5.5394 -0.5744 car
704 19.5925 -0.4339 car
704 22.5337 -0.0900 car
705 5.5394 -0.5932 car
705 22.5337 -0.0900 car
706 6.6047 -0.4831 car
706 23.0092 -0.0314 car
707 22.7462 -0.0858 car
707 6.6047 -0.4831 car
708 5.9655 -0.5557 car
708 22.2394 0.0221 car
709 5.3264 -0.6124 car
709 15.3318 -0.4381 car
710 6.1786 -0.5557 car
711 6.6047 -0.5010 car
712 6.1786 -0.5373 car
713 6.3916 -0.5373 car
713 23.3845 -0.0775 car
714 23.5975 -0.0775 car
714 5.9655 -0.5373 car
715 5.9655 -0.5744 car
715 23.5974 -0.0767 car
716 5.9655 -0.6714 car
716 23.8104 -0.0758 car
717 5.9655 -0.5191 car
717 23.8104 -0.0758 car
718 5.3264 -0.6124 car
718 24.0231 -0.0733 car
719 5.7525 -0.5932 car
719 24.0231 -0.0725 car
720 5.5394 -0.6124 car
720 24.2361 -0.0725 car
721 6.1786 -0.5373 car
721 24.2359 -0.0708 car
722 24.7136 -0.0001 car
722 6.1786 -0.5557 car
723 24.7136 -0.0001 car
723 6.3916 -0.5557 car
724 24.9274 -0.0079 car
724 5.9655 -0.5557 car
725 6.3916 -0.6317 car
725 24.9266 0.0159 car
726 6.6047 -0.6317 car
726 24.8744 -0.0650 car
727 24.8742 -0.0633 car
727 6.1786 -0.5557 car
728 24.8742 -0.0633 car
728 6.8178 -0.6124 car
729 6.6047 -0.5191 car
730 6.8178 -0.5744 car
731 7.0308 -0.4831 car
732 6.8178 -0.5010 car
733 6.8178 -0.4831 car
734 6.8178 -0.4831 car
735 7.0308 -0.4831 car
736 7.2439 -0.4479 car
737 7.4569 -0.4479 car
738 7.4569 -0.4479 car
739 7.8830 -0.4654 car
740 7.8830 -0.4654 car
741 8.3091 -0.5010 car
742 8.0961 -0.4132 car
743 8.3091 -0.4479 car
744 8.3091 -0.3622 car
745 8.5222 -0.4132 car
746 8.7234 -0.4116 car
747 8.5222 -0.3454 car
748 8.9354 -0.4031 car
749 8.9483 -0.3287 car
750 9.1614 -0.3287 car
751 9.1462 -0.3852 car
752 9.3744 -0.3454 car
753 9.3744 -0.3121 car
754 9.5875 -0.3287 car
755 9.7824 -0.3604 car
756 9.8005 -0.2956 car
757 10.0136 -0.2956 car
758 10.6513 -0.2460 car
759 10.7112 -0.2624 car
760 10.4341 -0.2800 car
761 10.7169 -0.2796 car
762 10.6305 -0.3269 car
763 10.9664 -0.2968 car
764 12.0123 -0.2431 car
765 11.8380 -0.2547 car
766 11.2677 -0.3102 car
767 11.5046 -0.2386 car
768 12.4601 -0.2044 car
769 11.9052 -0.2964 car
770 12.0312 -0.2470 car
771 11.9045 -0.2910 car
772 12.2442 -0.2470 car
773 12.4572 -0.2308 car
774 12.3286 -0.2740 car
774 22.7385 -0.0171 car
775 13.5250 -0.2558 car
776 13.6351 -0.2551 car
777 13.2025 -0.2310 car
778 13.2055 -0.2228 car
779 13.3926 -0.2630 car
780 13.3923 -0.2607 car
780 9.3784 -0.5382 car
781 14.5826 -0.1882 car
783 14.2430 -0.2481 car
784 14.2426 -0.2449 car
785 10.2280 -0.5162 car
785 14.2421 -0.2410 car
786 10.2273 -0.5111 car
786 14.6686 -0.2433 car
787 15.7626 -0.4760 car
787 10.4397 -0.5744 car
787 14.6680 -0.2386 car
788 14.8805 -0.2338 car
788 10.6527 -0.5047 car
789 15.9801 -0.5111 car
789 10.6522 -0.5009 car
789 14.8802 -0.2314 car
790 15.0928 -0.2274 car
790 10.8648 -0.4970 car
791 11.2904 -0.4931 car
791 15.3055 -0.2250 car
792 11.0771 -0.4911 car
792 15.5182 -0.2218 car
793 11.2919 -0.6124 car
793 15.5179 -0.2194 car
794 11.2896 -0.4865 car
794 15.7307 -0.2170 car
795 11.9281 -0.4806 car
795 15.7301 -0.2122 car
796 11.7145 -0.4766 car
797 11.9311 -0.5557 car
797 16.1558 -0.2082 car
798 12.3572 -0.5010 car
798 16.5814 -0.2042 car
799 16.7941 -0.2010 car
799 12.1441 -0.4831 car
800 16.7938 -0.1985 car
801 12.5702 -0.4654 car
801 16.7936 -0.1969 car
802 12.7782 -0.4633 car
802 17.0059 -0.1904 car
803 12.7833 -0.4479 car
803 17.2190 -0.1913 car
804 13.2038 -0.4592 car
804 17.4318 -0.1888 car
805 13.4165 -0.4565 car
805 17.4313 -0.1848 car
806 13.4163 -0.4545 car
806 17.8572 -0.1831 car
807 13.4161 -0.4531 car
807 18.0700 -0.1807 car
808 13.6283 -0.4463 car
808 18.0694 -0.1758 car
809 14.0534 -0.4381 car
809 18.9308 -0.2520 car
810 14.0527 -0.4325 car
810 18.2821 -0.1726 car
811 14.2648 -0.4249 car
811 18.4948 -0.1693 car
812 14.4771 -0.4186 car
812 18.7077 -0.1677 car
813 14.4768 -0.4165 car
813 18.7073 -0.1644 car
814 19.1334 -0.1644 car
814 14.6889 -0.4087 car
815 19.3874 -0.1106 car
815 14.9017 -0.4066 car
816 19.3460 -0.1603 car
816 15.1269 -0.3287 car
817 15.1135 -0.3966 car
817 19.5588 -0.1587 car
818 19.7715 -0.1554 car
818 15.3400 -0.3287 car
819 19.9845 -0.1546 car
819 15.7511 -0.3837 car
820 15.9635 -0.3779 car
820 20.8460 -0.2330 car
821 20.1969 -0.1496 car
821 15.9627 -0.3721 car
822 20.1966 -0.1464 car
822 16.1757 -0.3714 car
823 20.4095 -0.1455 car
823 21.3055 -0.4831 car
823 16.3885 -0.3692 car
824 20.8356 -0.1455 car
824 16.6009 -0.3640 car
825 16.6183 -0.3121 car
825 21.0484 -0.1431 car
826 17.0256 -0.3523 car
826 21.0483 -0.1422 car
827 21.2612 -0.1406 car
827 17.0254 -0.3508 car
828 17.2375 -0.3433 car
828 21.4738 -0.1373 car
829 21.9005 -0.1199 car
829 17.4501 -0.3396 car
830 21.6866 -0.1348 car
830 17.6630 -0.3381 car
831 21.8997 -0.1348 car
831 17.6623 -0.3321 car
832 22.1125 -0.1332 car
832 18.0879 -0.3284 car
833 22.3255 -0.1323 car
833 18.0874 -0.3238 car
834 22.3253 -0.1307 car
834 18.3003 -0.3231 car
835 22.5381 -0.1282 car
836 22.5380 -0.1274 car
837 22.9640 -0.1266 car
837 18.7250 -0.3109 car
838 18.9377 -0.3087 car
838 22.9638 -0.1249 car
839 23.1768 -0.1241 car
839 19.4842 -0.2469 car
840 23.6027 -0.1224 car
841 19.5760 -0.3010 car
841 23.6027 -0.1224 car
842 20.1936 -0.1208 car
843 24.0284 -0.1191 car
844 24.0283 -0.1183 car
844 20.0009 -0.2910 car
845 24.6672 -0.1158 car
845 20.4264 -0.2864 car
846 24.4541 -0.1158 car
846 21.0653 -0.2841 car
847 21.0555 -0.2034 car
847 24.6670 -0.1141 car
848 24.6669 -0.1133 car
849 21.4904 -0.2755 car
851 21.6946 -0.2026 car
854 22.3700 -0.2063 car
856 22.7902 -0.2065 car
857 23.0033 -0.1904 car
858 22.9617 -0.1067 car
859 23.1850 -0.1937 car
860 23.3873 -0.1025 car
861 23.6003 -0.1017 car
862 23.8131 -0.1000 car
863 24.0263 -0.1008 car
864 24.6653 -0.0992 car
865 24.8781 -0.0975 car
866 24.8782 -0.0983 car
867 24.8782 -0.0983 car
931 4.4742 -0.5373 pedestrian
943 4.6872 -0.4831 car
944 4.6872 -0.5191 car
945 4.0480 -0.5932 car
946 4.0480 -0.6124 car
947 4.2611 -0.5557 car
948 4.2611 -0.5557 car
949 4.2611 -0.5744 car
950 4.2611 -0.5557 car
951 4.0480 -0.6317 car
952 4.4742 -0.5373 car
953 4.9003 -0.5010 car
954 4.0480 -0.5744 car
955 4.9003 -0.5191 car
956 4.2611 -0.6124 car
957 4.9003 -0.4654 car
958 3.8350 -0.6514 car
959 4.4742 -0.5373 car
960 4.4742 -0.5557 car
961 4.4742 -0.5010 car
962 3.8350 -0.6124 car
963 4.2611 -0.5744 car
964 4.2611 -0.5744 car
965 4.6872 -0.4831 car
966 4.2611 -0.5557 car
967 4.2611 -0.5744 car
968 4.4742 -0.5557 car
969 4.6872 -0.5373 car
970 4.4742 -0.5373 car
971 4.6872 -0.5191 car
972 4.6872 -0.5010 car
973 4.6872 -0.5010 car
974 5.1133 -0.4305 car
975 4.9003 -0.5010 car
976 5.3264 -0.4132 car
977 5.1133 -0.4479 car
978 5.1133 -0.4654 car
979 5.7525 -0.5557 car
980 5.3264 -0.4654 car
981 5.5394 -0.4479 car
982 5.5394 -0.4305 car
983 5.7525 -0.5191 car
984 5.7525 -0.5191 car
985 5.7525 -0.3961 car
986 5.5394 -0.3791 car
987 5.7525 -0.3622 car
988 5.9655 -0.3791 car
989 5.9655 -0.3622 car
990 6.3916 -0.3622 car
991 6.3916 -0.4654 car
992 6.5897 -0.3888 car
993 6.3916 -0.3622 car
994 6.6047 -0.3454 car
995 6.8030 -0.3902 car
996 6.6047 -0.3287 car
997 6.5884 -0.3786 car
998 6.6047 -0.3121 car
999 6.8178 -0.3121 car
1000 7.0128 -0.3640 car
1001 7.0308 -0.2956 car
1002 7.4569 -0.3287 car
1003 7.4377 -0.3537 car
1004 7.2238 -0.3471 car
1005 7.5505 -0.3385 car
1006 7.8697 -0.3225 car
1007 7.6483 -0.3336 car
1008 8.0950 -0.2458 car
1009 8.0823 -0.3392 car
1010 8.2857 -0.3419 car
1011 7.8596 -0.3193 car
1012 8.8370 -0.2978 car
1013 8.7246 -0.2996 car
1014 8.4363 -0.2977 car
1015 8.6181 -0.3144 car
1016 8.7107 -0.3094 car
1017 8.9334 -0.3058 car
1018 8.7100 -0.3033 car
1019 8.9220 -0.2949 car
1020 8.9218 -0.2933 car
1021 9.2874 -0.2803 car
1022 9.4797 -0.2461 car
1023 9.3469 -0.2848 car
1024 9.5861 -0.3291 car
1025 9.6858 -0.2890 car
1026 10.0052 -0.2739 car
1027 9.9067 -0.2550 car
1028 9.8953 -0.2485 car
1029 10.2235 -0.2885 car
1030 9.7710 -0.2677 car
1031 10.4341 -0.2807 car
1032 9.9834 -0.2622 car
1033 10.5431 -0.2236 car
1034 10.5780 -0.2156 car
1035 10.3165 -0.2406 car
1036 10.7561 -0.2398 car
1037 10.8601 -0.2480 car
1038 10.6205 -0.2449 car
1039 11.0693 -0.2266 car
1040 11.4874 -0.2259 car
1041 11.1850 -0.2225 car
1042 11.5050 -0.2629 car
1043 11.2588 -0.2370 car
1044 11.7146 -0.1911 car
1045 11.4721 -0.2394 car
1046 11.5035 -0.1985 car
1047 11.6840 -0.2298 car
1048 12.1441 -0.2304 car
1049 12.1406 -0.2071 car
1050 12.1975 -0.1895 car
1051 11.8964 -0.2242 car
1052 11.8959 -0.2202 car
1053 12.4573 -0.1814 car
1054 12.7833 -0.2142 car
1055 12.7795 -0.2216 car
1056 12.7829 -0.2382 car
1057 12.5342 -0.2122 car
1058 12.5339 -0.2098 car
1059 12.7742 -0.1609 car
1060 12.7462 -0.2034 car
1061 12.5332 -0.2042 car
1062 12.9590 -0.2010 car
1063 13.5273 -0.1828 car
1064 13.6285 -0.1812 car
1065 13.1716 -0.1977 car
1066 13.1711 -0.1929 car
1067 13.1716 -0.1977 car
1068 13.3839 -0.1913 car
1069 13.9511 -0.1591 car
1070 13.5968 -0.1896 car
1071 13.5967 -0.1888 car
1072 13.8096 -0.1872 car
1073 14.0222 -0.1831 car
1074 13.8089 -0.1815 car
1075 14.0612 -0.1423 car
1076 14.0219 -0.1807 car
1077 14.7003 -0.1421 car
1078 14.8054 -0.1346 car
1079 14.4476 -0.1775 car
1080 14.9120 -0.1506 car
1081 14.6597 -0.1693 car
1082 14.6596 -0.1685 car
1083 14.8731 -0.1726 car
1084 14.8729 -0.1701 car
1085 15.6417 -0.1520 car
1086 15.6595 -0.1025 car
1087 15.6946 -0.1133 car
1088 15.2979 -0.1611 car
1089 15.2978 -0.1603 car
1090 16.0811 -0.1113 car
1091 15.7241 -0.1619 car
1092 16.0836 -0.1181 car
1093 15.7237 -0.1578 car
1094 15.9370 -0.1603 car
1095 16.5112 -0.1262 car
1096 16.6178 -0.1107 car
1097 16.3625 -0.1546 car
1098 16.8308 -0.1107 car
1099 16.5754 -0.1537 car
1100 16.7884 -0.1529 car
1101 17.1488 -0.1028 car
1102 17.0011 -0.1496 car
1103 17.0013 -0.1521 car
1104 17.0008 -0.1472 car
1105 17.6786 -0.0952 car
1106 17.4265 -0.1439 car
1107 17.4263 -0.1422 car
1108 17.6395 -0.1431 car
1109 17.6396 -0.1439 car
1110 17.8526 -0.1439 car
1111 18.3221 -0.0948 car
1112 18.4241 -0.0953 car
1113 18.0653 -0.1406 car
1114 18.2782 -0.1389 car
1115 18.2777 -0.1348 car
1116 18.8500 -0.0951 car
1117 18.4908 -0.1356 car
1118 19.0684 -0.0709 car
1119 18.7040 -0.1365 car
1120 18.9168 -0.1340 car
1121 19.1294 -0.1307 car
1122 19.1293 -0.1299 car
1123 19.3424 -0.1299 car
1124 19.8116 -0.0713 car
1125 19.5552 -0.1274 car
1126 20.2377 -0.0871 car
1127 20.3749 -0.0662 car
1128 20.4475 -0.0793 car
1129 20.4526 -0.0632 car
1130 20.1937 -0.1216 car
1131 20.1937 -0.1216 car
1132 20.4069 -0.1232 car
1133 20.6198 -0.1216 car
1134 21.1983 -0.0632 car
1135 20.8324 -0.1175 car
1136 21.1990 -0.0394 car
1137 21.0455 -0.1183 car
1138 21.6224 -0.0713 car
1139 21.8320 -0.0794 car
1140 21.2582 -0.1150 car
1141 21.4711 -0.1141 car
1142 21.7316 -0.0394 car
1143 21.8968 -0.1100 car
1144 21.8967 -0.1092 car
1145 22.1101 -0.1125 car
1146 22.6896 -0.0632 car
1147 22.6903 -0.0394 car
1148 22.7969 -0.0551 car
1149 22.5357 -0.1075 car
1150 23.1157 -0.0474 car
1151 8.7352 -0.6317 car
1151 23.3295 -0.0394 car
1152 23.4360 -0.0394 car
1152 9.1652 -0.5370 car
1153 23.1746 -0.1050 car
1153 8.7352 -0.6317 car
1154 23.5064 -0.0448 car
1154 9.5875 -0.6317 car
1155 23.4295 -0.0313 car
1155 9.1614 -0.6317 car
1156 23.9679 -0.0317 car
1156 9.1633 -0.5219 car
1157 9.3755 -0.5143 car
1157 23.3872 -0.1017 car
1158 23.8131 -0.1000 car
1159 24.0262 -0.1000 car
1159 11.5056 -0.5099 car
1160 9.8005 -0.5744 car
1160 24.0263 -0.1008 car
1161 9.8005 -0.6124 car
1161 24.2390 -0.0975 car
1162 10.4397 -0.5932 car
1163 10.2252 -0.4937 car
1163 24.8178 -0.0396 car
1164 10.2251 -0.4931 car
1165 10.4377 -0.4898 car
1165 24.8781 -0.0967 car
1166 10.8636 -0.4878 car
1167 10.8631 -0.4832 car
1168 10.8628 -0.4813 car
1168 24.8778 -0.0942 car
1169 24.8776 -0.0925 car
1170 11.2883 -0.4760 car
1171 11.5010 -0.4733 car
1172 11.5006 -0.4700 car
1174 11.7180 -0.4831 car
1175 11.9311 -0.4654 car
1176 12.1441 -0.4654 car
1177 12.3514 -0.4585 car
1178 12.5702 -0.4479 car
1179 12.5702 -0.4479 car
1180 13.2094 -0.5010 car
1181 12.7833 -0.4132 car
1182 12.9963 -0.3961 car
1183 13.2017 -0.4422 car
1184 13.2094 -0.3791 car
1185 13.2094 -0.3791 car
1186 13.6355 -0.3454 car
1187 13.8486 -0.3454 car
1188 13.8486 -0.3622 car
1189 14.0503 -0.4130 car
1190 14.2747 -0.3287 car
1191 14.2619 -0.4016 car
1192 14.4877 -0.3454 car
1193 14.6867 -0.3909 car
1194 14.8993 -0.3873 car
1195 14.9138 -0.3287 car
1196 15.3244 -0.3794 car
1197 15.3400 -0.3121 car
1198 15.9625 -0.3699 car
1199 15.5530 -0.3121 car
1200 15.5530 -0.2956 car
1201 15.7481 -0.3596 car
1202 15.7661 -0.2956 car
1203 16.1731 -0.3500 car
1204 17.0444 -0.3287 car
1205 16.5983 -0.3433 car
1206 16.9379 -0.2792 car
1207 17.0304 -0.2392 car
1208 17.1509 -0.2629 car
1209 17.4494 -0.3336 car
1210 17.2357 -0.3284 car
1211 17.4483 -0.3246 car
1212 17.4482 -0.3238 car
1213 17.8912 -0.2714 car
1214 17.6603 -0.3163 car
1215 18.0862 -0.3140 car
1216 18.0857 -0.3102 car
1217 18.2986 -0.3087 car
1218 18.2985 -0.3079 car
1219 18.5111 -0.3048 car
1220 18.7237 -0.3010 car
1221 18.9086 -0.0633 car
1223 14.7032 -0.5226 car
1223 19.1492 -0.2956 car
1224 14.9159 -0.5201 car
1225 19.3615 -0.2895 car
1226 15.3416 -0.5169 car
1227 15.3408 -0.5099 car
1228 19.7868 -0.2825 car
1229 15.9792 -0.5041 car
1231 16.1926 -0.5067 car
1231 20.5538 -0.2066 car
1234 20.6378 -0.2724 car
1238 21.2516 -0.0574 car
1243 22.1037 -0.0566 car
1244 22.3169 -0.0574 car
1246 18.9307 -0.2512 car
1246 22.5299 -0.0574 car
1247 19.1436 -0.2497 car
1247 22.7430 -0.0574 car
1248 22.7431 -0.0583 car
1249 22.9561 -0.0574 car
1250 19.3562 -0.2457 car
1251 23.1910 -0.2441 car
1252 20.2082 -0.2441 car
1253 23.5954 -0.0591 car
1253 19.9950 -0.2425 car
1262 21.6984 -0.2338 car
1263 22.1245 -0.2338 car
1264 22.7635 -0.2322 car
1265 22.5830 -0.3205 car
1267 22.7629 -0.2274 car
1271 23.6147 -0.2242 car
1272 24.0411 -0.2266 car
1273 24.2539 -0.2242 car
1276 24.6796 -0.2210 car
1338 5.1133 -0.5744 car
1340 4.2611 -0.5932 car
1355 4.9003 -0.5932 car
1356 4.9003 -0.6317 car
1357 4.9003 -0.6317 car
1358 5.1133 -0.5932 car
1359 4.9003 -0.6714 car
1360 4.4742 -0.6317 car
1361 5.1133 -0.5557 car
1362 5.1133 -0.6124 car
1363 5.3264 -0.5557 car
1364 5.3264 -0.5744 car
1365 5.1133 -0.6124 car
1366 5.1133 -0.5932 car
1367 5.3264 -0.5557 car
1368 5.5394 -0.5557 car
1369 5.5394 -0.5557 car
1370 5.5394 -0.5744 car
1371 4.6872 -0.5932 car
1372 5.5394 -0.5373 car
1373 5.5394 -0.5557 car
1374 5.5394 -0.5557 car
1375 5.5394 -0.5373 car
1376 5.1133 -0.5932 car
1377 11.7180 -0.5373 car
1377 5.1133 -0.5744 car
1378 5.1133 -0.5932 car
1378 11.7180 -0.5557 car
1379 5.1133 -0.6124 car
1380 5.9655 -0.5373 car
1381 5.3264 -0.5932 car
1382 5.1133 -0.5744 car
1382 11.9311 -0.5191 car
1383 5.9655 -0.5373 car
1384 5.3264 -0.5557 car
1384 12.5702 -0.5744 car
1385 5.1133 -0.5744 car
1385 12.7833 -0.5744 car
1386 5.1133 -0.5744 car
1386 12.1410 -0.4793 car
1387 4.9003 -0.5932 car
1387 12.1417 -0.4852 car
1388 4.4742 -0.6317 car
1388 12.3539 -0.4779 car
1389 4.6801 -0.4558 car
1389 12.9963 -0.5557 car
1390 4.6872 -0.6317 car
1390 12.9963 -0.5557 car
1391 4.6872 -0.6317 car
1392 4.9003 -0.5932 car
1392 12.5702 -0.5932 car
1393 4.9003 -0.5932 car
1393 12.5659 -0.4700 car
1394 12.5657 -0.4680 car
1394 4.6872 -0.6916 car
1395 4.6872 -0.6514 car
1395 12.9963 -0.4132 car
1396 4.9003 -0.6514 car
1396 12.7784 -0.4653 car
1397 4.9003 -0.6514 car
1397 12.7833 -0.5373 car
1398 4.9003 -0.6124 car
1398 12.9914 -0.4646 car
1399 5.1133 -0.6514 car
1399 13.2094 -0.3961 car
1400 4.9003 -0.7123 car
1400 13.8433 -0.4619 car
1401 4.9003 -0.6317 car
1401 13.4170 -0.4606 car
1402 5.1133 -0.6317 car
1402 13.6300 -0.4599 car
1403 5.1133 -0.6514 car
1403 14.2747 -0.3287 car
1404 13.6355 -0.3622 car
1404 5.3264 -0.5557 car
1405 5.1133 -0.6514 car
1405 13.6294 -0.4552 car
1406 5.1133 -0.6317 car
1407 5.1133 -0.6124 car
1407 13.8414 -0.4463 car
1408 13.6287 -0.4497 car
1408 5.1133 -0.5932 car
1409 5.1133 -0.5932 car
1409 13.6355 -0.4831 car
1410 5.1133 -0.5373 car
1410 13.8486 -0.4831 car
1411 5.1133 -0.5744 car
1411 13.4225 -0.3961 car
1412 5.1133 -0.5744 car
1412 14.0531 -0.4360 car
1413 5.1133 -0.5557 car
1413 14.0530 -0.4353 car
1414 5.3264 -0.5744 car
1414 14.4766 -0.4151 car
1415 5.5394 -0.6317 car
1416 5.3264 -0.5744 car
1417 5.3264 -0.5744 car
1418 5.3264 -0.5744 car
1419 5.3264 -0.5557 car
1420 5.5394 -0.6124 car
1421 5.5394 -0.5932 car
1422 5.9655 -0.5373 car
1423 5.5394 -0.5557 car
1424 5.7525 -0.6317 car
1425 15.1126 -0.3888 car
1425 5.7525 -0.5932 car
1426 15.1269 -0.3961 car
1426 5.9655 -0.5191 car
1427 5.7525 -0.5557 car
1428 6.1687 -0.4305 car
1428 15.5376 -0.3801 car
1429 5.9655 -0.5373 car
1430 5.9655 -0.5557 car
1431 5.7525 -0.5373 car
1432 5.9655 -0.5191 car
1433 6.1786 -0.5373 car
1433 14.2599 -0.3852 car
1434 6.3916 -0.4654 car
1435 5.9655 -0.5557 car
1436 6.1786 -0.5191 car
1437 6.1786 -0.5191 car
1438 6.3916 -0.5191 car
1439 6.6047 -0.5010 car
1440 6.6047 -0.5744 car
1440 15.1096 -0.3648 car
1441 15.1090 -0.3604 car
1441 6.3916 -0.5373 car
1442 15.3220 -0.3596 car
1442 6.3916 -0.5010 car
1443 6.6047 -0.5010 car
1444 6.8178 -0.4654 car
1445 6.8066 -0.4193 car
1446 6.6047 -0.4831 car
1447 6.8067 -0.4200 car
1447 17.2381 -0.3478 car
1448 6.8178 -0.5010 car
1449 7.0308 -0.5191 car
1449 17.4507 -0.3441 car
1450 6.8062 -0.4165 car
1450 17.4500 -0.3389 car
1451 17.6628 -0.3366 car
1451 7.0192 -0.4151 car
1452 7.2439 -0.5557 car
1453 7.2320 -0.4130 car
1454 7.2439 -0.5373 car
1455 7.0308 -0.4132 car
1455 17.0468 -0.5226 car
1456 7.0308 -0.4132 car
1457 7.2439 -0.3961 car
1457 17.2591 -0.5162 car
1458 7.0308 -0.3961 car
1458 17.4705 -0.5191 car
1459 17.6846 -0.5111 car
1459 7.2439 -0.4132 car
1460 7.6572 -0.4052 car
1461 7.4569 -0.3961 car
1461 20.0036 -0.3132 car
1462 7.6700 -0.3791 car
1463 7.6700 -0.3622 car
1464 18.2980 -0.3041 car
1464 7.8830 -0.3791 car
1465 7.8695 -0.3988 car
1465 18.5111 -0.3048 car
1466 7.8695 -0.3988 car
1466 18.7235 -0.2987 car
1467 8.0961 -0.3622 car
1467 18.9366 -0.2995 car
1468 18.9359 -0.2941 car
1468 8.0961 -0.3454 car
1469 19.1733 -0.4891 car
1469 8.0809 -0.3852 car
1470 19.3618 -0.2918 car
1470 8.0961 -0.3287 car
1471 19.5744 -0.2879 car
1471 8.2932 -0.3794 car
1472 19.7871 -0.2856 car
1472 8.2930 -0.3779 car
1473 19.9994 -0.2794 car
1473 8.5059 -0.3765 car
1474 8.7180 -0.3684 car
1474 19.9999 -0.2833 car
1475 8.7176 -0.3655 car
1475 20.2126 -0.2802 car
1476 20.4256 -0.2794 car
1476 8.7352 -0.3454 car
1477 20.6387 -0.2802 car
1477 8.7171 -0.3611 car
1478 8.7164 -0.3552 car
1478 20.8521 -0.2825 car
1479 9.1427 -0.3567 car
1479 21.0657 -0.2871 car
1480 8.9483 -0.3287 car
1480 21.2772 -0.2747 car
1481 8.9483 -0.3121 car
1481 21.4895 -0.2685 car
1482 9.3547 -0.3478 car
1482 21.7022 -0.2654 car
1483 21.9149 -0.2622 car
1483 9.4797 -0.2951 car
1484 22.1277 -0.2607 car
1484 9.1411 -0.3433 car
1485 22.1271 -0.2552 car
1485 9.3528 -0.3329 car
1486 9.6776 -0.3216 car
1486 22.5537 -0.2591 car
1487 22.7662 -0.2544 car
1487 9.7788 -0.3314 car
1488 9.7779 -0.3238 car
1489 9.7778 -0.3231 car
1489 23.6176 -0.2481 car
1490 9.7773 -0.3193 car
1491 10.4161 -0.3163 car
1492 10.5430 -0.3213 car
1493 10.2027 -0.3132 car
1494 10.2023 -0.3102 car
1495 10.6397 -0.2970 car
1496 10.6282 -0.3079 car
1497 10.6470 -0.2807 car
1498 10.8654 -0.2549 car
1499 10.8398 -0.2956 car
1500 10.8395 -0.2933 car
1501 11.0521 -0.2895 car
1502 11.0518 -0.2871 car
1503 11.2645 -0.2841 car
1504 11.2640 -0.2802 car
1505 12.0360 -0.2800 car
1506 11.7146 -0.2390 car
1507 11.6895 -0.2747 car
1508 11.9910 -0.2367 car
1509 11.9295 -0.2469 car
1510 11.6881 -0.2638 car
1511 12.1144 -0.2646 car
1512 12.1143 -0.2638 car
1513 12.3266 -0.2575 car
1514 12.5395 -0.2567 car
1515 12.3259 -0.2520 car
1516 12.5391 -0.2528 car
1517 12.9896 -0.1977 car
1518 12.7796 -0.2066 car
1519 13.1012 -0.2147 car
1520 13.2056 -0.2066 car
1521 13.4220 -0.2384 car
1522 13.3898 -0.2402 car
1523 13.4220 -0.1903 car
1524 13.5290 -0.1821 car
1525 13.8152 -0.2338 car
1526 13.8325 -0.1991 car
1527 13.9547 -0.1580 car
1528 14.0274 -0.2266 car
1529 14.0271 -0.2242 car
1530 14.0268 -0.2218 car
1531 14.2395 -0.2186 car
1532 14.4525 -0.2186 car
1533 14.7997 -0.1829 car
1534 14.6648 -0.2122 car
1535 14.8778 -0.2114 car
1536 15.0906 -0.2098 car
1537 15.0904 -0.2074 car
1538 15.3032 -0.2058 car
1539 15.3031 -0.2050 car
1540 15.5160 -0.2034 car
1541 15.9791 -0.1343 car
1542 16.1547 -0.1993 car
1543 15.7283 -0.1969 car
1544 16.3674 -0.1961 car
1545 16.1541 -0.1945 car
1546 16.5071 -0.1427 car
1547 16.3666 -0.1896 car
1549 16.9357 -0.1181 car
1550 17.0438 -0.1421 car
1551 17.2181 -0.1831 car
1552 17.2179 -0.1815 car
1553 17.4310 -0.1823 car
1554 17.4307 -0.1799 car
1555 17.6435 -0.1775 car
1556 24.6408 0.1259 car
1556 17.6432 -0.1750 car
1557 17.8561 -0.1734 car
1558 18.0692 -0.1742 car
1559 18.3135 -0.1181 car
1560 18.2818 -0.1701 car
1561 18.4947 -0.1685 car
1562 18.4946 -0.1677 car
1562 24.8539 0.1259 car
1563 18.9206 -0.1669 car
1564 18.9203 -0.1644 car
1565 18.9202 -0.1636 car
1565 22.3087 0.0165 car
1566 19.3462 -0.1628 car
1567 19.3459 -0.1595 car
1568 19.5955 -0.0949 car
1568 24.8542 0.1226 car
1569 19.9206 -0.1025 car
1569 24.8543 0.1217 car
1570 24.5005 0.2872 car
1571 19.9846 -0.1554 car
1571 24.6412 0.1217 car
1572 20.4105 -0.1537 car
1572 24.4282 0.1217 car
1573 20.1974 -0.1537 car
1573 24.6413 0.1209 car
1574 20.4103 -0.1521 car
1575 20.7702 -0.1028 car
1576 20.8361 -0.1496 car
1576 24.6070 0.2709 car
1576 24.0134 0.0139 car
1577 20.8358 -0.1472 car
1577 24.7135 0.2710 car
1578 21.0489 -0.1472 car
1578 23.7892 0.1201 car
1579 21.2617 -0.1455 car
1579 23.7548 0.2872 car
1580 21.2617 -0.1447 car
1581 21.4745 -0.1431 car
1581 24.1745 0.2706 car
1582 21.9005 -0.1422 car
1583 21.9005 -0.1422 car
1584 22.3264 -0.1398 car
1584 24.2155 0.1184 car
1585 22.1131 -0.1381 car
1585 23.9324 0.2736 car
1586 22.5775 -0.0471 car
1587 22.5221 0.0131 car
1588 22.7521 -0.1365 car
1588 23.5394 0.2787 car
1589 24.2165 0.2572 car
1589 22.7351 0.0139 car
1590 23.3910 -0.1340 car
1591 23.4360 -0.0709 car
1591 23.9559 0.2617 car
1592 23.3743 0.0139 car
1592 23.2222 0.2710 car
1593 23.5873 0.0139 car
1594 23.8005 0.0131 car
1595 24.3875 0.2536 car
1595 23.8005 0.0131 car
1596 24.0135 0.0131 car
1596 23.9304 0.2571 car
1597 24.3940 -0.0631 car
1597 23.6939 0.2538 car
1598 23.9283 0.2514 car
1598 24.6527 0.0131 car
1599 24.0026 0.1168 car
1599 24.9266 -0.0789 car
1600 22.5112 0.1168 car
1601 24.8657 0.0139 car
1601 22.7938 0.2789 car
1602 22.9003 0.2789 car
1605 24.2157 0.1159 car
1606 24.2158 0.1151 car
1607 23.1506 0.1143 car
1610 23.2222 0.2546 car
1611 23.6483 0.2383 car
1612 24.2811 0.2213 car
1613 24.2811 0.2215 car
1614 4.2611 -0.5557 car
1615 4.2611 -0.5744 car
1615 23.3638 0.1126 car
1616 5.1133 -0.5191 car
1616 23.1509 0.1118 car
1617 22.2986 0.1118 car
1622 4.6872 -0.5557 car
1623 4.9003 -0.5373 car
1624 4.9003 -0.5191 car
1625 5.1133 -0.5010 car
1626 5.3264 -0.4831 car
1627 4.9003 -0.5932 car
1628 4.9003 -0.5744 car
1629 5.1133 -0.5557 car
1630 5.1133 -0.5191 car
1631 4.9003 -0.5744 car
1632 4.9003 -0.5744 car
1633 4.2611 -0.5557 car
1634 4.4742 -0.6714 car
1635 4.4742 -0.5932 car
1636 4.6872 -0.5373 car
1637 4.6872 -0.5744 car
1638 4.9003 -0.5557 car
1639 5.1133 -0.5744 car
1640 5.1133 -0.5191 car
1641 5.3264 -0.5191 car
1642 5.3264 -0.5373 car
1643 5.5394 -0.5191 car
1644 5.7525 -0.5191 car
1645 5.7525 -0.4654 car
1646 5.9655 -0.4654 car
1647 6.1786 -0.5191 car
1648 6.1786 -0.4305 car
1649 6.6047 -0.4479 car
1650 6.6047 -0.4479 car
1651 6.6047 -0.4132 car
1652 6.8178 -0.3961 car
1653 6.8178 -0.3791 car
1654 7.0308 -0.3622 car
1655 7.2439 -0.3287 car
1656 7.4569 -0.4132 car
1657 7.4569 -0.3287 car
1658 7.6700 -0.3121 car
1659 7.8830 -0.4132 car
1660 7.8830 -0.2792 car
1661 8.0961 -0.2956 car
1662 8.2899 -0.3530 car
1663 8.7303 -0.3012 car
1664 9.5673 -0.2386 car
1665 10.0719 -0.2548 car
1666 8.9254 -0.3223 car
1667 9.3630 -0.2971 car
1668 9.5615 -0.2734 car
1669 9.5758 -0.2971 car
1670 10.3585 -0.2509 car
1671 10.1117 -0.2725 car
1672 9.9880 -0.3002 car
1673 10.3208 -0.2647 car
1674 9.1614 -0.5932 car
1674 10.4130 -0.2902 car
1675 10.4130 -0.2902 car
1676 10.6249 -0.2810 car
1676 9.3744 -0.6124 car
1677 10.6248 -0.2802 car
1677 9.5875 -0.6124 car
1678 9.8005 -0.5932 car
1678 11.0503 -0.2747 car
1679 11.2920 -0.5060 car
1680 10.0136 -0.5744 car
1680 11.5046 -0.1903 car
1681 11.7119 -0.2311 car
