0 10.2599 -0.0524 cyclist
1 10.2599 -0.0524 cyclist
2 10.2599 -0.0524 cyclist
3 10.4830 0.0175 cyclist
4 10.4830 0.0175 cyclist
5 10.4830 0.0175 cyclist
6 10.4830 0.0175 cyclist
7 10.4830 0.0349 cyclist
8 10.4830 0.0524 cyclist
9 10.4830 0.0524 cyclist
10 10.2599 -0.0349 cyclist
11 10.4830 0.0175 cyclist
12 10.4830 0.0175 cyclist
13 10.4830 0.0175 cyclist
14 10.4830 -0.0349 cyclist
15 10.4830 -0.0349 cyclist
16 10.4830 -0.0349 cyclist
17 10.4830 0.0524 cyclist
18 10.4830 0.0349 cyclist
19 10.4830 0.0524 cyclist
20 10.7060 0.0698 cyclist
21 10.7060 0.0698 cyclist
22 10.4830 0.0349 cyclist
23 10.4830 0.0349 cyclist
24 10.4830 0.0349 cyclist
25 10.4830 0.0349 cyclist
26 10.4830 0.0349 cyclist
27 10.4830 0.0349 cyclist
28 10.4830 0.0524 cyclist
29 10.4830 0.0524 cyclist
30 10.4830 0.0175 cyclist
31 10.4830 0.0349 cyclist
32 10.4830 0.0698 cyclist
33 10.4830 0.0698 cyclist
34 10.4830 0.0698 cyclist
35 10.4830 0.0698 cyclist
36 10.4830 0.1047 cyclist
37 10.4830 0.0873 cyclist
38 10.4830 0.1047 cyclist
39 10.4830 0.1222 cyclist
40 10.4830 0.1222 cyclist
41 10.4830 0.1047 cyclist
42 10.4830 0.1047 cyclist
43 10.4830 0.1047 cyclist
44 10.4830 0.1047 cyclist
45 10.2599 0.1047 cyclist
46 10.4830 0.1047 cyclist
47 10.2599 0.1222 cyclist
48 10.2599 0.1222 cyclist
49 10.2599 0.1222 cyclist
50 10.2599 0.1571 cyclist
51 10.2599 0.1571 cyclist
52 10.2599 0.1571 cyclist
53 10.0369 0.1745 cyclist
54 10.0369 0.1745 cyclist
55 10.0369 0.1745 cyclist
56 10.0369 0.1745 cyclist
57 10.0369 0.1745 cyclist
58 10.0369 0.1745 cyclist
59 10.0369 0.1745 cyclist
60 10.0369 0.1920 cyclist
61 10.0369 0.1920 cyclist
62 10.0369 0.1571 cyclist
63 9.8138 0.2094 cyclist
64 9.8138 0.2443 cyclist
65 9.8138 0.2443 cyclist
66 9.8138 0.2443 cyclist
67 9.5908 0.2443 cyclist
68 9.8138 0.2094 cyclist
69 9.8138 0.2094 cyclist
70 9.8138 0.2094 cyclist
71 9.8138 0.2094 cyclist
72 9.8138 0.2094 cyclist
73 9.8138 0.2094 cyclist
74 9.3678 0.2618 cyclist
75 9.5908 0.2269 cyclist
76 9.5908 0.2269 cyclist
77 9.5908 0.2269 cyclist
78 9.5908 0.2269 cyclist
79 9.5908 0.2269 cyclist
80 9.1447 0.2967 cyclist
81 9.1447 0.2967 cyclist
82 9.1447 0.2793 cyclist
83 9.1447 0.2793 cyclist
84 9.3678 0.2793 cyclist
85 9.1447 0.3142 cyclist
86 9.1447 0.2967 cyclist
87 9.1447 0.3316 cyclist
88 9.1447 0.2967 cyclist
89 9.1447 0.2967 cyclist
90 9.1447 0.2967 cyclist
91 9.1447 0.2967 cyclist
92 9.1447 0.2967 cyclist
93 8.9217 0.3491 cyclist
94 8.9217 0.3491 cyclist
95 8.9217 0.3491 cyclist
96 8.9217 0.3491 cyclist
97 8.9217 0.3491 cyclist
98 8.9217 0.3491 cyclist
99 8.9217 0.3491 cyclist
100 8.9217 0.3491 cyclist
101 8.9217 0.3491 cyclist
102 8.9217 0.3491 cyclist
103 8.9217 0.3491 cyclist
104 8.9217 0.3491 cyclist
105 8.9217 0.3491 cyclist
106 8.9217 0.3491 cyclist
107 8.9217 0.3491 cyclist
108 8.9217 0.3491 cyclist
109 8.6986 0.3840 cyclist
110 8.4756 0.4189 cyclist
111 8.4756 0.4189 cyclist
112 8.4756 0.4189 cyclist
113 8.6986 0.3840 cyclist
114 8.6986 0.3840 cyclist
115 8.6986 0.3840 cyclist
116 8.4756 0.4189 cyclist
117 8.4756 0.4189 cyclist
118 8.4756 0.4189 cyclist
119 8.4756 0.4189 cyclist
120 8.2525 0.4363 cyclist
121 8.2525 0.4363 cyclist
122 8.2525 0.4363 cyclist
123 8.2525 0.4363 cyclist
124 8.0295 0.4712 cyclist
125 8.2525 0.4363 cyclist
126 8.0295 0.4538 cyclist
127 8.0295 0.4538 cyclist
128 8.0295 0.4538 cyclist
129 8.0295 0.4538 cyclist
130 8.0295 0.4538 cyclist
131 7.8065 0.4887 cyclist
132 7.8065 0.4887 cyclist
133 7.8065 0.4712 cyclist
134 7.8065 0.4712 cyclist
135 7.8065 0.4712 cyclist
136 7.8065 0.4712 cyclist
137 7.5834 0.5236 cyclist
138 7.5834 0.4712 cyclist
139 7.5834 0.4712 cyclist
140 7.5834 0.4712 cyclist
141 7.5834 0.4712 cyclist
142 7.5834 0.4712 cyclist
143 7.3604 0.5061 cyclist
144 7.3604 0.4887 cyclist
145 7.3604 0.4887 cyclist
146 7.3604 0.4887 cyclist
147 7.5834 0.4712 cyclist
148 7.3604 0.4712 cyclist
149 7.1373 0.5236 cyclist
150 6.6913 0.5411 cyclist
151 6.6913 0.5411 cyclist
152 6.9143 0.5061 cyclist
153 6.9143 0.5061 cyclist
154 6.6913 0.5061 cyclist
155 6.9143 0.5061 cyclist
156 6.9143 0.5061 cyclist
157 6.9143 0.5061 cyclist
158 6.9143 0.5061 cyclist
159 6.2452 0.5236 cyclist
160 6.6913 0.5236 cyclist
161 6.2452 0.5236 cyclist
162 6.2452 0.5411 cyclist
163 6.2452 0.5411 cyclist
164 6.2452 0.5236 cyclist
165 6.4682 0.5061 cyclist
166 6.4682 0.5061 cyclist
167 6.4682 0.5061 cyclist
168 6.4682 0.5061 cyclist
169 6.2452 0.5061 cyclist
170 6.2452 0.5061 cyclist
171 6.2452 0.5061 cyclist
172 5.7991 0.5061 cyclist
173 5.7991 0.5061 cyclist
174 5.7991 0.5061 cyclist
175 5.7991 0.5061 cyclist
176 5.7991 0.4712 cyclist
177 5.3530 0.4887 cyclist
178 5.3530 0.4887 cyclist
179 5.3530 0.4887 cyclist
180 5.3530 0.4887 cyclist
181 5.1300 0.4712 cyclist
182 5.1300 0.4712 cyclist
183 5.1300 0.4363 cyclist
184 5.1300 0.4363 cyclist
185 5.1300 0.4363 cyclist
186 5.1300 0.4363 cyclist
187 5.1300 0.4363 cyclist
188 4.9069 0.3840 cyclist
189 4.9069 0.3840 cyclist
190 4.9069 0.3840 cyclist
191 4.9069 0.3840 cyclist
192 4.9069 0.3840 cyclist
193 4.9069 0.3840 cyclist
194 4.9069 0.3491 cyclist
195 4.9069 0.3491 cyclist
196 4.9069 0.3491 cyclist
197 4.6839 0.2967 cyclist
198 4.9069 0.2967 cyclist
199 4.9069 0.3316 cyclist
200 4.9069 0.2967 cyclist
201 4.9069 0.2967 cyclist
202 4.9069 0.2967 cyclist
203 4.9069 0.2967 cyclist
204 4.9069 0.2967 cyclist
205 4.9069 0.2793 cyclist
206 4.9069 0.2793 cyclist
207 4.9069 0.2793 cyclist
208 4.9069 0.2443 cyclist
209 4.9069 0.2443 cyclist
210 4.9069 0.2793 cyclist
211 4.9069 0.2443 cyclist
212 4.9069 0.2094 cyclist
213 4.9069 0.2094 cyclist
214 4.9069 0.2094 cyclist
215 4.9069 0.2094 cyclist
216 4.9069 0.1745 cyclist
217 4.9069 0.1745 cyclist
218 4.9069 0.1745 cyclist
219 4.9069 0.1396 cyclist
220 4.9069 0.1745 cyclist
221 4.9069 0.1745 cyclist
222 4.9069 0.1745 cyclist
223 4.9069 0.1745 cyclist
224 4.9069 0.1745 cyclist
225 4.9069 0.1222 cyclist
226 4.9069 0.1222 cyclist
227 4.9069 0.1745 cyclist
228 4.9069 0.1047 cyclist
229 4.9069 0.0698 cyclist
230 4.9069 0.0698 cyclist
231 4.9069 0.0698 cyclist
232 5.1300 0.0175 cyclist
233 5.1300 0.0175 cyclist
234 5.1300 0.0175 cyclist
235 5.1300 0.0175 cyclist
236 5.1300 -0.0175 cyclist
237 5.1300 -0.0175 cyclist
238 5.1300 -0.0175 cyclist
239 5.1300 -0.0175 cyclist
240 5.1300 -0.0175 cyclist
241 5.1300 -0.0175 cyclist
242 5.3530 -0.0524 cyclist
243 5.3530 -0.0524 cyclist
244 5.3530 -0.0524 cyclist
245 5.3530 -0.0524 cyclist
246 5.3530 -0.0524 cyclist
247 5.3530 -0.0524 cyclist
248 5.5760 -0.0873 cyclist
249 5.5760 -0.0873 cyclist
250 5.5760 -0.0873 cyclist
251 5.5760 -0.0873 cyclist
252 5.7991 -0.1222 cyclist
253 5.7991 -0.1222 cyclist
254 5.7991 -0.1222 cyclist
255 5.7991 -0.1222 cyclist
256 5.7991 -0.1222 cyclist
257 6.6913 -0.2094 cyclist
258 6.6913 -0.2094 cyclist
259 6.2452 -0.1745 cyclist
260 6.0221 -0.1571 cyclist
261 6.0221 -0.1571 cyclist
262 6.0221 -0.1571 cyclist
263 6.2452 -0.1745 cyclist
264 6.2452 -0.1745 cyclist
265 6.4682 -0.1745 cyclist
266 6.2452 -0.1745 cyclist
267 6.2452 -0.1745 cyclist
268 6.4682 -0.1920 cyclist
269 6.6913 -0.1920 cyclist
270 6.6913 -0.1920 cyclist
271 6.6913 -0.1920 cyclist
272 6.9143 -0.1920 cyclist
273 6.9143 -0.1920 cyclist
274 6.9143 -0.1920 cyclist
275 6.9143 -0.1920 cyclist
276 6.9143 -0.2094 cyclist
277 6.9143 -0.2094 cyclist
278 6.9143 -0.2094 cyclist
279 7.3604 -0.2094 cyclist
280 7.3604 -0.2094 cyclist
281 7.3604 -0.2094 cyclist
282 7.3604 -0.2094 cyclist
283 7.5834 -0.1920 cyclist
284 7.5834 -0.1920 cyclist
285 7.5834 -0.1920 cyclist
286 7.5834 -0.1920 cyclist
287 7.5834 -0.1920 cyclist
288 7.5834 -0.2269 cyclist
289 7.8065 -0.2094 cyclist
290 7.8065 -0.2094 cyclist
291 8.2525 -0.2094 cyclist
292 8.2525 -0.2094 cyclist
293 8.0295 -0.2269 cyclist
294 8.0295 -0.2094 cyclist
295 8.2525 -0.2094 cyclist
296 8.4756 -0.1920 cyclist
297 8.2525 -0.2094 cyclist
298 8.4756 -0.2094 cyclist
299 8.4756 -0.2094 cyclist
300 8.6986 -0.1920 cyclist
301 8.6986 -0.2094 cyclist
302 8.6986 -0.2094 cyclist
303 8.6986 -0.2094 cyclist
304 8.6986 -0.2094 cyclist
305 8.6986 -0.2094 cyclist
306 9.1447 -0.2094 cyclist
307 8.9217 -0.2094 cyclist
308 8.9217 -0.2094 cyclist
309 8.9217 -0.2094 cyclist
310 9.1447 -0.2094 cyclist
311 9.3678 -0.2269 cyclist
312 9.1447 -0.2094 cyclist
313 9.1447 -0.2094 cyclist
314 9.1447 -0.2094 cyclist
315 9.1447 -0.2094 cyclist
316 9.5908 -0.2269 cyclist
317 9.5908 -0.2269 cyclist
318 9.5908 -0.2269 cyclist
319 10.4830 -0.2269 cyclist
320 10.0369 -0.2443 cyclist
321 10.0369 -0.2443 cyclist
322 10.0369 -0.2443 cyclist
323 9.8138 -0.2269 cyclist
324 10.0369 -0.2443 cyclist
325 10.0369 -0.2269 cyclist
326 10.0369 -0.2094 cyclist
327 10.0369 -0.2094 cyclist
328 10.0369 -0.2094 cyclist
329 10.2599 -0.2269 cyclist
330 10.2599 -0.2269 cyclist
331 10.4830 -0.2269 cyclist
332 10.2599 -0.2443 cyclist
333 10.4830 -0.1920 cyclist
334 10.4830 -0.2094 cyclist
335 10.4830 -0.2094 cyclist
336 10.7060 -0.2094 cyclist
337 10.7060 -0.2094 cyclist
338 10.7060 -0.2094 cyclist
339 10.9290 -0.2094 cyclist
340 11.1521 -0.2094 cyclist
341 10.9290 -0.2094 cyclist
342 10.9290 -0.2094 cyclist
343 11.3751 -0.1920 cyclist
344 11.1521 -0.2094 cyclist
345 11.1521 -0.2094 cyclist
346 11.1521 -0.2094 cyclist
347 11.5982 -0.1920 cyclist
348 11.5982 -0.1920 cyclist
349 11.3751 -0.1920 cyclist
350 12.2673 -0.1571 cyclist
351 11.8212 -0.1920 cyclist
352 11.5982 -0.1745 cyclist
353 11.5982 -0.1745 cyclist
354 11.3751 -0.1920 cyclist
355 11.5982 -0.1745 cyclist
356 11.8212 -0.1571 cyclist
357 11.8212 -0.1920 cyclist
358 11.8212 -0.1571 cyclist
359 11.8212 -0.1571 cyclist
360 12.7134 -0.1222 cyclist
361 12.7134 -0.1222 cyclist
362 12.7134 -0.1222 cyclist
363 12.2673 -0.1396 cyclist
364 12.0443 -0.1396 cyclist
365 12.0443 -0.1396 cyclist
366 12.2673 -0.1222 cyclist
367 12.9364 -0.0873 cyclist
368 12.2673 -0.1396 cyclist
369 12.2673 -0.1396 cyclist
370 12.2673 -0.1396 cyclist
371 12.2673 -0.1222 cyclist
372 12.7134 -0.1047 cyclist
373 12.4903 -0.1222 cyclist
374 12.4903 -0.1222 cyclist
375 12.4903 -0.1222 cyclist
376 12.4903 -0.1047 cyclist
377 12.4903 -0.1047 cyclist
378 12.7134 -0.0873 cyclist
379 12.4903 -0.0698 cyclist
380 12.7134 -0.0698 cyclist
381 12.7134 -0.0698 cyclist
382 12.7134 -0.0873 cyclist
383 12.7134 -0.0873 cyclist
384 12.7134 -0.0524 cyclist
385 12.7134 -0.0524 cyclist
386 12.7134 -0.0524 cyclist
387 12.9364 -0.0698 cyclist
388 12.9364 -0.0698 cyclist
389 12.9364 -0.0698 cyclist
390 12.9364 -0.0698 cyclist
391 12.9364 -0.0698 cyclist
392 12.9364 -0.0524 cyclist
393 12.9364 -0.0524 cyclist
394 12.9364 -0.0524 cyclist
395 12.9364 -0.0349 cyclist
396 12.9364 -0.0349 cyclist
397 12.9364 -0.0175 cyclist
398 12.9364 0.0000 cyclist
399 12.9364 -0.0175 cyclist
400 12.9364 0.0175 cyclist
401 12.9364 0.0175 cyclist
402 12.9364 -0.0175 cyclist
403 12.9364 -0.0175 cyclist
404 13.1595 0.0873 cyclist
405 13.1595 0.0873 cyclist
406 12.9364 0.0349 cyclist
407 12.9364 0.0349 cyclist
408 13.1595 0.0175 cyclist
409 12.9364 0.0175 cyclist
410 13.1595 0.0349 cyclist
411 13.1595 0.0349 cyclist
412 12.9364 0.0349 cyclist
413 13.1595 0.0524 cyclist
414 13.1595 0.0524 cyclist
415 13.1595 0.0524 cyclist
416 13.1595 0.0524 cyclist
417 13.1595 0.0873 cyclist
418 13.1595 0.0873 cyclist
419 13.1595 0.1047 cyclist
420 13.1595 0.1047 cyclist
421 13.1595 0.1047 cyclist
422 13.1595 0.1047 cyclist
423 13.1595 0.1047 cyclist
424 13.1595 0.1047 cyclist
425 13.1595 0.1047 cyclist
426 13.1595 0.1047 cyclist
427 13.1595 0.1047 cyclist
428 13.1595 0.1047 cyclist
429 13.1595 0.1047 cyclist
430 13.1595 0.1047 cyclist
431 13.1595 0.1047 cyclist
432 13.1595 0.1047 cyclist
433 13.1595 0.1396 cyclist
434 13.1595 0.1396 cyclist
435 13.1595 0.1396 cyclist
436 13.1595 0.1396 cyclist
437 13.1595 0.1396 cyclist
438 13.3825 0.1571 cyclist
439 13.3825 0.1571 cyclist
440 13.3825 0.1571 cyclist
441 13.3825 0.1571 cyclist
442 13.3825 0.1571 cyclist
443 13.3825 0.2094 cyclist
444 13.3825 0.2094 cyclist
445 13.3825 0.2094 cyclist
446 13.3825 0.1745 cyclist
447 13.3825 0.1745 cyclist
448 13.3825 0.1745 cyclist
449 13.3825 0.1745 cyclist
450 13.3825 0.1745 cyclist
451 13.3825 0.1745 cyclist
452 13.1595 0.2094 cyclist
453 13.1595 0.2094 cyclist
454 13.1595 0.2094 cyclist
455 13.1595 0.2094 cyclist
456 13.1595 0.2094 cyclist
457 13.1595 0.2094 cyclist
458 13.1595 0.2094 cyclist
459 13.1595 0.2094 cyclist
460 13.1595 0.2094 cyclist
461 13.1595 0.2094 cyclist
462 13.1595 0.2443 cyclist
463 13.1595 0.2443 cyclist
464 13.1595 0.2443 cyclist
465 13.1595 0.2443 cyclist
466 13.1595 0.2443 cyclist
467 13.1595 0.2443 cyclist
468 13.1595 0.2443 cyclist
469 13.1595 0.2443 cyclist
470 13.1595 0.2443 cyclist
471 13.1595 0.2443 cyclist
472 12.9364 0.2967 cyclist
473 12.9364 0.2967 cyclist
474 12.9364 0.2967 cyclist
475 13.1595 0.2793 cyclist
476 13.1595 0.2793 cyclist
477 12.9364 0.3142 cyclist
478 12.9364 0.3142 cyclist
479 12.9364 0.3142 cyclist
480 12.9364 0.3142 cyclist
481 12.9364 0.3142 cyclist
482 12.7134 0.3316 cyclist
483 12.7134 0.3316 cyclist
484 12.7134 0.3316 cyclist
485 12.4903 0.3491 cyclist
486 12.4903 0.3491 cyclist
487 12.4903 0.3316 cyclist
488 12.4903 0.3316 cyclist
489 12.4903 0.3316 cyclist
490 12.2673 0.3491 cyclist
491 12.7134 0.3316 cyclist
492 12.2673 0.3491 cyclist
493 12.2673 0.3491 cyclist
494 12.7134 0.3142 cyclist
495 12.2673 0.3316 cyclist
496 12.2673 0.3316 cyclist
497 12.2673 0.3316 cyclist
498 12.2673 0.3316 cyclist
499 12.2673 0.3316 cyclist
500 12.2673 0.3316 cyclist
501 11.8212 0.3491 cyclist
502 11.5982 0.3840 cyclist
503 12.4903 0.3491 cyclist
504 12.0443 0.3491 cyclist
505 12.4903 0.3491 cyclist
506 11.5982 0.3840 cyclist
507 11.8212 0.3491 cyclist
508 11.8212 0.3491 cyclist
509 11.3751 0.3665 cyclist
510 11.3751 0.3665 cyclist
511 11.5982 0.3665 cyclist
512 11.5982 0.3665 cyclist
513 11.1521 0.3840 cyclist
514 11.5982 0.3665 cyclist
515 11.5982 0.3665 cyclist
516 11.3751 0.3840 cyclist
517 11.3751 0.3840 cyclist
518 11.3751 0.3840 cyclist
519 11.3751 0.3840 cyclist
520 10.7060 0.3840 cyclist
521 11.1521 0.3840 cyclist
522 11.1521 0.3840 cyclist
523 11.1521 0.3840 cyclist
524 11.1521 0.3840 cyclist
525 10.9290 0.3665 cyclist
526 10.9290 0.3665 cyclist
527 10.9290 0.3665 cyclist
528 10.2599 0.3665 cyclist
529 10.2599 0.3665 cyclist
530 10.2599 0.3665 cyclist
531 10.9290 0.3665 cyclist
532 10.9290 0.3840 cyclist
533 10.4830 0.3840 cyclist
534 10.0369 0.3840 cyclist
535 10.0369 0.3840 cyclist
536 10.2599 0.3840 cyclist
537 10.0369 0.3840 cyclist
538 10.0369 0.3840 cyclist
539 10.0369 0.3840 cyclist
540 9.5908 0.4014 cyclist
541 9.5908 0.4014 cyclist
542 9.5908 0.4189 cyclist
543 9.8138 0.4014 cyclist
544 10.2599 0.4014 cyclist
545 9.5908 0.4014 cyclist
546 9.5908 0.4189 cyclist
547 9.3678 0.4189 cyclist
548 9.5908 0.4189 cyclist
549 9.3678 0.4189 cyclist
550 9.3678 0.4189 cyclist
551 9.3678 0.4189 cyclist
552 9.1447 0.4363 cyclist
553 9.1447 0.4363 cyclist
554 8.9217 0.4363 cyclist
555 8.9217 0.4363 cyclist
556 9.8138 0.4189 cyclist
557 9.8138 0.4189 cyclist
558 8.9217 0.4363 cyclist
559 8.9217 0.4363 cyclist
560 8.9217 0.4363 cyclist
561 8.6986 0.4538 cyclist
562 8.9217 0.4363 cyclist
563 8.4756 0.4538 cyclist
564 8.4756 0.4538 cyclist
565 8.6986 0.4363 cyclist
566 8.6986 0.4363 cyclist
567 8.6986 0.4363 cyclist
568 8.6986 0.4363 cyclist
569 8.6986 0.4363 cyclist
570 8.6986 0.4363 cyclist
571 8.0295 0.4538 cyclist
572 8.4756 0.4189 cyclist
573 8.4756 0.4189 cyclist
574 8.4756 0.4189 cyclist
575 7.8065 0.4363 cyclist
576 8.0295 0.4363 cyclist
577 7.8065 0.4538 cyclist
578 7.8065 0.4538 cyclist
579 8.0295 0.4363 cyclist
580 8.0295 0.4363 cyclist
581 7.5834 0.4363 cyclist
582 7.5834 0.4189 cyclist
583 7.3604 0.3840 cyclist
584 7.5834 0.4189 cyclist
585 7.8065 0.4189 cyclist
586 7.3604 0.4014 cyclist
587 7.1373 0.4014 cyclist
588 7.1373 0.4014 cyclist
589 7.1373 0.4014 cyclist
590 7.1373 0.4014 cyclist
591 7.1373 0.3840 cyclist
592 6.9143 0.3665 cyclist
593 6.9143 0.3665 cyclist
594 7.1373 0.3840 cyclist
595 6.9143 0.3840 cyclist
596 6.6913 0.3665 cyclist
597 6.9143 0.3840 cyclist
598 6.6913 0.3665 cyclist
599 6.6913 0.3665 cyclist
600 6.6913 0.3665 cyclist
601 6.6913 0.3665 cyclist
602 6.4682 0.3491 cyclist
603 6.4682 0.3491 cyclist
604 6.4682 0.3491 cyclist
605 6.9143 0.3840 cyclist
606 6.2452 0.3316 cyclist
607 6.9143 0.3665 cyclist
608 6.6913 0.3491 cyclist
609 6.6913 0.3491 cyclist
610 6.0221 0.3316 cyclist
611 6.0221 0.3316 cyclist
612 6.0221 0.3316 cyclist
613 6.0221 0.3142 cyclist
614 6.0221 0.3142 cyclist
615 6.0221 0.3142 cyclist
616 6.0221 0.3142 cyclist
617 6.0221 0.3142 cyclist
618 5.5760 0.2618 cyclist
619 6.2452 0.2967 cyclist
620 5.7991 0.2793 cyclist
621 5.5760 0.2618 cyclist
622 5.5760 0.2618 cyclist
623 5.7991 0.2793 cyclist
624 5.3530 0.2618 cyclist
625 5.7991 0.2618 cyclist
626 5.7991 0.2618 cyclist
627 5.3530 0.2443 cyclist
628 5.3530 0.2269 cyclist
629 5.1300 0.2269 cyclist
630 5.1300 0.1920 cyclist
631 5.5760 0.2269 cyclist
632 5.5760 0.2269 cyclist
633 5.5760 0.2269 cyclist
634 5.5760 0.1920 cyclist
635 5.1300 0.1571 cyclist
636 5.1300 0.1571 cyclist
637 5.1300 0.1571 cyclist
638 4.9069 0.1222 cyclist
639 4.9069 0.1222 cyclist
640 4.9069 0.1047 cyclist
641 4.9069 0.0873 cyclist
642 4.9069 0.0873 cyclist
643 4.9069 0.0873 cyclist
644 4.9069 0.0698 cyclist
645 4.9069 0.0698 cyclist
646 4.9069 0.0698 cyclist
647 4.9069 0.0349 cyclist
648 5.1300 0.0873 cyclist
649 4.9069 0.0524 cyclist
650 5.1300 0.0349 cyclist
651 5.1300 0.0524 cyclist
652 5.1300 0.0349 cyclist
653 5.1300 0.0175 cyclist
654 5.1300 0.0175 cyclist
655 5.1300 0.0175 cyclist
656 5.1300 -0.0175 cyclist
657 5.1300 -0.0175 cyclist
658 5.1300 -0.0175 cyclist
659 5.1300 -0.0175 cyclist
660 5.1300 -0.0175 cyclist
661 5.1300 -0.0175 cyclist
662 5.1300 -0.0175 cyclist
663 5.1300 -0.0698 cyclist
664 5.1300 -0.0698 cyclist
665 5.1300 -0.0698 cyclist
666 5.1300 -0.0698 cyclist
667 5.1300 -0.0698 cyclist
668 5.1300 -0.1047 cyclist
669 5.1300 -0.1047 cyclist
670 5.1300 -0.1047 cyclist
671 5.1300 -0.1396 cyclist
672 5.1300 -0.1396 cyclist
673 5.1300 -0.1396 cyclist
674 5.3530 -0.1745 cyclist
675 5.3530 -0.1745 cyclist
676 5.3530 -0.1745 cyclist
677 5.3530 -0.1745 cyclist
678 5.5760 -0.2269 cyclist
679 5.5760 -0.2269 cyclist
680 5.5760 -0.2269 cyclist
681 5.5760 -0.2269 cyclist
682 5.5760 -0.2269 cyclist
683 5.5760 -0.2269 cyclist
684 5.5760 -0.2269 cyclist
685 5.5760 -0.2269 cyclist
686 5.7991 -0.2443 cyclist
687 5.7991 -0.2618 cyclist
688 5.7991 -0.2618 cyclist
689 6.0221 -0.2967 cyclist
690 6.0221 -0.2967 cyclist
691 6.0221 -0.2967 cyclist
692 6.0221 -0.2967 cyclist
693 6.0221 -0.2967 cyclist
694 6.0221 -0.2967 cyclist
695 6.0221 -0.2967 cyclist
696 6.2452 -0.3142 cyclist
697 6.2452 -0.3142 cyclist
698 6.4682 -0.3142 cyclist
699 6.4682 -0.3142 cyclist
700 6.4682 -0.3142 cyclist
701 6.4682 -0.3142 cyclist
702 6.4682 -0.3142 cyclist
703 6.4682 -0.3142 cyclist
704 6.9143 -0.3142 cyclist
705 6.9143 -0.3142 cyclist
706 6.9143 -0.3142 cyclist
707 6.9143 -0.3142 cyclist
708 6.9143 -0.3142 cyclist
709 6.9143 -0.3142 cyclist
710 7.3604 -0.3142 cyclist
711 7.3604 -0.3142 cyclist
712 7.3604 -0.3142 cyclist
713 7.3604 -0.3142 cyclist
714 7.3604 -0.3142 cyclist
715 7.8065 -0.2967 cyclist
716 7.8065 -0.2967 cyclist
717 7.8065 -0.2967 cyclist
718 7.8065 -0.2967 cyclist
719 7.8065 -0.2967 cyclist
720 7.8065 -0.2967 cyclist
721 7.8065 -0.2967 cyclist
722 8.2525 -0.2967 cyclist
723 8.2525 -0.2967 cyclist
724 8.2525 -0.2967 cyclist
725 8.4756 -0.2618 cyclist
726 8.4756 -0.2618 cyclist
727 8.4756 -0.2618 cyclist
728 8.4756 -0.2618 cyclist
729 8.4756 -0.2618 cyclist
730 8.4756 -0.2618 cyclist
731 8.4756 -0.2618 cyclist
732 8.9217 -0.2443 cyclist
733 8.9217 -0.2443 cyclist
734 8.9217 -0.2443 cyclist
735 8.9217 -0.2443 cyclist
736 8.9217 -0.2443 cyclist
737 9.5908 -0.1920 cyclist
738 9.5908 -0.1920 cyclist
739 8.9217 -0.2443 cyclist
740 8.9217 -0.2443 cyclist
741 9.1447 -0.2269 cyclist
742 9.8138 -0.1920 cyclist
743 9.8138 -0.1920 cyclist
744 9.8138 -0.1920 cyclist
745 9.8138 -0.1920 cyclist
746 9.3678 -0.1920 cyclist
747 9.3678 -0.1920 cyclist
748 10.2599 -0.1222 cyclist
749 9.3678 -0.1920 cyclist
750 9.3678 -0.1920 cyclist
751 9.3678 -0.1920 cyclist
752 9.8138 -0.1920 cyclist
753 9.5908 -0.1745 cyclist
754 10.0369 -0.1745 cyclist
755 9.8138 -0.1745 cyclist
756 9.8138 -0.1745 cyclist
757 9.8138 -0.1745 cyclist
758 10.0369 -0.1396 cyclist
759 10.0369 -0.1396 cyclist
760 10.0369 -0.1396 cyclist
761 10.0369 -0.1396 cyclist
762 10.2599 -0.1222 cyclist
763 10.4830 -0.1222 cyclist
764 10.4830 -0.1222 cyclist
765 10.2599 -0.1047 cyclist
766 10.2599 -0.1047 cyclist
767 10.2599 -0.1047 cyclist
768 10.7060 -0.1047 cyclist
769 10.7060 -0.1047 cyclist
770 10.7060 -0.1047 cyclist
771 10.7060 -0.1047 cyclist
772 10.7060 -0.1047 cyclist
773 10.7060 -0.1047 cyclist
774 10.7060 -0.1047 cyclist
775 10.7060 -0.1047 cyclist
776 10.7060 -0.1047 cyclist
777 10.7060 -0.0698 cyclist
778 10.9290 -0.0698 cyclist
779 10.9290 -0.0698 cyclist
780 10.9290 -0.0698 cyclist
781 10.9290 -0.0698 cyclist
782 11.3751 -0.0698 cyclist
783 11.3751 -0.0698 cyclist
784 11.3751 -0.0698 cyclist
785 11.3751 -0.0698 cyclist
786 11.3751 -0.0698 cyclist
787 11.3751 -0.0698 cyclist
788 11.3751 -0.0698 cyclist
789 11.3751 -0.0524 cyclist
790 11.5982 -0.0349 cyclist
791 11.5982 -0.0349 cyclist
792 11.5982 -0.0349 cyclist
793 11.5982 -0.0524 cyclist
794 11.5982 -0.0524 cyclist
795 11.8212 -0.0349 cyclist
796 11.8212 -0.0349 cyclist
797 11.8212 -0.0349 cyclist
798 11.8212 -0.0349 cyclist
799 11.8212 -0.0349 cyclist
800 12.2673 -0.0349 cyclist
801 12.2673 -0.0349 cyclist
802 12.2673 -0.0349 cyclist
803 12.2673 -0.0349 cyclist
804 12.7134 -0.0175 cyclist
805 12.7134 -0.0175 cyclist
806 12.7134 -0.0175 cyclist
807 12.7134 -0.0175 cyclist
808 12.7134 -0.0175 cyclist
809 12.7134 -0.0175 cyclist
810 12.7134 -0.0175 cyclist
811 12.7134 -0.0175 cyclist
812 12.7134 -0.0175 cyclist
813 12.7134 -0.0175 cyclist
814 12.9364 -0.0349 cyclist
815 12.9364 -0.0349 cyclist
816 12.9364 -0.0349 cyclist
817 12.9364 -0.0349 cyclist
818 13.3825 -0.0349 cyclist
819 13.3825 -0.0349 cyclist
820 13.3825 -0.0349 cyclist
821 13.3825 -0.0349 cyclist
822 13.3825 -0.0349 cyclist
823 13.3825 -0.0349 cyclist
824 13.3825 -0.0349 cyclist
825 13.6056 -0.0524 cyclist
826 13.6056 -0.0524 cyclist
827 13.6056 -0.0524 cyclist
828 13.8286 -0.0873 cyclist
829 13.8286 -0.0873 cyclist
830 13.8286 -0.0873 cyclist
831 13.8286 -0.0873 cyclist
832 13.8286 -0.0873 cyclist
833 13.8286 -0.0873 cyclist
834 14.0516 -0.0873 cyclist
835 14.0516 -0.0873 cyclist
836 14.2747 -0.0873 cyclist
837 14.2747 -0.0873 cyclist
838 14.2747 -0.0873 cyclist
839 14.2747 -0.0873 cyclist
840 14.2747 -0.0873 cyclist
841 14.2747 -0.0873 cyclist
842 14.2747 -0.0873 cyclist
843 14.4977 -0.1047 cyclist
844 14.4977 -0.1047 cyclist
845 14.4977 -0.1047 cyclist
846 14.4977 -0.1047 cyclist
847 14.7208 -0.1047 cyclist
848 14.7208 -0.1047 cyclist
849 14.7208 -0.1047 cyclist
850 14.7208 -0.1047 cyclist
851 14.9438 -0.1047 cyclist
852 14.9438 -0.1047 cyclist
853 14.9438 -0.1047 cyclist
854 14.9438 -0.1047 cyclist
855 14.9438 -0.1047 cyclist
856 15.3899 -0.1222 cyclist
857 15.3899 -0.1222 cyclist
858 15.3899 -0.1222 cyclist
859 15.3899 -0.1222 cyclist
860 15.3899 -0.1222 cyclist
861 15.3899 -0.1222 cyclist
862 15.8360 -0.1047 cyclist
863 15.8360 -0.1047 cyclist
864 15.8360 -0.1047 cyclist
865 15.8360 -0.1047 cyclist
866 15.8360 -0.1047 cyclist
867 15.8360 -0.1047 cyclist
868 15.8360 -0.1047 cyclist
869 15.8360 -0.1047 cyclist
870 15.8360 -0.1047 cyclist
871 15.8360 -0.1047 cyclist
872 16.2821 -0.1047 cyclist
873 16.2821 -0.1047 cyclist
874 16.2821 -0.1047 cyclist
875 16.2821 -0.1047 cyclist
876 16.2821 -0.1047 cyclist
877 16.2821 -0.1047 cyclist
878 16.7281 -0.0873 cyclist
879 16.7281 -0.0873 cyclist
880 16.7281 -0.0873 cyclist
881 16.7281 -0.0873 cyclist
882 16.7281 -0.0873 cyclist
883 16.7281 -0.0873 cyclist
884 16.7281 -0.0873 cyclist
885 16.7281 -0.0873 cyclist
886 16.7281 -0.0698 cyclist
887 16.7281 -0.0698 cyclist
888 16.7281 -0.0698 cyclist
889 16.7281 -0.0698 cyclist
890 17.1742 -0.0698 cyclist
891 17.1742 -0.0698 cyclist
892 17.1742 -0.0698 cyclist
893 17.1742 -0.0698 cyclist
894 17.1742 -0.0698 cyclist
895 17.1742 -0.0698 cyclist
896 17.1742 -0.0698 cyclist
