0 7.1373 0.2094 cyclist
0 17.3973 0.3840 car
0 11.8212 0.7679 car
1 7.1373 0.2967 cyclist
1 17.3973 0.3840 car
1 11.8212 0.7679 car
2 7.1373 0.2967 cyclist
2 17.3973 0.3840 car
2 11.8212 0.7679 car
3 7.1373 0.2967 cyclist
3 17.3973 0.3840 car
3 11.8212 0.7679 car
4 7.1373 0.2967 cyclist
4 17.3973 0.3840 car
4 11.8212 0.7679 car
5 7.1373 0.2967 cyclist
5 17.3973 0.3840 car
5 11.8212 0.7679 car
6 7.1373 0.2967 cyclist
6 17.3973 0.3840 car
6 11.8212 0.7679 car
7 7.1373 0.2967 cyclist
7 17.3973 0.3840 car
7 11.8212 0.7679 car
8 7.1373 0.2967 cyclist
8 17.3973 0.3840 car
8 11.8212 0.7679 car
9 7.1373 0.2967 cyclist
9 17.3973 0.3840 car
9 11.8212 0.7679 car
10 7.1373 0.2967 cyclist
10 17.3973 0.3840 car
10 11.8212 0.7679 car
11 7.1373 0.2967 cyclist
11 17.3973 0.3840 car
11 11.8212 0.7679 car
12 7.1373 0.2967 cyclist
12 17.3973 0.3840 car
12 11.8212 0.7679 car
13 7.1373 0.3840 cyclist
13 17.3973 0.3840 car
13 11.8212 0.7679 car
14 7.1373 0.3840 cyclist
14 17.3973 0.3840 car
14 11.8212 0.7679 car
15 7.1373 0.3840 cyclist
15 17.3973 0.3840 car
15 11.8212 0.7679 car
16 7.1373 0.3840 cyclist
16 17.3973 0.3840 car
16 11.8212 0.7679 car
17 7.1373 0.3840 cyclist
17 17.3973 0.3840 car
17 11.8212 0.7679 car
18 7.1373 0.3840 cyclist
18 17.3973 0.3840 car
18 11.8212 0.7679 car
19 7.1373 0.4363 cyclist
19 17.3973 0.3840 car
19 11.8212 0.7679 car
20 7.1373 0.4363 cyclist
20 17.3973 0.3840 car
20 11.8212 0.7679 car
21 7.1373 0.4363 cyclist
21 17.3973 0.3840 car
21 11.8212 0.7679 car
22 7.1373 0.4363 cyclist
22 17.3973 0.3840 car
22 11.8212 0.7679 car
23 7.1373 0.4363 cyclist
23 17.3973 0.3840 car
23 11.8212 0.7679 car
24 7.1373 0.4363 cyclist
24 17.3973 0.3840 car
24 11.8212 0.7679 car
25 7.1373 0.4363 cyclist
25 17.3973 0.3840 car
25 11.8212 0.7679 car
26 7.1373 0.4363 cyclist
26 17.3973 0.3840 car
26 11.8212 0.7679 car
27 7.1373 0.4363 cyclist
27 17.3973 0.3840 car
27 11.8212 0.7679 car
28 7.1373 0.4363 cyclist
28 17.3973 0.3840 car
28 11.8212 0.7679 car
29 7.1373 0.4363 cyclist
29 17.3973 0.3840 car
29 11.8212 0.7679 car
30 7.3604 0.5061 cyclist
30 17.3973 0.3840 car
30 11.8212 0.7679 car
31 7.3604 0.5061 cyclist
31 17.3973 0.3840 car
31 11.8212 0.7679 car
32 7.3604 0.5061 cyclist
32 17.3973 0.3840 car
32 11.8212 0.7679 car
33 7.3604 0.5061 cyclist
33 17.3973 0.3840 car
33 11.8212 0.7679 car
34 7.3604 0.5061 cyclist
34 17.3973 0.3840 car
34 11.8212 0.7679 car
35 7.3604 0.5061 cyclist
35 17.3973 0.3840 car
35 11.8212 0.7679 car
36 7.3604 0.5061 cyclist
36 17.3973 0.3840 car
36 11.8212 0.7679 car
37 7.3604 0.5061 cyclist
37 17.3973 0.3840 car
37 11.8212 0.7679 car
38 7.3604 0.5061 cyclist
38 17.3973 0.3840 car
38 11.8212 0.7679 car
39 7.3604 0.5061 cyclist
39 17.3973 0.3840 car
39 11.8212 0.7679 car
40 7.3604 0.5061 cyclist
40 17.3973 0.3840 car
40 11.8212 0.7679 car
41 7.3604 0.5061 cyclist
41 17.3973 0.3840 car
41 11.8212 0.7679 car
42 7.3604 0.5061 cyclist
42 17.3973 0.3840 car
42 11.8212 0.7679 car
43 7.3604 0.5061 cyclist
43 17.3973 0.3840 car
43 11.8212 0.7679 car
44 7.8065 0.5934 cyclist
44 17.3973 0.3840 car
44 11.8212 0.7679 car
45 7.8065 0.5934 cyclist
45 17.3973 0.3840 car
45 11.8212 0.7679 car
46 7.8065 0.5934 cyclist
46 17.3973 0.3840 car
46 11.8212 0.7679 car
47 7.8065 0.5934 cyclist
47 17.3973 0.3840 car
47 11.8212 0.7679 car
48 7.8065 0.5934 cyclist
48 17.3973 0.3840 car
48 11.8212 0.7679 car
49 7.8065 0.5934 cyclist
49 17.3973 0.3840 car
49 11.8212 0.7679 car
50 7.8065 0.5934 cyclist
50 17.3973 0.3840 car
50 11.8212 0.7679 car
51 7.8065 0.5934 cyclist
51 17.3973 0.3840 car
51 11.8212 0.7679 car
52 7.8065 0.5934 cyclist
52 17.3973 0.3840 car
52 11.8212 0.7679 car
53 7.8065 0.5934 cyclist
53 17.3973 0.3840 car
53 11.8212 0.7679 car
54 7.8065 0.5934 cyclist
54 17.3973 0.3840 car
54 11.8212 0.7679 car
55 7.8065 0.5934 cyclist
55 17.3973 0.3840 car
55 11.8212 0.7679 car
56 7.8065 0.5934 cyclist
56 17.3973 0.3840 car
56 11.8212 0.7679 car
57 7.8065 0.5934 cyclist
57 17.3973 0.3840 car
57 11.8212 0.7679 car
58 8.4756 0.6283 cyclist
58 17.3973 0.3840 car
58 11.8212 0.7679 car
59 8.4756 0.6283 cyclist
59 17.3973 0.3840 car
59 11.8212 0.7679 car
60 8.4756 0.6283 cyclist
60 17.3973 0.3840 car
60 11.8212 0.7679 car
61 8.4756 0.6283 cyclist
61 17.3973 0.3840 car
61 11.8212 0.7679 car
62 8.4756 0.6283 cyclist
62 17.3973 0.3840 car
62 11.8212 0.7679 car
63 8.4756 0.6283 cyclist
63 17.1742 0.3665 car
63 11.8212 0.7679 car
64 8.4756 0.6283 cyclist
64 17.1742 0.3665 car
64 11.8212 0.7679 car
65 8.4756 0.6283 cyclist
65 17.1742 0.3665 car
65 11.8212 0.7679 car
66 8.4756 0.6283 cyclist
66 17.1742 0.3665 car
66 11.8212 0.7679 car
67 8.4756 0.6283 cyclist
67 17.1742 0.3665 car
67 11.8212 0.7679 car
68 8.4756 0.6283 cyclist
68 17.1742 0.3665 car
68 11.8212 0.7679 car
69 8.4756 0.6283 cyclist
69 17.1742 0.3665 car
69 11.8212 0.7679 car
70 8.4756 0.6283 cyclist
70 17.1742 0.3665 car
70 11.8212 0.7679 car
71 8.4756 0.6283 cyclist
71 17.1742 0.3665 car
71 11.8212 0.7679 car
72 8.4756 0.6283 cyclist
72 17.1742 0.3665 car
72 11.8212 0.7679 car
73 8.9217 0.6283 cyclist
73 17.1742 0.3665 car
73 11.8212 0.7679 car
74 8.9217 0.6283 cyclist
74 17.1742 0.3665 car
74 11.8212 0.7679 car
75 8.9217 0.6283 cyclist
75 17.1742 0.3665 car
75 11.8212 0.7679 car
76 8.9217 0.6283 cyclist
76 17.1742 0.3665 car
76 11.8212 0.7679 car
77 8.9217 0.6283 cyclist
77 17.1742 0.3665 car
77 11.8212 0.7679 car
78 8.9217 0.6283 cyclist
78 17.1742 0.3665 car
78 11.8212 0.7679 car
79 8.9217 0.6283 cyclist
79 17.1742 0.3665 car
79 11.8212 0.7679 car
80 8.9217 0.6283 cyclist
80 17.1742 0.3665 car
80 11.8212 0.7679 car
81 8.9217 0.6283 cyclist
81 17.1742 0.3665 car
81 11.8212 0.7679 car
82 8.9217 0.6283 cyclist
82 17.1742 0.3665 car
82 11.8212 0.7679 car
83 9.1447 0.6283 cyclist
83 17.1742 0.3665 car
83 11.8212 0.7679 car
84 9.1447 0.6283 cyclist
84 17.1742 0.3665 car
84 11.8212 0.7679 car
85 9.1447 0.6283 cyclist
85 17.1742 0.3665 car
85 11.8212 0.7679 car
86 9.1447 0.6283 cyclist
86 17.1742 0.3665 car
86 11.8212 0.7679 car
87 9.1447 0.6283 cyclist
87 17.1742 0.3665 car
87 11.8212 0.7679 car
88 9.1447 0.6283 cyclist
88 17.1742 0.3665 car
88 11.8212 0.7679 car
89 9.1447 0.6283 cyclist
89 17.1742 0.3665 car
89 11.8212 0.7679 car
90 9.1447 0.6283 cyclist
90 17.1742 0.3665 car
90 11.8212 0.7679 car
91 9.8138 0.6109 cyclist
91 17.1742 0.3665 car
91 11.8212 0.7679 car
92 9.8138 0.6109 cyclist
92 17.1742 0.3665 car
92 11.8212 0.7679 car
93 9.8138 0.6109 cyclist
93 17.1742 0.3665 car
93 11.8212 0.7679 car
94 9.8138 0.6109 cyclist
94 17.1742 0.3665 car
94 11.8212 0.7679 car
95 9.8138 0.6109 cyclist
95 17.1742 0.3665 car
95 11.8212 0.7679 car
96 9.8138 0.6109 cyclist
96 17.1742 0.3665 car
96 11.8212 0.7679 car
97 10.0369 0.5760 cyclist
97 17.1742 0.3665 car
97 11.8212 0.7679 car
98 10.0369 0.5760 cyclist
98 17.1742 0.3665 car
98 11.8212 0.7679 car
99 10.0369 0.5760 cyclist
99 17.1742 0.3665 car
99 11.8212 0.7679 car
100 10.0369 0.5760 cyclist
100 17.1742 0.3665 car
100 11.8212 0.7679 car
101 10.0369 0.5760 cyclist
101 17.1742 0.3665 car
101 11.8212 0.7679 car
102 10.0369 0.5760 cyclist
102 17.1742 0.3665 car
102 11.8212 0.7679 car
103 10.0369 0.5760 cyclist
103 17.1742 0.3665 car
103 11.8212 0.7679 car
104 10.0369 0.5760 cyclist
104 17.1742 0.3665 car
104 11.8212 0.7679 car
105 10.4830 0.5411 cyclist
105 17.1742 0.3665 car
105 11.8212 0.7679 car
106 10.4830 0.5411 cyclist
106 17.1742 0.3665 car
106 11.8212 0.7679 car
107 10.4830 0.5411 cyclist
107 17.1742 0.3665 car
107 11.8212 0.7679 car
108 10.4830 0.5411 cyclist
108 17.1742 0.3665 car
108 11.8212 0.7679 car
109 10.4830 0.5411 cyclist
109 17.1742 0.3665 car
109 11.8212 0.7679 car
110 10.4830 0.5411 cyclist
110 17.1742 0.3665 car
110 11.8212 0.7679 car
111 10.4830 0.5411 cyclist
111 17.1742 0.3665 car
111 11.8212 0.7679 car
112 10.4830 0.5411 cyclist
112 17.1742 0.3665 car
112 11.8212 0.7679 car
113 10.4830 0.5411 cyclist
113 17.1742 0.3665 car
113 11.8212 0.7679 car
114 10.7060 0.5061 cyclist
114 17.1742 0.3665 car
114 11.8212 0.7679 car
115 10.7060 0.5061 cyclist
115 17.1742 0.3665 car
115 11.8212 0.7679 car
116 10.7060 0.5061 cyclist
116 17.1742 0.3665 car
116 11.8212 0.7679 car
117 10.7060 0.5061 cyclist
117 17.1742 0.3665 car
117 11.8212 0.7679 car
118 10.7060 0.5061 cyclist
118 17.1742 0.3665 car
118 11.8212 0.7679 car
119 10.7060 0.5061 cyclist
119 17.1742 0.3665 car
119 11.8212 0.7679 car
120 10.7060 0.5061 cyclist
120 17.1742 0.3665 car
120 11.8212 0.7679 car
121 10.7060 0.5061 cyclist
121 17.1742 0.3665 car
121 11.8212 0.7679 car
122 10.7060 0.5061 cyclist
122 17.1742 0.3665 car
122 11.8212 0.7679 car
123 10.7060 0.5061 cyclist
123 17.1742 0.3665 car
123 11.8212 0.7679 car
124 10.7060 0.5061 cyclist
124 17.1742 0.3665 car
124 11.8212 0.7679 car
125 10.9290 0.4712 cyclist
125 17.1742 0.3665 car
125 11.8212 0.7679 car
126 10.9290 0.4712 cyclist
126 17.1742 0.3665 car
126 11.8212 0.7679 car
127 10.9290 0.4712 cyclist
127 17.1742 0.3665 car
127 11.8212 0.7679 car
128 10.9290 0.4712 cyclist
128 17.1742 0.3665 car
128 11.8212 0.7679 car
129 10.9290 0.4712 cyclist
129 17.1742 0.3665 car
129 11.8212 0.7679 car
130 10.9290 0.4712 cyclist
130 17.1742 0.3665 car
130 11.8212 0.7679 car
131 10.9290 0.4712 cyclist
131 17.1742 0.3665 car
131 11.8212 0.7679 car
132 10.9290 0.4712 cyclist
132 17.1742 0.3665 car
132 11.8212 0.7679 car
133 10.9290 0.4712 cyclist
133 17.1742 0.3665 car
133 11.8212 0.7679 car
134 10.9290 0.4712 cyclist
134 17.1742 0.3665 car
134 11.8212 0.7679 car
135 10.9290 0.4189 cyclist
135 17.1742 0.3665 car
135 11.8212 0.7679 car
136 10.9290 0.4189 cyclist
136 17.1742 0.3665 car
136 11.8212 0.7679 car
137 10.9290 0.4189 cyclist
137 17.1742 0.3665 car
137 11.8212 0.7679 car
138 10.9290 0.4189 cyclist
138 17.1742 0.3665 car
138 11.8212 0.7679 car
139 10.9290 0.4189 cyclist
139 17.1742 0.3665 car
139 11.8212 0.7679 car
140 10.9290 0.4189 cyclist
140 17.1742 0.3665 car
140 11.8212 0.7679 car
141 10.9290 0.4189 cyclist
141 17.1742 0.3665 car
141 11.8212 0.7679 car
142 10.9290 0.4189 cyclist
142 17.1742 0.3665 car
142 11.8212 0.7679 car
143 10.9290 0.4189 cyclist
143 17.1742 0.3665 car
143 11.8212 0.7679 car
144 10.9290 0.4189 cyclist
144 17.1742 0.3665 car
144 11.8212 0.7679 car
145 10.9290 0.4189 cyclist
145 17.1742 0.3665 car
145 11.8212 0.7679 car
146 11.1521 0.3840 cyclist
146 17.1742 0.3665 car
146 11.8212 0.7679 car
147 11.1521 0.3840 cyclist
147 17.1742 0.3665 car
147 11.5982 0.8727 car
148 11.1521 0.3840 cyclist
148 17.1742 0.3665 car
148 11.5982 0.8727 car
149 11.1521 0.3840 cyclist
149 17.1742 0.3665 car
149 11.5982 0.8727 car
150 11.1521 0.3840 cyclist
150 17.1742 0.3665 car
150 11.5982 0.8727 car
151 11.1521 0.3491 cyclist
151 17.3973 0.4189 car
151 11.5982 0.8727 car
152 11.1521 0.3491 cyclist
152 17.3973 0.4189 car
152 11.5982 0.8727 car
153 11.1521 0.3491 cyclist
153 17.3973 0.4189 car
153 11.5982 0.8727 car
154 11.1521 0.3491 cyclist
154 17.3973 0.4189 car
154 11.5982 0.8727 car
155 11.1521 0.3491 cyclist
155 17.3973 0.4189 car
155 11.5982 0.8727 car
156 11.1521 0.3491 cyclist
156 17.3973 0.4189 car
156 11.5982 0.8727 car
157 11.1521 0.3491 cyclist
157 17.3973 0.4189 car
157 11.5982 0.8727 car
158 11.1521 0.3491 cyclist
158 17.3973 0.4189 car
158 11.5982 0.8727 car
159 11.1521 0.3491 cyclist
159 17.3973 0.4189 car
159 11.5982 0.8727 car
160 11.1521 0.3491 cyclist
160 17.3973 0.4189 car
160 11.5982 0.8727 car
161 11.1521 0.3142 cyclist
161 17.3973 0.4189 car
161 11.5982 0.8727 car
162 11.1521 0.3142 cyclist
162 17.3973 0.4189 car
162 11.5982 0.8727 car
163 11.1521 0.3142 cyclist
163 17.3973 0.4189 car
163 11.5982 0.8727 car
164 11.1521 0.3142 cyclist
164 17.3973 0.4189 car
164 11.5982 0.8727 car
165 11.1521 0.2793 cyclist
165 17.3973 0.4189 car
165 11.5982 0.8727 car
166 11.1521 0.2793 cyclist
166 17.3973 0.4189 car
166 11.5982 0.8727 car
167 11.1521 0.2793 cyclist
167 17.3973 0.4189 car
167 11.5982 0.8727 car
168 11.1521 0.2793 cyclist
168 17.3973 0.4189 car
168 11.5982 0.8727 car
169 11.1521 0.2793 cyclist
169 17.3973 0.4189 car
169 11.5982 0.8727 car
170 11.1521 0.2793 cyclist
170 17.3973 0.4189 car
170 11.5982 0.8727 car
171 11.1521 0.2793 cyclist
171 17.3973 0.4189 car
171 11.5982 0.8727 car
172 11.3751 0.2443 cyclist
172 17.3973 0.4189 car
172 11.5982 0.8727 car
173 11.3751 0.2443 cyclist
173 17.3973 0.4189 car
173 11.5982 0.8727 car
174 11.3751 0.2443 cyclist
174 17.3973 0.4189 car
174 11.5982 0.8727 car
175 11.3751 0.2443 cyclist
175 17.3973 0.4189 car
175 11.5982 0.8727 car
176 11.3751 0.2443 cyclist
176 17.3973 0.4189 car
176 11.5982 0.8727 car
177 11.3751 0.2443 cyclist
177 17.3973 0.4189 car
177 11.5982 0.8727 car
178 11.3751 0.2094 cyclist
178 17.3973 0.4189 car
178 11.5982 0.8727 car
179 11.3751 0.2094 cyclist
179 17.3973 0.4189 car
179 11.5982 0.8727 car
180 11.3751 0.2094 cyclist
180 17.3973 0.4189 car
180 11.5982 0.8727 car
181 11.3751 0.2094 cyclist
181 17.3973 0.4189 car
181 11.5982 0.8727 car
182 11.3751 0.2094 cyclist
182 17.3973 0.4189 car
182 11.5982 0.8727 car
183 11.3751 0.2094 cyclist
183 17.3973 0.4189 car
183 11.5982 0.8727 car
184 11.3751 0.2094 cyclist
184 17.3973 0.4189 car
184 11.5982 0.8727 car
185 11.3751 0.2094 cyclist
185 17.3973 0.4189 car
185 11.5982 0.8727 car
186 11.3751 0.2094 cyclist
186 17.3973 0.4189 car
186 11.5982 0.8727 car
187 11.3751 0.2094 cyclist
187 17.3973 0.4189 car
187 11.5982 0.8727 car
188 11.3751 0.2094 cyclist
188 17.3973 0.4189 car
188 11.5982 0.8727 car
189 11.3751 0.2094 cyclist
189 17.3973 0.4189 car
189 11.5982 0.8727 car
190 11.3751 0.2094 cyclist
190 17.3973 0.4189 car
190 11.5982 0.8727 car
191 11.3751 0.2094 cyclist
191 17.3973 0.4189 car
191 11.5982 0.8727 car
192 11.3751 0.2094 cyclist
192 17.3973 0.4189 car
192 11.5982 0.8727 car
193 11.3751 0.2094 cyclist
193 17.3973 0.4189 car
193 11.5982 0.8727 car
194 11.3751 0.2094 cyclist
194 17.3973 0.4189 car
194 11.5982 0.8727 car
195 11.3751 0.2094 cyclist
195 17.3973 0.4189 car
195 11.5982 0.8727 car
196 11.3751 0.2094 cyclist
196 17.3973 0.4189 car
196 11.5982 0.8727 car
197 11.3751 0.2094 cyclist
197 17.3973 0.4189 car
197 11.5982 0.8727 car
198 11.3751 0.1745 cyclist
198 17.3973 0.4189 car
198 11.5982 0.8727 car
199 11.3751 0.1745 cyclist
199 17.3973 0.4189 car
199 11.5982 0.8727 car
200 11.3751 0.1745 cyclist
200 17.3973 0.4189 car
200 11.5982 0.8727 car
201 11.3751 0.1745 cyclist
201 17.3973 0.4189 car
201 11.5982 0.8727 car
202 11.3751 0.1745 cyclist
202 17.3973 0.4189 car
202 11.5982 0.8727 car
203 11.1521 0.1222 cyclist
203 17.3973 0.4189 car
203 11.5982 0.8727 car
204 11.1521 0.1222 cyclist
204 17.3973 0.4189 car
204 11.5982 0.8727 car
205 11.1521 0.1222 cyclist
205 17.3973 0.4189 car
205 11.5982 0.8727 car
206 11.1521 0.1222 cyclist
206 17.3973 0.4189 car
206 11.5982 0.8727 car
207 11.1521 0.1222 cyclist
207 17.3973 0.4189 car
207 11.5982 0.8727 car
208 11.1521 0.1222 cyclist
208 17.3973 0.4189 car
208 11.5982 0.8727 car
209 11.1521 0.1222 cyclist
209 17.3973 0.4189 car
209 11.5982 0.8727 car
210 11.1521 0.1222 cyclist
210 17.3973 0.4189 car
210 11.5982 0.8727 car
211 11.1521 0.1222 cyclist
211 17.3973 0.4189 car
211 11.5982 0.8727 car
212 11.1521 0.0698 cyclist
212 17.3973 0.4189 car
212 11.5982 0.8727 car
213 11.1521 0.0698 cyclist
213 17.3973 0.4189 car
213 11.5982 0.8727 car
214 11.1521 0.0698 cyclist
214 17.3973 0.4189 car
214 11.5982 0.8727 car
215 11.1521 0.0698 cyclist
215 17.3973 0.4189 car
215 11.5982 0.8727 car
216 11.1521 0.0698 cyclist
216 17.3973 0.4189 car
216 11.5982 0.8727 car
217 11.1521 0.0698 cyclist
217 17.3973 0.4189 car
217 11.5982 0.8727 car
218 11.1521 0.0698 cyclist
218 17.3973 0.4189 car
218 11.5982 0.8727 car
219 11.1521 0.0698 cyclist
219 17.3973 0.4189 car
219 11.5982 0.8727 car
220 11.1521 0.0698 cyclist
220 17.3973 0.4189 car
220 11.5982 0.8727 car
221 11.1521 0.0698 cyclist
221 17.3973 0.4189 car
221 11.5982 0.8727 car
222 11.1521 0.0698 cyclist
222 17.3973 0.4189 car
222 11.5982 0.8727 car
223 11.1521 0.0698 cyclist
223 17.3973 0.4189 car
223 11.5982 0.8727 car
224 11.1521 0.0698 cyclist
224 17.3973 0.4189 car
224 11.5982 0.8727 car
225 11.1521 0.0698 cyclist
225 17.3973 0.4189 car
225 11.5982 0.8727 car
226 11.1521 0.0698 cyclist
226 17.3973 0.4189 car
226 11.5982 0.8727 car
227 11.1521 0.0698 cyclist
227 17.3973 0.4189 car
227 11.5982 0.8727 car
228 11.1521 0.0349 cyclist
228 17.3973 0.4189 car
228 11.5982 0.8727 car
229 11.1521 0.0349 cyclist
229 17.3973 0.4189 car
229 11.5982 0.8727 car
230 11.1521 0.0349 cyclist
230 17.3973 0.4189 car
230 11.5982 0.8727 car
231 11.1521 0.0349 cyclist
231 17.3973 0.4189 car
231 11.5982 0.8727 car
232 11.1521 -0.0349 cyclist
232 17.3973 0.4189 car
232 11.5982 0.8727 car
233 11.1521 -0.0349 cyclist
233 17.3973 0.4189 car
233 11.5982 0.8727 car
234 11.1521 -0.0349 cyclist
234 17.3973 0.4189 car
234 11.5982 0.8727 car
235 11.1521 -0.0349 cyclist
235 17.3973 0.4189 car
235 11.5982 0.8727 car
236 11.1521 -0.0349 cyclist
236 17.3973 0.4189 car
236 11.5982 0.8727 car
237 11.1521 -0.0349 cyclist
237 17.3973 0.4189 car
237 11.5982 0.8727 car
238 11.1521 -0.0349 cyclist
238 17.3973 0.4189 car
238 11.5982 0.8727 car
239 11.1521 -0.0349 cyclist
239 17.3973 0.4189 car
239 11.5982 0.8727 car
240 11.1521 -0.0349 cyclist
240 17.3973 0.4189 car
240 11.5982 0.8727 car
241 11.1521 -0.0349 cyclist
241 17.3973 0.4189 car
241 11.5982 0.8727 car
242 11.1521 -0.0349 cyclist
242 17.3973 0.4189 car
242 11.5982 0.8727 car
243 11.1521 -0.0349 cyclist
243 17.3973 0.4189 car
243 11.5982 0.8727 car
244 11.1521 -0.0349 cyclist
244 17.3973 0.4189 car
244 11.5982 0.8727 car
245 11.1521 -0.0349 cyclist
245 17.3973 0.4189 car
245 11.5982 0.8727 car
246 10.9290 -0.0175 cyclist
246 17.3973 0.4189 car
246 11.5982 0.8727 car
247 10.9290 -0.0175 cyclist
247 17.3973 0.4189 car
247 11.5982 0.8727 car
248 10.9290 -0.0175 cyclist
248 17.3973 0.4189 car
248 11.5982 0.8727 car
249 10.9290 -0.0175 cyclist
249 17.3973 0.4189 car
249 11.5982 0.8727 car
250 10.9290 -0.0175 cyclist
250 17.3973 0.4189 car
250 11.5982 0.8727 car
251 10.9290 -0.0175 cyclist
251 17.3973 0.4189 car
251 11.5982 0.8727 car
252 10.9290 -0.0873 cyclist
252 17.3973 0.4189 car
252 11.5982 0.8727 car
253 10.9290 -0.0873 cyclist
253 17.3973 0.4189 car
253 11.5982 0.8727 car
254 10.9290 -0.0873 cyclist
254 17.3973 0.4189 car
254 11.5982 0.8727 car
255 10.9290 -0.0873 cyclist
255 17.3973 0.4189 car
255 11.5982 0.8727 car
256 10.9290 -0.0873 cyclist
256 17.3973 0.4189 car
256 11.5982 0.8727 car
257 10.9290 -0.0873 cyclist
257 17.3973 0.4189 car
257 11.5982 0.8727 car
258 10.9290 -0.0873 cyclist
258 17.3973 0.4189 car
258 11.5982 0.8727 car
259 10.9290 -0.1571 cyclist
259 17.3973 0.4189 car
259 11.5982 0.8727 car
260 10.9290 -0.1571 cyclist
260 17.3973 0.4189 car
260 11.5982 0.8727 car
261 10.9290 -0.1571 cyclist
261 17.3973 0.4189 car
261 11.5982 0.8727 car
262 10.9290 -0.1571 cyclist
262 17.3973 0.4189 car
262 11.5982 0.8727 car
263 10.9290 -0.1571 cyclist
263 17.3973 0.4189 car
263 11.5982 0.8727 car
264 10.7060 -0.1396 cyclist
264 17.3973 0.4189 car
264 11.5982 0.8727 car
265 10.7060 -0.1396 cyclist
265 17.3973 0.4189 car
265 11.5982 0.8727 car
266 10.7060 -0.1396 cyclist
266 17.3973 0.4189 car
266 11.5982 0.8727 car
267 10.7060 -0.1396 cyclist
267 17.3973 0.4189 car
267 11.5982 0.8727 car
268 10.7060 -0.1396 cyclist
268 17.3973 0.4189 car
268 11.5982 0.8727 car
269 10.7060 -0.1396 cyclist
269 17.3973 0.4189 car
269 11.5982 0.8727 car
270 10.7060 -0.1396 cyclist
270 17.3973 0.4189 car
270 11.5982 0.8727 car
271 10.7060 -0.1396 cyclist
271 17.3973 0.4189 car
271 11.5982 0.8727 car
272 10.7060 -0.1396 cyclist
272 17.3973 0.4189 car
272 11.5982 0.8727 car
273 10.7060 -0.1396 cyclist
273 17.3973 0.4189 car
273 11.5982 0.8727 car
274 10.7060 -0.1396 cyclist
274 17.3973 0.4189 car
274 11.5982 0.8727 car
275 10.4830 -0.2094 cyclist
275 17.3973 0.4189 car
275 11.8212 0.7505 car
276 10.4830 -0.2094 cyclist
276 17.3973 0.4189 car
276 11.8212 0.7505 car
277 10.4830 -0.2094 cyclist
277 17.3973 0.4189 car
277 11.8212 0.7505 car
278 10.4830 -0.2094 cyclist
278 17.3973 0.4189 car
278 11.8212 0.7505 car
279 10.4830 -0.2094 cyclist
279 17.3973 0.4189 car
279 11.8212 0.7505 car
280 10.4830 -0.2094 cyclist
280 17.3973 0.4189 car
280 11.8212 0.7505 car
281 10.4830 -0.2094 cyclist
281 17.3973 0.4189 car
281 11.8212 0.7505 car
282 10.4830 -0.2094 cyclist
282 17.3973 0.4189 car
282 11.8212 0.7505 car
283 10.4830 -0.2094 cyclist
283 17.3973 0.4189 car
283 11.8212 0.7505 car
284 10.4830 -0.2094 cyclist
284 17.3973 0.4189 car
284 11.8212 0.7505 car
285 10.2599 -0.2618 cyclist
285 17.3973 0.4189 car
285 11.8212 0.7505 car
286 10.2599 -0.2618 cyclist
286 17.3973 0.4189 car
286 11.8212 0.7505 car
287 10.2599 -0.2618 cyclist
287 17.3973 0.4189 car
287 11.8212 0.7505 car
288 10.2599 -0.2618 cyclist
288 17.3973 0.4189 car
288 11.8212 0.7505 car
289 10.2599 -0.2618 cyclist
289 17.3973 0.4189 car
289 11.8212 0.7505 car
290 10.2599 -0.2618 cyclist
290 17.3973 0.4189 car
290 11.8212 0.7505 car
291 10.2599 -0.2618 cyclist
291 17.3973 0.4189 car
291 11.8212 0.7505 car
292 10.2599 -0.2618 cyclist
292 17.3973 0.4189 car
292 11.8212 0.7505 car
293 10.2599 -0.2618 cyclist
293 17.3973 0.4189 car
293 11.8212 0.7505 car
294 10.2599 -0.2618 cyclist
294 17.3973 0.4189 car
294 11.8212 0.7505 car
295 10.2599 -0.2618 cyclist
295 17.3973 0.4189 car
295 11.8212 0.7505 car
296 10.0369 -0.2793 cyclist
296 17.3973 0.4189 car
296 11.8212 0.7505 car
297 10.0369 -0.2793 cyclist
297 17.3973 0.4189 car
297 11.8212 0.7505 car
298 10.0369 -0.2793 cyclist
298 17.3973 0.4189 car
298 11.8212 0.7505 car
299 10.0369 -0.2793 cyclist
299 17.3973 0.4189 car
299 11.8212 0.7505 car
300 10.0369 -0.2793 cyclist
300 17.3973 0.4189 car
300 11.8212 0.7505 car
301 10.0369 -0.2793 cyclist
301 17.3973 0.4189 car
301 11.8212 0.7505 car
302 10.0369 -0.2793 cyclist
302 17.3973 0.4189 car
302 11.8212 0.7505 car
303 10.0369 -0.2793 cyclist
303 17.3973 0.4189 car
303 11.8212 0.7505 car
304 9.5908 -0.2967 cyclist
304 17.3973 0.4189 car
304 11.8212 0.7505 car
305 9.5908 -0.2967 cyclist
305 17.3973 0.4189 car
305 11.8212 0.7505 car
306 9.5908 -0.2967 cyclist
306 17.3973 0.4189 car
306 11.8212 0.7505 car
307 9.5908 -0.2967 cyclist
307 17.3973 0.4189 car
307 11.8212 0.7505 car
308 9.5908 -0.2967 cyclist
308 17.3973 0.4189 car
308 11.8212 0.7505 car
309 9.5908 -0.2967 cyclist
309 17.3973 0.4189 car
309 11.8212 0.7505 car
310 9.5908 -0.2967 cyclist
310 17.3973 0.4189 car
310 11.8212 0.7505 car
311 9.5908 -0.2967 cyclist
311 17.3973 0.4189 car
311 11.8212 0.7505 car
312 9.5908 -0.2967 cyclist
312 17.3973 0.4189 car
312 11.8212 0.7505 car
313 9.5908 -0.2967 cyclist
313 17.3973 0.4189 car
313 11.8212 0.7505 car
314 9.5908 -0.2967 cyclist
314 17.3973 0.4189 car
314 11.8212 0.7505 car
315 9.5908 -0.2967 cyclist
315 17.3973 0.4189 car
315 11.8212 0.7505 car
316 9.5908 -0.2967 cyclist
316 17.3973 0.4189 car
316 11.8212 0.7505 car
317 9.1447 -0.2967 cyclist
317 17.3973 0.4189 car
317 11.8212 0.7505 car
318 9.1447 -0.2967 cyclist
318 17.3973 0.4189 car
318 11.8212 0.7505 car
319 9.1447 -0.2967 cyclist
319 17.3973 0.4189 car
319 11.8212 0.7505 car
320 9.1447 -0.2967 cyclist
320 17.3973 0.4189 car
320 11.8212 0.7505 car
321 8.9217 -0.3316 cyclist
321 17.3973 0.4189 car
321 11.8212 0.7505 car
322 8.9217 -0.3316 cyclist
322 17.3973 0.4189 car
322 11.8212 0.7505 car
323 8.9217 -0.3316 cyclist
323 17.3973 0.4189 car
323 11.8212 0.7505 car
324 8.9217 -0.3316 cyclist
324 17.3973 0.4189 car
324 11.8212 0.7505 car
325 8.9217 -0.3316 cyclist
325 17.3973 0.4189 car
325 11.8212 0.7505 car
326 8.9217 -0.3316 cyclist
326 17.3973 0.4189 car
326 11.8212 0.7505 car
327 8.4756 -0.3316 cyclist
327 17.3973 0.4189 car
327 11.8212 0.7505 car
328 8.4756 -0.3316 cyclist
328 17.3973 0.4189 car
328 11.8212 0.7505 car
329 8.4756 -0.3316 cyclist
329 17.3973 0.4189 car
329 11.8212 0.7505 car
330 8.4756 -0.3316 cyclist
330 17.3973 0.4189 car
330 11.8212 0.7505 car
331 8.4756 -0.3316 cyclist
331 17.3973 0.4189 car
331 11.8212 0.7505 car
332 8.4756 -0.3316 cyclist
332 17.3973 0.4189 car
332 11.8212 0.7505 car
333 8.4756 -0.3316 cyclist
333 17.3973 0.4189 car
333 11.8212 0.7505 car
334 8.4756 -0.3316 cyclist
334 17.3973 0.4189 car
334 11.8212 0.7505 car
335 8.4756 -0.3316 cyclist
335 17.3973 0.4189 car
335 11.8212 0.7505 car
336 8.4756 -0.3316 cyclist
336 17.3973 0.4189 car
336 11.8212 0.7505 car
337 8.0295 -0.3142 cyclist
337 17.3973 0.4189 car
337 11.8212 0.7505 car
338 8.0295 -0.3142 cyclist
338 17.3973 0.4189 car
338 11.8212 0.7505 car
339 8.0295 -0.3142 cyclist
339 17.3973 0.4189 car
339 11.8212 0.7505 car
340 8.0295 -0.3142 cyclist
340 17.3973 0.4189 car
340 11.8212 0.7505 car
341 8.0295 -0.3142 cyclist
341 17.3973 0.4189 car
341 11.8212 0.7505 car
342 8.0295 -0.3142 cyclist
342 17.3973 0.4189 car
342 11.8212 0.7505 car
343 8.0295 -0.3142 cyclist
343 17.3973 0.4189 car
343 11.8212 0.7505 car
344 8.0295 -0.3142 cyclist
344 17.3973 0.4189 car
344 11.8212 0.7505 car
345 7.5834 -0.2618 cyclist
345 17.3973 0.4189 car
345 11.8212 0.7505 car
346 7.5834 -0.2618 cyclist
346 17.3973 0.4189 car
346 11.8212 0.7505 car
347 7.5834 -0.2618 cyclist
347 17.3973 0.4189 car
347 11.8212 0.7505 car
348 7.5834 -0.2618 cyclist
348 17.3973 0.4189 car
348 11.8212 0.7505 car
349 7.5834 -0.2618 cyclist
349 17.3973 0.4189 car
349 11.8212 0.7505 car
350 7.5834 -0.2618 cyclist
350 17.3973 0.4189 car
350 11.8212 0.7505 car
351 7.5834 -0.2618 cyclist
351 17.3973 0.4189 car
351 11.8212 0.7505 car
352 7.5834 -0.2618 cyclist
352 17.3973 0.4189 car
352 11.8212 0.7505 car
353 7.5834 -0.2618 cyclist
353 17.3973 0.4189 car
353 11.8212 0.7505 car
354 7.5834 -0.2618 cyclist
354 17.3973 0.4189 car
354 11.8212 0.7505 car
355 7.5834 -0.2618 cyclist
355 17.3973 0.4189 car
355 11.8212 0.7505 car
356 7.5834 -0.2269 cyclist
356 17.3973 0.4189 car
356 11.8212 0.7505 car
357 7.5834 -0.2269 cyclist
357 17.3973 0.4189 car
357 11.8212 0.7505 car
358 7.5834 -0.2269 cyclist
358 17.3973 0.4189 car
358 11.8212 0.7505 car
359 7.5834 -0.2269 cyclist
359 17.3973 0.4189 car
359 11.8212 0.7505 car
360 7.5834 -0.2269 cyclist
360 17.3973 0.4189 car
360 11.8212 0.7505 car
361 7.5834 -0.2269 cyclist
361 17.3973 0.4189 car
361 11.8212 0.7505 car
362 7.5834 -0.2269 cyclist
362 17.3973 0.4189 car
362 11.8212 0.7505 car
363 7.5834 -0.2269 cyclist
363 17.3973 0.4189 car
363 11.8212 0.7505 car
364 7.5834 -0.2269 cyclist
364 17.3973 0.4189 car
364 11.8212 0.7505 car
365 7.5834 -0.2269 cyclist
365 17.3973 0.4189 car
365 11.8212 0.7505 car
366 7.5834 -0.1396 cyclist
366 17.3973 0.4189 car
366 11.8212 0.7505 car
367 7.5834 -0.1396 cyclist
367 17.3973 0.4189 car
367 11.8212 0.7505 car
368 7.5834 -0.1396 cyclist
368 17.3973 0.4189 car
368 11.8212 0.7505 car
369 7.3604 -0.1047 cyclist
369 17.3973 0.4189 car
369 11.8212 0.7505 car
370 7.3604 -0.1047 cyclist
370 17.3973 0.4189 car
370 11.8212 0.7505 car
371 7.3604 -0.1047 cyclist
371 17.3973 0.4189 car
371 11.8212 0.7505 car
372 7.3604 -0.1047 cyclist
372 17.3973 0.4189 car
372 11.8212 0.7505 car
373 7.1373 -0.0524 cyclist
373 17.3973 0.4189 car
373 11.8212 0.7505 car
374 7.1373 -0.0524 cyclist
374 17.3973 0.4189 car
374 11.8212 0.7505 car
375 7.1373 -0.0524 cyclist
375 17.3973 0.4189 car
375 11.8212 0.7505 car
376 7.1373 -0.0524 cyclist
376 17.3973 0.4189 car
376 11.8212 0.7505 car
377 7.1373 -0.0524 cyclist
377 17.3973 0.4189 car
377 11.8212 0.7505 car
378 7.1373 -0.0524 cyclist
378 17.3973 0.4189 car
378 11.8212 0.7505 car
379 7.1373 -0.0524 cyclist
379 17.3973 0.4189 car
379 11.8212 0.7505 car
380 7.1373 -0.0524 cyclist
380 17.3973 0.4189 car
380 11.8212 0.7505 car
381 7.1373 -0.0524 cyclist
381 17.3973 0.4189 car
381 11.8212 0.7505 car
382 7.1373 -0.0524 cyclist
382 17.3973 0.4189 car
382 11.8212 0.7505 car
383 7.1373 -0.0524 cyclist
383 17.3973 0.4189 car
383 11.8212 0.7505 car
384 7.1373 -0.0524 cyclist
384 17.3973 0.4189 car
384 11.8212 0.7505 car
385 7.1373 -0.0524 cyclist
385 17.3973 0.4189 car
385 11.8212 0.7505 car
386 7.1373 -0.0524 cyclist
386 17.3973 0.4189 car
386 11.8212 0.7505 car
387 7.1373 -0.0524 cyclist
387 17.3973 0.4189 car
387 11.8212 0.7505 car
388 7.1373 -0.0524 cyclist
388 17.3973 0.4189 car
388 11.8212 0.7505 car
389 7.1373 -0.0524 cyclist
389 17.3973 0.4189 car
389 11.8212 0.7505 car
390 7.1373 -0.0524 cyclist
390 17.3973 0.4189 car
390 11.8212 0.7505 car
391 7.1373 -0.0524 cyclist
391 17.3973 0.4189 car
391 11.8212 0.7505 car
392 7.1373 -0.0524 cyclist
392 17.3973 0.4189 car
392 11.8212 0.7505 car
393 7.1373 -0.0524 cyclist
393 17.3973 0.4189 car
393 11.8212 0.7505 car
394 7.1373 -0.0524 cyclist
394 17.3973 0.4189 car
394 11.8212 0.7505 car
395 7.1373 -0.0524 cyclist
395 17.3973 0.4189 car
395 11.8212 0.7505 car
396 7.3604 0.0000 cyclist
396 17.3973 0.4189 car
396 11.8212 0.7505 car
397 7.3604 0.0000 cyclist
397 17.3973 0.4189 car
397 11.8212 0.7505 car
398 7.3604 0.0000 cyclist
398 17.3973 0.4189 car
398 11.8212 0.7505 car
399 7.3604 0.0000 cyclist
399 17.3973 0.4189 car
399 11.8212 0.7505 car
400 7.3604 0.0000 cyclist
400 17.3973 0.4189 car
400 11.8212 0.7505 car
401 7.3604 0.0000 cyclist
401 17.3973 0.4189 car
401 11.8212 0.7505 car
402 7.3604 0.0524 cyclist
402 17.3973 0.4189 car
402 11.8212 0.7505 car
403 7.3604 0.0524 cyclist
403 17.3973 0.4189 car
403 11.8212 0.7505 car
404 7.3604 0.0524 cyclist
404 17.3973 0.4189 car
404 11.8212 0.7505 car
405 7.3604 0.0524 cyclist
405 17.3973 0.4189 car
405 11.8212 0.7505 car
406 7.3604 0.0524 cyclist
406 17.3973 0.4189 car
406 11.8212 0.7505 car
407 7.3604 0.0524 cyclist
407 17.3973 0.4189 car
407 11.8212 0.7505 car
408 7.3604 0.0524 cyclist
408 17.3973 0.4189 car
408 11.8212 0.7505 car
409 7.3604 0.0873 cyclist
409 17.3973 0.4189 car
409 11.8212 0.7505 car
410 7.3604 0.0873 cyclist
410 17.3973 0.4189 car
410 11.8212 0.7505 car
411 7.3604 0.0873 cyclist
411 17.3973 0.4189 car
411 11.8212 0.7505 car
412 7.3604 0.0873 cyclist
412 17.3973 0.4189 car
412 11.8212 0.7505 car
413 7.3604 0.1222 cyclist
413 17.3973 0.4189 car
413 11.8212 0.7505 car
414 7.3604 0.1222 cyclist
414 17.3973 0.4189 car
414 11.8212 0.7505 car
415 7.3604 0.1222 cyclist
415 17.3973 0.4189 car
415 11.8212 0.7505 car
416 7.3604 0.1222 cyclist
416 17.3973 0.4189 car
416 11.8212 0.7505 car
417 7.3604 0.1222 cyclist
417 17.3973 0.4189 car
417 11.8212 0.7505 car
418 7.3604 0.1222 cyclist
418 17.3973 0.4189 car
418 11.8212 0.7505 car
419 7.3604 0.1222 cyclist
419 17.3973 0.4189 car
419 11.8212 0.7505 car
420 7.3604 0.1222 cyclist
420 17.3973 0.4189 car
420 11.8212 0.7505 car
421 7.3604 0.1222 cyclist
421 17.3973 0.4189 car
421 11.8212 0.7505 car
422 7.3604 0.1222 cyclist
422 17.3973 0.4189 car
422 11.8212 0.7505 car
423 7.3604 0.2094 cyclist
423 17.3973 0.4189 car
423 11.8212 0.7505 car
424 7.3604 0.2094 cyclist
424 17.3973 0.4189 car
424 11.8212 0.7505 car
425 7.3604 0.2094 cyclist
425 17.3973 0.4189 car
425 11.8212 0.7505 car
426 7.3604 0.2094 cyclist
426 17.3973 0.4189 car
426 11.8212 0.7505 car
427 7.3604 0.2094 cyclist
427 17.3973 0.4189 car
427 11.8212 0.7505 car
428 7.3604 0.2094 cyclist
428 17.3973 0.4189 car
428 11.8212 0.7505 car
429 7.3604 0.2094 cyclist
429 17.3973 0.4189 car
429 11.8212 0.7505 car
430 7.3604 0.2094 cyclist
430 17.3973 0.4189 car
430 11.8212 0.7505 car
431 7.3604 0.2094 cyclist
431 17.3973 0.4189 car
431 11.8212 0.7505 car
432 7.3604 0.2094 cyclist
432 17.3973 0.4189 car
432 11.8212 0.7505 car
433 7.3604 0.2094 cyclist
433 17.3973 0.4189 car
433 11.8212 0.7505 car
434 7.3604 0.2793 cyclist
434 17.3973 0.4189 car
434 11.8212 0.7505 car
435 7.3604 0.2793 cyclist
435 17.3973 0.4189 car
435 11.8212 0.7505 car
436 7.3604 0.2793 cyclist
436 17.3973 0.4189 car
436 11.8212 0.7505 car
437 7.3604 0.2793 cyclist
437 17.3973 0.4189 car
437 11.8212 0.7505 car
438 7.3604 0.2793 cyclist
438 17.3973 0.4189 car
438 11.8212 0.7505 car
439 7.5834 0.3316 cyclist
439 17.3973 0.4189 car
439 11.8212 0.7505 car
440 7.5834 0.3316 cyclist
440 17.3973 0.4189 car
440 11.8212 0.7505 car
441 7.5834 0.3316 cyclist
441 17.3973 0.4189 car
441 11.8212 0.7505 car
442 7.5834 0.3316 cyclist
442 17.3973 0.4189 car
442 11.8212 0.7505 car
443 7.5834 0.3316 cyclist
443 17.3973 0.4189 car
443 11.8212 0.7505 car
444 7.5834 0.3316 cyclist
444 17.3973 0.4189 car
444 11.8212 0.7505 car
445 7.5834 0.3316 cyclist
445 17.3973 0.4189 car
445 11.8212 0.7505 car
446 7.5834 0.3316 cyclist
446 17.3973 0.4189 car
446 11.8212 0.7505 car
447 7.5834 0.3316 cyclist
447 17.3973 0.4189 car
447 11.8212 0.7505 car
448 7.8065 0.3665 cyclist
448 17.3973 0.4189 car
448 11.8212 0.7505 car
449 7.8065 0.3665 cyclist
449 17.3973 0.4189 car
449 11.8212 0.7505 car
450 7.8065 0.3665 cyclist
450 17.3973 0.4189 car
450 11.8212 0.7505 car
451 7.8065 0.3665 cyclist
451 17.3973 0.4189 car
451 11.8212 0.7505 car
452 7.8065 0.3665 cyclist
452 17.3973 0.4189 car
452 11.8212 0.7505 car
453 7.8065 0.3665 cyclist
453 17.3973 0.4189 car
453 11.8212 0.7505 car
454 7.8065 0.4363 cyclist
454 17.3973 0.4189 car
454 11.8212 0.7505 car
455 7.8065 0.4363 cyclist
455 17.3973 0.4189 car
455 11.8212 0.7505 car
456 7.8065 0.4363 cyclist
456 17.3973 0.4189 car
456 11.8212 0.7505 car
457 7.8065 0.4363 cyclist
457 17.3973 0.4189 car
457 11.8212 0.7505 car
458 7.8065 0.4363 cyclist
458 17.3973 0.4189 car
458 11.8212 0.7505 car
459 7.8065 0.4363 cyclist
459 17.3973 0.4189 car
459 11.8212 0.7505 car
460 7.8065 0.4363 cyclist
460 17.3973 0.4189 car
460 11.8212 0.7505 car
461 7.8065 0.4363 cyclist
461 17.3973 0.4189 car
461 11.8212 0.7505 car
462 7.8065 0.4363 cyclist
462 17.3973 0.4189 car
462 11.8212 0.7505 car
463 7.8065 0.4363 cyclist
463 17.3973 0.4189 car
463 11.8212 0.7505 car
464 7.8065 0.4363 cyclist
464 17.3973 0.4189 car
464 11.8212 0.7505 car
465 7.8065 0.4363 cyclist
465 17.3973 0.4189 car
465 11.8212 0.7505 car
466 7.8065 0.4363 cyclist
466 17.3973 0.4189 car
466 11.8212 0.7505 car
467 8.0295 0.4712 cyclist
467 17.3973 0.4189 car
467 11.8212 0.7505 car
468 8.0295 0.4712 cyclist
468 17.3973 0.4189 car
468 11.8212 0.7505 car
469 8.0295 0.4712 cyclist
469 17.3973 0.4189 car
469 11.8212 0.7505 car
470 8.0295 0.4712 cyclist
470 17.3973 0.4189 car
470 11.8212 0.7505 car
471 8.0295 0.4712 cyclist
471 17.3973 0.4189 car
471 11.8212 0.7505 car
472 8.0295 0.4712 cyclist
472 17.3973 0.4189 car
472 11.8212 0.7505 car
473 8.2525 0.5236 cyclist
473 17.3973 0.4189 car
473 11.8212 0.7505 car
474 8.2525 0.5236 cyclist
474 17.3973 0.4189 car
474 11.8212 0.7505 car
475 8.2525 0.5236 cyclist
475 17.3973 0.4189 car
475 11.8212 0.7505 car
476 8.2525 0.5236 cyclist
476 17.3973 0.4189 car
476 11.8212 0.7505 car
477 8.2525 0.5236 cyclist
477 17.3973 0.4189 car
477 11.8212 0.7505 car
478 8.2525 0.5236 cyclist
478 17.3973 0.4189 car
478 11.8212 0.7505 car
479 8.2525 0.5236 cyclist
479 17.3973 0.4189 car
479 11.8212 0.7505 car
480 8.2525 0.5236 cyclist
480 17.3973 0.4189 car
480 11.8212 0.7505 car
481 8.2525 0.5236 cyclist
481 17.3973 0.4189 car
481 11.8212 0.7505 car
482 8.2525 0.5236 cyclist
482 17.3973 0.4189 car
482 11.8212 0.7505 car
483 8.2525 0.5236 cyclist
483 17.3973 0.4189 car
483 11.8212 0.7505 car
484 8.6986 0.5585 cyclist
484 17.3973 0.4189 car
484 11.8212 0.7505 car
485 8.6986 0.5585 cyclist
485 17.3973 0.4189 car
485 11.8212 0.7505 car
486 8.6986 0.5585 cyclist
486 17.3973 0.4189 car
486 11.8212 0.7505 car
487 8.6986 0.5585 cyclist
487 17.3973 0.4189 car
487 11.8212 0.7505 car
488 8.6986 0.5585 cyclist
488 17.3973 0.4189 car
488 11.8212 0.7505 car
489 8.6986 0.5585 cyclist
489 17.3973 0.4189 car
489 11.8212 0.7505 car
490 8.6986 0.5585 cyclist
490 17.3973 0.4189 car
490 11.8212 0.7505 car
491 8.6986 0.5585 cyclist
491 17.3973 0.4189 car
491 11.8212 0.7505 car
492 8.6986 0.5585 cyclist
492 17.3973 0.4189 car
492 11.8212 0.7505 car
493 9.1447 0.5934 cyclist
493 17.3973 0.4189 car
493 11.8212 0.7505 car
494 9.1447 0.5934 cyclist
494 17.3973 0.4189 car
494 11.8212 0.7505 car
495 9.1447 0.5934 cyclist
495 17.3973 0.4189 car
495 11.8212 0.7505 car
496 9.1447 0.5934 cyclist
496 17.3973 0.4189 car
496 11.8212 0.7505 car
497 9.1447 0.5934 cyclist
497 17.3973 0.4189 car
497 11.8212 0.7505 car
498 9.1447 0.5934 cyclist
498 17.3973 0.4189 car
498 11.8212 0.7505 car
499 9.1447 0.5934 cyclist
499 17.3973 0.4189 car
499 11.8212 0.7505 car
500 9.1447 0.5934 cyclist
500 17.3973 0.4189 car
500 11.8212 0.7505 car
501 9.1447 0.5934 cyclist
501 17.3973 0.4189 car
501 11.8212 0.7505 car
502 9.1447 0.5934 cyclist
502 17.3973 0.4189 car
502 11.8212 0.7505 car
503 9.1447 0.5934 cyclist
503 17.3973 0.4189 car
503 11.8212 0.7505 car
504 9.1447 0.5934 cyclist
504 17.3973 0.4189 car
504 11.8212 0.7505 car
505 9.1447 0.5934 cyclist
505 17.3973 0.4189 car
505 11.8212 0.7505 car
506 9.1447 0.5934 cyclist
506 17.3973 0.4189 car
506 11.8212 0.7505 car
507 9.1447 0.5934 cyclist
507 17.3973 0.4189 car
507 11.8212 0.7505 car
508 9.1447 0.5934 cyclist
508 17.3973 0.4189 car
508 11.8212 0.7505 car
509 9.1447 0.5934 cyclist
509 17.3973 0.4189 car
509 11.8212 0.7505 car
510 9.5908 0.5934 cyclist
510 17.3973 0.4189 car
510 11.8212 0.7505 car
511 9.5908 0.5934 cyclist
511 17.3973 0.4189 car
511 11.8212 0.7505 car
512 9.5908 0.5934 cyclist
512 17.3973 0.4189 car
512 11.8212 0.7505 car
513 9.5908 0.5934 cyclist
513 17.3973 0.4189 car
513 11.8212 0.7505 car
514 9.5908 0.5934 cyclist
514 17.3973 0.4189 car
514 11.8212 0.7505 car
515 9.5908 0.5934 cyclist
515 17.3973 0.4189 car
515 11.8212 0.7505 car
516 9.5908 0.5934 cyclist
516 17.3973 0.4189 car
516 11.8212 0.7505 car
517 9.5908 0.5934 cyclist
517 17.3973 0.4189 car
517 11.8212 0.7505 car
518 9.5908 0.5934 cyclist
518 17.3973 0.4189 car
518 11.8212 0.7505 car
519 10.0369 0.5934 cyclist
519 17.3973 0.4189 car
519 11.8212 0.7505 car
520 10.0369 0.5934 cyclist
520 17.3973 0.4189 car
520 11.8212 0.7505 car
521 10.0369 0.5934 cyclist
521 17.3973 0.4189 car
521 11.8212 0.7505 car
522 10.0369 0.5934 cyclist
522 17.3973 0.4189 car
522 11.8212 0.7505 car
523 10.0369 0.5934 cyclist
523 17.3973 0.4189 car
523 11.8212 0.7505 car
524 10.0369 0.5934 cyclist
524 17.3973 0.4189 car
524 11.8212 0.7505 car
525 10.0369 0.5934 cyclist
525 17.3973 0.4189 car
525 11.8212 0.7505 car
526 10.0369 0.5934 cyclist
526 17.3973 0.4189 car
526 11.8212 0.7505 car
527 10.0369 0.5934 cyclist
527 17.3973 0.4189 car
527 11.8212 0.7505 car
528 10.0369 0.5934 cyclist
528 17.3973 0.4189 car
528 11.8212 0.7505 car
529 10.4830 0.5585 cyclist
529 17.3973 0.4189 car
529 11.8212 0.7505 car
530 10.4830 0.5585 cyclist
530 17.3973 0.4189 car
530 11.8212 0.7505 car
531 10.4830 0.5585 cyclist
531 17.3973 0.4189 car
531 11.8212 0.7505 car
532 10.4830 0.5585 cyclist
532 17.3973 0.4189 car
532 11.8212 0.7505 car
533 10.4830 0.5585 cyclist
533 17.3973 0.4189 car
533 11.8212 0.7505 car
534 10.4830 0.5585 cyclist
534 17.3973 0.4189 car
534 11.8212 0.7505 car
535 10.4830 0.5585 cyclist
535 17.3973 0.4189 car
535 11.8212 0.7505 car
536 10.4830 0.5585 cyclist
536 17.3973 0.4189 car
536 11.8212 0.7505 car
537 10.4830 0.5585 cyclist
537 17.3973 0.4189 car
537 11.8212 0.7505 car
538 10.4830 0.5585 cyclist
538 17.3973 0.4189 car
538 11.8212 0.7505 car
539 10.4830 0.5585 cyclist
539 17.3973 0.4189 car
539 11.8212 0.7505 car
540 10.4830 0.5585 cyclist
540 17.3973 0.4189 car
540 11.8212 0.7505 car
541 10.4830 0.5585 cyclist
541 17.3973 0.4189 car
541 11.8212 0.7505 car
542 10.9290 0.5236 cyclist
542 17.3973 0.4189 car
542 11.8212 0.7505 car
543 10.9290 0.5236 cyclist
543 17.3973 0.4189 car
543 11.8212 0.7505 car
544 10.9290 0.5236 cyclist
544 17.3973 0.4189 car
544 11.8212 0.7505 car
545 10.9290 0.5236 cyclist
545 17.3973 0.4189 car
545 11.8212 0.7505 car
546 10.9290 0.5236 cyclist
546 17.3973 0.4189 car
546 11.8212 0.7505 car
547 10.9290 0.5236 cyclist
547 17.3973 0.4189 car
547 11.8212 0.7505 car
548 10.9290 0.5236 cyclist
548 17.3973 0.4189 car
548 11.8212 0.7505 car
549 10.9290 0.5236 cyclist
549 17.3973 0.4189 car
549 11.8212 0.7505 car
550 10.9290 0.5236 cyclist
550 17.3973 0.4189 car
550 11.8212 0.7505 car
551 10.9290 0.5236 cyclist
551 17.3973 0.4189 car
551 11.8212 0.7505 car
552 11.3751 0.4887 cyclist
552 17.3973 0.4189 car
552 11.8212 0.7505 car
553 11.3751 0.4887 cyclist
553 17.3973 0.4189 car
553 11.8212 0.7505 car
554 11.3751 0.4887 cyclist
554 17.3973 0.4189 car
554 11.8212 0.7505 car
555 11.3751 0.4887 cyclist
555 17.3973 0.4189 car
555 11.8212 0.7505 car
556 11.3751 0.4887 cyclist
556 17.3973 0.4189 car
556 11.8212 0.7505 car
557 11.3751 0.4887 cyclist
557 17.3973 0.4189 car
557 11.8212 0.7505 car
558 11.3751 0.4887 cyclist
558 17.3973 0.4189 car
558 11.8212 0.7505 car
559 11.3751 0.4887 cyclist
559 17.3973 0.4189 car
559 11.8212 0.7505 car
560 11.3751 0.4887 cyclist
560 17.3973 0.4189 car
560 11.8212 0.7505 car
561 11.3751 0.4887 cyclist
561 17.3973 0.4189 car
561 11.8212 0.7505 car
562 11.3751 0.4887 cyclist
562 17.3973 0.4189 car
562 11.8212 0.7505 car
563 11.5982 0.4538 cyclist
563 17.3973 0.4189 car
563 11.8212 0.7505 car
564 11.5982 0.4538 cyclist
564 17.3973 0.4189 car
564 11.8212 0.7505 car
565 11.5982 0.4538 cyclist
565 17.3973 0.4189 car
565 11.8212 0.7505 car
566 11.5982 0.4538 cyclist
566 17.3973 0.4189 car
566 11.8212 0.7505 car
567 11.5982 0.4538 cyclist
567 17.3973 0.4189 car
567 11.8212 0.7505 car
568 11.5982 0.4538 cyclist
568 17.3973 0.4189 car
568 11.8212 0.7505 car
569 11.5982 0.4538 cyclist
569 17.3973 0.4189 car
569 11.8212 0.7505 car
570 11.5982 0.4538 cyclist
570 17.3973 0.4189 car
570 11.8212 0.7505 car
571 11.5982 0.4538 cyclist
571 17.3973 0.4189 car
571 11.8212 0.7505 car
572 11.5982 0.4538 cyclist
572 17.3973 0.4189 car
572 11.8212 0.7505 car
573 11.5982 0.4538 cyclist
573 17.3973 0.4189 car
573 11.8212 0.7505 car
574 11.5982 0.4538 cyclist
574 17.3973 0.4189 car
574 11.8212 0.7505 car
575 11.5982 0.4538 cyclist
575 17.3973 0.4189 car
575 11.8212 0.7505 car
576 11.5982 0.4538 cyclist
576 17.3973 0.4189 car
576 11.8212 0.7505 car
577 11.5982 0.4538 cyclist
577 17.3973 0.4189 car
577 11.8212 0.7505 car
578 11.5982 0.4538 cyclist
578 17.3973 0.4189 car
578 11.8212 0.7505 car
579 11.5982 0.4538 cyclist
579 17.3973 0.4189 car
579 11.8212 0.7505 car
580 11.5982 0.4538 cyclist
580 17.3973 0.4189 car
580 11.8212 0.7505 car
581 11.8212 0.4014 cyclist
581 17.3973 0.4189 car
581 11.8212 0.7505 car
582 11.8212 0.4014 cyclist
582 17.3973 0.4189 car
582 11.8212 0.7505 car
583 11.8212 0.4014 cyclist
583 17.3973 0.4189 car
583 11.8212 0.7505 car
584 11.8212 0.4014 cyclist
584 17.3973 0.4189 car
584 11.8212 0.7505 car
585 11.8212 0.4014 cyclist
585 17.3973 0.4189 car
585 11.8212 0.7505 car
586 11.8212 0.4014 cyclist
586 17.3973 0.4189 car
586 11.8212 0.7505 car
587 11.8212 0.4014 cyclist
587 17.3973 0.4189 car
587 11.8212 0.7505 car
588 11.8212 0.4014 cyclist
588 17.3973 0.4189 car
588 11.8212 0.7505 car
589 11.8212 0.4014 cyclist
589 17.3973 0.4189 car
589 11.8212 0.7505 car
590 11.8212 0.4014 cyclist
590 17.3973 0.4189 car
590 11.8212 0.7505 car
591 11.8212 0.4014 cyclist
591 17.3973 0.4189 car
591 11.8212 0.7505 car
592 11.8212 0.4014 cyclist
592 17.3973 0.4189 car
592 11.8212 0.7505 car
593 11.8212 0.4014 cyclist
593 17.3973 0.4189 car
593 11.8212 0.7505 car
594 11.8212 0.4014 cyclist
594 17.3973 0.4189 car
594 11.8212 0.7505 car
595 11.8212 0.4014 cyclist
595 17.3973 0.4189 car
595 11.8212 0.7505 car
596 11.8212 0.4014 cyclist
596 17.3973 0.4189 car
596 11.8212 0.7505 car
597 11.5982 0.3491 cyclist
597 17.3973 0.4189 car
597 11.8212 0.7505 car
598 11.5982 0.3491 cyclist
598 17.3973 0.4189 car
598 11.8212 0.7505 car
599 11.5982 0.3491 cyclist
599 17.3973 0.4189 car
599 11.8212 0.7505 car
600 11.5982 0.3491 cyclist
600 17.3973 0.4189 car
600 11.8212 0.7505 car
601 11.5982 0.3491 cyclist
601 17.3973 0.4189 car
601 11.8212 0.7505 car
602 11.5982 0.3491 cyclist
602 17.3973 0.4189 car
602 11.8212 0.7505 car
603 11.5982 0.3491 cyclist
603 17.3973 0.4189 car
603 11.8212 0.7505 car
604 11.5982 0.3491 cyclist
604 17.3973 0.4189 car
604 11.8212 0.7505 car
605 11.5982 0.3491 cyclist
605 17.3973 0.4189 car
605 11.8212 0.7505 car
606 11.5982 0.3142 cyclist
606 17.3973 0.4189 car
606 11.8212 0.7505 car
607 11.3751 0.2967 cyclist
607 17.3973 0.4189 car
607 11.8212 0.7505 car
608 11.3751 0.2618 cyclist
608 17.3973 0.4189 car
608 11.8212 0.7505 car
609 11.3751 0.2793 cyclist
609 17.3973 0.4189 car
609 11.8212 0.7505 car
610 11.3751 0.2618 cyclist
610 17.3973 0.4189 car
610 11.8212 0.7505 car
611 11.3751 0.2793 cyclist
611 17.3973 0.4189 car
611 11.8212 0.7505 car
612 11.3751 0.2618 cyclist
612 17.3973 0.4189 car
612 11.8212 0.7505 car
613 11.3751 0.2793 cyclist
613 17.3973 0.4189 car
613 11.8212 0.7505 car
614 11.3751 0.2618 cyclist
614 17.3973 0.4189 car
614 11.8212 0.7505 car
615 11.3751 0.2443 cyclist
615 17.3973 0.4189 car
615 11.8212 0.7505 car
616 11.1521 0.2269 cyclist
616 17.3973 0.4189 car
616 11.8212 0.7505 car
617 11.1521 0.2269 cyclist
617 17.3973 0.4189 car
617 11.8212 0.7505 car
618 11.1521 0.2269 cyclist
618 17.3973 0.4189 car
618 11.8212 0.7505 car
619 11.1521 0.2269 cyclist
619 17.3973 0.4189 car
619 11.8212 0.7505 car
620 11.1521 0.2269 cyclist
620 17.3973 0.4189 car
620 11.8212 0.7505 car
621 11.1521 0.2269 cyclist
621 17.3973 0.4189 car
621 11.8212 0.7505 car
622 11.1521 0.2269 cyclist
622 17.3973 0.4189 car
622 11.8212 0.7505 car
623 11.1521 0.2269 cyclist
623 17.3973 0.4189 car
623 11.8212 0.7505 car
624 11.1521 0.2269 cyclist
624 17.3973 0.4189 car
624 11.8212 0.7505 car
625 11.1521 0.2269 cyclist
625 17.3973 0.4189 car
625 11.8212 0.7505 car
626 11.1521 0.2269 cyclist
626 17.3973 0.4189 car
626 11.8212 0.7505 car
627 11.1521 0.2269 cyclist
627 17.3973 0.4189 car
627 11.8212 0.7505 car
628 11.1521 0.2269 cyclist
628 17.3973 0.4189 car
628 11.8212 0.7505 car
629 11.1521 0.2269 cyclist
629 17.3973 0.4189 car
629 11.8212 0.7505 car
630 11.1521 0.2269 cyclist
630 17.3973 0.4189 car
630 11.8212 0.7505 car
631 10.9290 0.1571 cyclist
631 17.3973 0.4189 car
631 11.8212 0.7505 car
632 10.9290 0.1571 cyclist
632 17.3973 0.4189 car
632 11.8212 0.7505 car
633 10.9290 0.1571 cyclist
633 17.3973 0.4189 car
633 11.8212 0.7505 car
634 10.9290 0.1571 cyclist
634 17.3973 0.4189 car
634 11.8212 0.7505 car
635 10.9290 0.1571 cyclist
635 17.3973 0.4189 car
635 11.8212 0.7505 car
636 10.9290 0.1571 cyclist
636 17.3973 0.4189 car
636 11.8212 0.7505 car
637 10.9290 0.1571 cyclist
637 17.3973 0.4189 car
637 11.8212 0.7505 car
638 10.9290 0.1571 cyclist
638 17.3973 0.4189 car
638 11.8212 0.7505 car
639 10.9290 0.1571 cyclist
639 17.3973 0.4189 car
639 11.8212 0.7505 car
640 10.9290 0.1571 cyclist
640 17.3973 0.4189 car
640 11.8212 0.7505 car
641 10.9290 0.1571 cyclist
641 17.3973 0.4189 car
641 11.8212 0.7505 car
642 10.9290 0.1571 cyclist
642 17.3973 0.4189 car
642 11.8212 0.7505 car
643 10.9290 0.1571 cyclist
643 17.3973 0.4189 car
643 11.8212 0.7505 car
644 10.9290 0.1571 cyclist
644 17.3973 0.4189 car
644 11.8212 0.7505 car
645 10.9290 0.1571 cyclist
645 17.3973 0.4189 car
645 11.8212 0.7505 car
646 10.9290 0.1571 cyclist
646 17.3973 0.4189 car
646 11.8212 0.7505 car
647 10.9290 0.1571 cyclist
647 17.3973 0.4189 car
647 11.8212 0.7505 car
648 10.9290 0.1571 cyclist
648 17.3973 0.4189 car
648 11.8212 0.7505 car
649 11.1521 0.0873 cyclist
649 17.3973 0.4189 car
649 11.8212 0.7505 car
650 11.1521 0.0873 cyclist
650 17.3973 0.4189 car
650 11.8212 0.7505 car
651 11.1521 0.0873 cyclist
651 17.3973 0.4189 car
651 11.8212 0.7505 car
652 11.1521 0.0873 cyclist
652 17.3973 0.4189 car
652 11.8212 0.7505 car
653 11.1521 0.0873 cyclist
653 17.3973 0.4189 car
653 11.8212 0.7505 car
654 11.1521 0.0873 cyclist
654 17.3973 0.4189 car
654 11.8212 0.7505 car
655 11.1521 0.0873 cyclist
655 17.3973 0.4189 car
655 11.8212 0.7505 car
656 11.1521 0.1222 cyclist
656 17.3973 0.4189 car
656 11.8212 0.7505 car
657 11.1521 0.1222 cyclist
657 17.3973 0.4189 car
657 11.8212 0.7505 car
658 11.1521 0.1222 cyclist
658 17.3973 0.4189 car
658 11.8212 0.7505 car
659 11.1521 0.1222 cyclist
659 17.3973 0.4189 car
659 11.8212 0.7505 car
660 11.1521 0.1222 cyclist
660 17.3973 0.4189 car
660 11.8212 0.7505 car
661 11.1521 0.1222 cyclist
661 17.3973 0.4189 car
661 11.8212 0.7505 car
662 11.1521 0.1222 cyclist
662 17.3973 0.4189 car
662 11.8212 0.7505 car
663 11.1521 0.1222 cyclist
663 17.3973 0.4189 car
663 11.8212 0.7505 car
664 10.9290 0.0873 cyclist
664 17.3973 0.4189 car
664 11.8212 0.7505 car
665 10.9290 0.0873 cyclist
665 17.3973 0.4189 car
665 11.8212 0.7505 car
666 10.9290 0.0873 cyclist
666 17.3973 0.4189 car
666 11.8212 0.7505 car
667 10.9290 0.0873 cyclist
667 17.3973 0.4189 car
667 11.8212 0.7505 car
668 10.9290 0.0873 cyclist
668 17.3973 0.4189 car
668 11.8212 0.7505 car
669 10.9290 0.0873 cyclist
669 17.3973 0.4189 car
669 11.8212 0.7505 car
670 10.9290 0.0175 cyclist
670 17.3973 0.4189 car
670 11.8212 0.7505 car
671 10.9290 0.0175 cyclist
671 17.3973 0.4189 car
671 11.8212 0.7505 car
672 10.9290 0.0175 cyclist
672 17.3973 0.4189 car
672 11.8212 0.7505 car
673 10.9290 0.0175 cyclist
673 17.3973 0.4189 car
673 11.8212 0.7505 car
674 10.9290 0.0175 cyclist
674 17.3973 0.4189 car
674 11.8212 0.7505 car
675 10.9290 0.0175 cyclist
675 17.3973 0.4189 car
675 11.8212 0.7505 car
676 10.9290 0.0175 cyclist
676 17.3973 0.4189 car
676 11.8212 0.7505 car
677 10.9290 0.0175 cyclist
677 17.3973 0.4189 car
677 11.8212 0.7505 car
678 10.9290 0.0175 cyclist
678 17.3973 0.4189 car
678 11.8212 0.7505 car
679 10.9290 0.0175 cyclist
679 17.3973 0.4189 car
679 11.8212 0.7505 car
680 10.9290 0.0175 cyclist
680 17.3973 0.4189 car
680 11.8212 0.7505 car
681 10.9290 0.0175 cyclist
681 17.3973 0.4189 car
681 11.8212 0.7505 car
682 10.9290 0.0175 cyclist
682 17.3973 0.4189 car
682 11.8212 0.7505 car
683 10.9290 0.0175 cyclist
683 17.3973 0.4189 car
683 11.8212 0.7505 car
684 10.9290 0.0175 cyclist
684 17.3973 0.4189 car
684 11.8212 0.7505 car
685 10.7060 -0.0524 cyclist
685 17.3973 0.4189 car
685 11.8212 0.7505 car
686 10.7060 -0.0524 cyclist
686 17.3973 0.4189 car
686 11.8212 0.7505 car
687 10.7060 -0.0524 cyclist
687 17.3973 0.4189 car
687 11.8212 0.7505 car
688 10.7060 -0.0524 cyclist
688 17.3973 0.4189 car
688 11.8212 0.7505 car
689 10.7060 -0.0524 cyclist
689 17.3973 0.4189 car
689 11.8212 0.7505 car
690 10.7060 -0.0524 cyclist
690 17.3973 0.4189 car
690 11.8212 0.7505 car
691 10.7060 -0.0524 cyclist
691 17.3973 0.4189 car
691 11.8212 0.7505 car
692 10.7060 -0.0524 cyclist
692 17.3973 0.4189 car
692 11.8212 0.7505 car
693 10.7060 -0.0524 cyclist
693 17.3973 0.4189 car
693 11.8212 0.7505 car
694 10.7060 -0.0524 cyclist
694 17.3973 0.4189 car
694 11.8212 0.7505 car
695 10.7060 -0.0524 cyclist
695 17.3973 0.4189 car
695 11.8212 0.7505 car
696 10.7060 -0.0524 cyclist
696 17.3973 0.4189 car
696 11.8212 0.7505 car
697 10.7060 -0.0524 cyclist
697 17.3973 0.4189 car
697 11.8212 0.7505 car
698 10.7060 -0.0524 cyclist
698 17.3973 0.4189 car
698 11.8212 0.7505 car
699 10.7060 -0.0524 cyclist
699 17.3973 0.4189 car
699 11.8212 0.7505 car
700 10.7060 -0.0524 cyclist
700 17.3973 0.4189 car
700 11.8212 0.7505 car
701 10.7060 -0.0524 cyclist
701 17.3973 0.4189 car
701 11.8212 0.7505 car
702 10.7060 -0.0524 cyclist
702 17.3973 0.4189 car
702 11.8212 0.7505 car
703 10.7060 -0.0524 cyclist
703 17.3973 0.4189 car
703 11.8212 0.7505 car
704 10.7060 -0.0524 cyclist
704 17.3973 0.4189 car
704 11.8212 0.7505 car
705 10.7060 -0.0524 cyclist
705 17.3973 0.4189 car
705 11.8212 0.7505 car
706 10.7060 -0.0524 cyclist
706 17.3973 0.4189 car
706 11.8212 0.7505 car
707 10.7060 -0.0524 cyclist
707 17.3973 0.4189 car
707 11.8212 0.7505 car
708 10.7060 -0.0524 cyclist
708 17.3973 0.4189 car
708 11.8212 0.7505 car
709 10.4830 -0.1222 cyclist
709 17.3973 0.4189 car
709 11.8212 0.7505 car
710 10.4830 -0.1222 cyclist
710 17.3973 0.4189 car
710 11.8212 0.7505 car
711 10.4830 -0.1222 cyclist
711 17.3973 0.4189 car
711 11.8212 0.7505 car
712 10.4830 -0.1222 cyclist
712 17.3973 0.4189 car
712 11.8212 0.7505 car
713 10.4830 -0.1222 cyclist
713 17.3973 0.4189 car
713 11.8212 0.7505 car
714 10.4830 -0.1222 cyclist
714 17.3973 0.4189 car
714 11.8212 0.7505 car
715 10.4830 -0.1222 cyclist
715 17.3973 0.4189 car
715 11.8212 0.7505 car
716 10.4830 -0.1222 cyclist
716 17.3973 0.4189 car
716 11.8212 0.7505 car
717 10.4830 -0.1222 cyclist
717 17.3973 0.4189 car
717 11.8212 0.7505 car
718 10.4830 -0.1222 cyclist
718 17.3973 0.4189 car
718 11.8212 0.7505 car
719 10.4830 -0.1222 cyclist
719 17.3973 0.4189 car
719 11.8212 0.7505 car
720 10.4830 -0.1222 cyclist
720 17.3973 0.4189 car
720 11.8212 0.7505 car
721 10.4830 -0.1222 cyclist
721 17.3973 0.4189 car
721 11.8212 0.7505 car
722 10.4830 -0.1920 cyclist
722 17.3973 0.4189 car
722 11.8212 0.7505 car
723 10.4830 -0.1920 cyclist
723 17.3973 0.4189 car
723 11.8212 0.7505 car
724 10.4830 -0.1920 cyclist
724 17.3973 0.4189 car
724 11.8212 0.7505 car
725 10.4830 -0.1920 cyclist
725 17.3973 0.4189 car
725 11.8212 0.7505 car
726 10.2599 -0.2269 cyclist
726 17.3973 0.4189 car
726 11.8212 0.7505 car
727 10.2599 -0.2269 cyclist
727 17.3973 0.4189 car
727 11.8212 0.7505 car
728 10.2599 -0.2269 cyclist
728 17.3973 0.4189 car
728 11.8212 0.7505 car
729 10.2599 -0.2269 cyclist
729 17.3973 0.4189 car
729 11.8212 0.7505 car
730 10.2599 -0.2269 cyclist
730 17.3973 0.4189 car
730 11.8212 0.7505 car
731 10.2599 -0.2269 cyclist
731 17.3973 0.4189 car
731 11.8212 0.7505 car
732 10.2599 -0.2269 cyclist
732 17.3973 0.4189 car
732 11.8212 0.7505 car
733 10.2599 -0.2269 cyclist
733 17.3973 0.4189 car
733 11.8212 0.7505 car
734 10.2599 -0.2269 cyclist
734 17.3973 0.4189 car
734 11.8212 0.7505 car
735 10.0369 -0.2443 cyclist
735 17.3973 0.4189 car
735 11.8212 0.7505 car
736 10.0369 -0.2443 cyclist
736 17.3973 0.4189 car
736 11.8212 0.7505 car
737 10.0369 -0.2443 cyclist
737 17.3973 0.4189 car
737 11.8212 0.7505 car
738 10.0369 -0.2443 cyclist
738 17.3973 0.4189 car
738 11.8212 0.7505 car
739 10.0369 -0.2443 cyclist
739 17.3973 0.4189 car
739 11.8212 0.7505 car
740 10.0369 -0.2443 cyclist
740 17.3973 0.4189 car
740 11.8212 0.7505 car
741 10.0369 -0.2443 cyclist
741 17.3973 0.4189 car
741 11.8212 0.7505 car
742 10.0369 -0.2443 cyclist
742 17.3973 0.4189 car
742 11.8212 0.7505 car
743 10.0369 -0.2443 cyclist
743 17.3973 0.4189 car
743 11.8212 0.7505 car
744 10.0369 -0.2443 cyclist
744 17.3973 0.4189 car
744 11.8212 0.7505 car
745 10.0369 -0.2443 cyclist
745 17.3973 0.4189 car
745 11.8212 0.7505 car
746 10.0369 -0.2443 cyclist
746 17.3973 0.4189 car
746 11.8212 0.7505 car
747 10.0369 -0.2443 cyclist
747 17.3973 0.4189 car
747 11.8212 0.7505 car
748 10.0369 -0.2443 cyclist
748 17.3973 0.4189 car
748 11.8212 0.7505 car
749 10.0369 -0.2443 cyclist
749 17.3973 0.4189 car
749 11.8212 0.7505 car
750 10.0369 -0.2443 cyclist
750 17.3973 0.4189 car
750 11.8212 0.7505 car
751 10.0369 -0.2443 cyclist
751 17.3973 0.4189 car
751 11.8212 0.7505 car
752 10.0369 -0.2443 cyclist
752 17.3973 0.4189 car
752 11.8212 0.7505 car
753 9.5908 -0.2618 cyclist
753 17.3973 0.4189 car
753 11.8212 0.7505 car
754 9.5908 -0.2618 cyclist
754 17.3973 0.4189 car
754 11.8212 0.7505 car
755 9.5908 -0.2618 cyclist
755 17.3973 0.4189 car
755 11.8212 0.7505 car
756 9.5908 -0.2618 cyclist
756 17.3973 0.4189 car
756 11.8212 0.7505 car
757 9.5908 -0.2618 cyclist
757 17.3973 0.4189 car
757 11.8212 0.7505 car
758 9.5908 -0.2618 cyclist
758 17.3973 0.4189 car
758 11.8212 0.7505 car
759 9.5908 -0.2618 cyclist
759 17.3973 0.4189 car
759 11.8212 0.7505 car
760 9.5908 -0.2618 cyclist
760 17.3973 0.4189 car
760 11.8212 0.7505 car
761 9.5908 -0.2618 cyclist
761 17.3973 0.4189 car
761 11.8212 0.7505 car
762 9.5908 -0.2618 cyclist
762 17.3973 0.4189 car
762 11.8212 0.7505 car
763 9.5908 -0.2618 cyclist
763 17.3973 0.4189 car
763 11.8212 0.7505 car
764 9.5908 -0.2618 cyclist
764 17.3973 0.4189 car
764 11.8212 0.7505 car
765 9.1447 -0.2793 cyclist
765 17.3973 0.4189 car
765 11.8212 0.7505 car
766 9.1447 -0.2793 cyclist
766 17.3973 0.4189 car
766 11.8212 0.7505 car
767 9.1447 -0.2793 cyclist
767 17.3973 0.4189 car
767 11.8212 0.7505 car
768 9.1447 -0.2793 cyclist
768 17.3973 0.4189 car
768 11.8212 0.7505 car
769 9.1447 -0.2793 cyclist
769 17.3973 0.4189 car
769 11.8212 0.7505 car
770 9.1447 -0.2793 cyclist
770 17.3973 0.4189 car
770 11.8212 0.7505 car
771 8.9217 -0.2967 cyclist
771 17.3973 0.4189 car
771 11.8212 0.7505 car
772 8.9217 -0.2967 cyclist
772 17.3973 0.4189 car
772 11.8212 0.7505 car
773 8.9217 -0.2967 cyclist
773 17.3973 0.4189 car
773 11.8212 0.7505 car
774 8.9217 -0.2967 cyclist
774 17.3973 0.4189 car
774 11.8212 0.7505 car
775 8.9217 -0.2967 cyclist
775 17.3973 0.4189 car
775 11.8212 0.7505 car
776 8.4756 -0.2967 cyclist
776 17.3973 0.4189 car
776 11.8212 0.7505 car
777 8.4756 -0.2967 cyclist
777 17.3973 0.4189 car
777 11.8212 0.7505 car
778 8.4756 -0.2967 cyclist
778 17.3973 0.4189 car
778 11.8212 0.7505 car
779 8.4756 -0.2967 cyclist
779 17.3973 0.4189 car
779 11.8212 0.7505 car
780 8.4756 -0.2967 cyclist
780 17.3973 0.4189 car
780 11.8212 0.7505 car
781 8.4756 -0.2967 cyclist
781 17.3973 0.4189 car
781 11.8212 0.7505 car
782 8.4756 -0.2967 cyclist
782 17.3973 0.4189 car
782 11.8212 0.7505 car
783 8.4756 -0.2967 cyclist
783 17.3973 0.4189 car
783 11.8212 0.7505 car
784 8.2525 -0.2793 cyclist
784 17.3973 0.4189 car
784 11.8212 0.7505 car
785 8.2525 -0.2793 cyclist
785 17.3973 0.4189 car
785 11.8212 0.7505 car
786 8.2525 -0.2793 cyclist
786 17.3973 0.4189 car
786 11.8212 0.7505 car
787 8.2525 -0.2793 cyclist
787 17.3973 0.4189 car
787 11.8212 0.7505 car
788 8.2525 -0.2793 cyclist
788 17.3973 0.4189 car
788 11.8212 0.7505 car
789 8.0295 -0.2618 cyclist
789 17.3973 0.4189 car
789 11.8212 0.7505 car
790 8.0295 -0.2618 cyclist
790 17.3973 0.4189 car
790 11.8212 0.7505 car
791 8.0295 -0.2618 cyclist
791 17.3973 0.4189 car
791 11.8212 0.7505 car
792 8.0295 -0.2618 cyclist
792 17.3973 0.4189 car
792 11.8212 0.7505 car
793 8.0295 -0.2618 cyclist
793 17.3973 0.4189 car
793 11.8212 0.7505 car
794 8.0295 -0.2618 cyclist
794 17.3973 0.4189 car
794 11.8212 0.7505 car
795 8.0295 -0.2618 cyclist
795 17.3973 0.4189 car
795 11.8212 0.7505 car
796 8.0295 -0.2618 cyclist
796 17.3973 0.4189 car
796 11.8212 0.7505 car
797 8.0295 -0.2618 cyclist
797 17.3973 0.4189 car
797 11.8212 0.7505 car
798 8.0295 -0.2618 cyclist
798 17.3973 0.4189 car
798 11.8212 0.7505 car
799 8.0295 -0.2618 cyclist
799 17.3973 0.4189 car
799 11.8212 0.7505 car
800 8.0295 -0.2618 cyclist
800 17.3973 0.4189 car
800 11.8212 0.7505 car
801 8.0295 -0.2618 cyclist
801 17.3973 0.4189 car
801 11.8212 0.7505 car
802 8.0295 -0.2618 cyclist
802 17.3973 0.4189 car
802 11.8212 0.7505 car
803 8.0295 -0.2618 cyclist
803 17.3973 0.4189 car
803 11.8212 0.7505 car
804 8.0295 -0.2618 cyclist
804 17.3973 0.4189 car
804 11.8212 0.7505 car
805 8.0295 -0.2618 cyclist
805 17.3973 0.4189 car
805 11.8212 0.7505 car
806 7.5834 -0.2094 cyclist
806 17.3973 0.4189 car
806 11.8212 0.7505 car
807 7.5834 -0.2094 cyclist
807 17.3973 0.4189 car
807 11.8212 0.7505 car
808 7.5834 -0.2094 cyclist
808 17.3973 0.4189 car
808 11.8212 0.7505 car
809 7.5834 -0.2094 cyclist
809 17.3973 0.4189 car
809 11.8212 0.7505 car
810 7.5834 -0.2094 cyclist
810 17.3973 0.4189 car
810 11.8212 0.7505 car
811 7.5834 -0.2094 cyclist
811 17.3973 0.4189 car
811 11.8212 0.7505 car
812 7.5834 -0.2094 cyclist
812 17.3973 0.4189 car
812 11.8212 0.7505 car
813 7.5834 -0.2094 cyclist
813 17.3973 0.4189 car
813 11.8212 0.7505 car
814 7.5834 -0.2094 cyclist
814 17.3973 0.4189 car
814 11.8212 0.7505 car
815 7.5834 -0.2094 cyclist
815 17.3973 0.4189 car
815 11.8212 0.7505 car
816 7.5834 -0.2094 cyclist
816 17.3973 0.4189 car
816 11.8212 0.7505 car
817 7.5834 -0.2094 cyclist
817 17.3973 0.4189 car
817 11.8212 0.7505 car
818 7.5834 -0.1571 cyclist
818 17.3973 0.4189 car
818 11.8212 0.7505 car
819 7.5834 -0.1571 cyclist
819 17.3973 0.4189 car
819 11.8212 0.7505 car
820 7.5834 -0.1571 cyclist
820 17.3973 0.4189 car
820 11.8212 0.7505 car
821 7.5834 -0.1571 cyclist
821 17.3973 0.4189 car
821 11.8212 0.7505 car
822 7.5834 -0.1571 cyclist
822 17.3973 0.4189 car
822 11.8212 0.7505 car
823 7.5834 -0.1571 cyclist
823 17.3973 0.4189 car
823 11.8212 0.7505 car
824 7.5834 -0.1571 cyclist
824 17.3973 0.4189 car
824 11.8212 0.7505 car
825 7.5834 -0.1571 cyclist
825 17.3973 0.4189 car
825 11.8212 0.7505 car
826 7.5834 -0.1571 cyclist
826 17.3973 0.4189 car
826 11.8212 0.7505 car
827 7.5834 -0.1571 cyclist
827 17.3973 0.4189 car
827 11.8212 0.7505 car
828 7.5834 -0.1571 cyclist
828 17.3973 0.4189 car
828 11.8212 0.7505 car
829 7.5834 -0.1571 cyclist
829 17.3973 0.4189 car
829 11.8212 0.7505 car
830 7.5834 -0.0873 cyclist
830 17.3973 0.4189 car
830 11.8212 0.7505 car
831 7.5834 -0.0873 cyclist
831 17.3973 0.4189 car
831 11.8212 0.7505 car
832 7.5834 -0.0873 cyclist
832 17.3973 0.4189 car
832 11.8212 0.7505 car
833 7.5834 -0.0873 cyclist
833 17.3973 0.4189 car
833 11.8212 0.7505 car
834 7.5834 -0.0873 cyclist
834 17.3973 0.4189 car
834 11.8212 0.7505 car
835 7.5834 -0.0873 cyclist
835 17.3973 0.4189 car
835 11.8212 0.7505 car
836 7.5834 -0.0873 cyclist
836 17.3973 0.4189 car
836 11.8212 0.7505 car
837 7.5834 -0.0873 cyclist
837 17.3973 0.4189 car
837 11.8212 0.7505 car
838 7.3604 -0.0698 cyclist
838 17.3973 0.4189 car
838 11.8212 0.7505 car
839 7.3604 -0.0698 cyclist
839 17.3973 0.4189 car
839 11.8212 0.7505 car
840 7.3604 -0.0698 cyclist
840 17.3973 0.4189 car
840 11.8212 0.7505 car
841 7.3604 -0.0175 cyclist
841 17.3973 0.4189 car
841 11.8212 0.7505 car
842 7.3604 -0.0175 cyclist
842 17.3973 0.4189 car
842 11.8212 0.7505 car
843 7.3604 -0.0175 cyclist
843 17.3973 0.4189 car
843 11.8212 0.7505 car
844 7.3604 -0.0175 cyclist
844 17.3973 0.4189 car
844 11.8212 0.7505 car
845 7.3604 -0.0175 cyclist
845 17.3973 0.4189 car
845 11.8212 0.7505 car
846 7.3604 0.0349 cyclist
846 17.3973 0.4189 car
846 11.8212 0.7505 car
847 7.3604 0.0349 cyclist
847 17.3973 0.4189 car
847 11.8212 0.7505 car
848 7.3604 0.0349 cyclist
848 17.3973 0.4189 car
848 11.8212 0.7505 car
849 7.3604 0.0349 cyclist
849 17.3973 0.4189 car
849 11.8212 0.7505 car
850 7.3604 0.0349 cyclist
850 17.3973 0.4189 car
850 11.8212 0.7505 car
851 7.3604 0.0349 cyclist
851 17.3973 0.4189 car
851 11.8212 0.7505 car
852 7.3604 0.0349 cyclist
852 17.3973 0.4189 car
852 11.8212 0.7505 car
853 7.3604 0.0349 cyclist
853 17.3973 0.4189 car
853 11.8212 0.7505 car
854 7.3604 0.0349 cyclist
854 17.3973 0.4189 car
854 11.8212 0.7505 car
855 7.3604 0.0349 cyclist
855 17.3973 0.4189 car
855 11.8212 0.7505 car
856 7.3604 0.0349 cyclist
856 17.3973 0.4189 car
856 11.8212 0.7505 car
857 7.3604 0.0349 cyclist
857 17.3973 0.4189 car
857 11.8212 0.7505 car
858 7.3604 0.0349 cyclist
858 17.3973 0.4189 car
858 11.8212 0.7505 car
859 7.3604 0.0349 cyclist
859 17.3973 0.4189 car
859 11.8212 0.7505 car
860 7.3604 0.0349 cyclist
860 17.3973 0.4189 car
860 11.8212 0.7505 car
861 7.1373 0.0698 cyclist
861 17.3973 0.4189 car
861 11.8212 0.7505 car
862 7.1373 0.0698 cyclist
862 17.3973 0.4189 car
862 11.8212 0.7505 car
863 7.1373 0.0698 cyclist
863 17.3973 0.4189 car
863 11.8212 0.7505 car
864 7.1373 0.0698 cyclist
864 17.3973 0.4189 car
864 11.8212 0.7505 car
865 7.1373 0.0698 cyclist
865 17.3973 0.4189 car
865 11.8212 0.7505 car
866 7.1373 0.1396 cyclist
866 17.3973 0.4189 car
866 11.8212 0.7505 car
867 7.1373 0.1396 cyclist
867 17.3973 0.4189 car
867 11.8212 0.7505 car
868 7.1373 0.1396 cyclist
868 17.3973 0.4189 car
868 11.8212 0.7505 car
869 7.1373 0.1396 cyclist
869 17.3973 0.4189 car
869 11.8212 0.7505 car
870 7.1373 0.1396 cyclist
870 17.3973 0.4189 car
870 11.8212 0.7505 car
871 7.1373 0.1396 cyclist
871 17.3973 0.4189 car
871 11.8212 0.7505 car
872 7.1373 0.1396 cyclist
872 17.3973 0.4189 car
872 11.8212 0.7505 car
873 7.1373 0.1920 cyclist
873 17.3973 0.4189 car
873 11.8212 0.7505 car
874 7.1373 0.1920 cyclist
874 17.3973 0.4189 car
874 11.8212 0.7505 car
875 7.1373 0.1920 cyclist
875 17.3973 0.4189 car
875 11.8212 0.7505 car
876 7.1373 0.1920 cyclist
876 17.3973 0.4189 car
876 11.8212 0.7505 car
877 7.1373 0.1920 cyclist
877 17.3973 0.4189 car
877 11.8212 0.7505 car
878 7.1373 0.1920 cyclist
878 17.3973 0.4189 car
878 11.8212 0.7505 car
879 7.1373 0.1920 cyclist
879 17.3973 0.4189 car
879 11.8212 0.7505 car
880 7.1373 0.1920 cyclist
880 17.3973 0.4189 car
880 11.8212 0.7505 car
881 7.1373 0.1920 cyclist
881 17.3973 0.4189 car
881 11.8212 0.7505 car
882 7.1373 0.1920 cyclist
882 17.3973 0.4189 car
882 11.8212 0.7505 car
883 7.1373 0.1920 cyclist
883 17.3973 0.4189 car
883 11.8212 0.7505 car
884 7.1373 0.1920 cyclist
884 17.3973 0.4189 car
884 11.8212 0.7505 car
885 7.1373 0.1920 cyclist
885 17.3973 0.4189 car
885 11.8212 0.7505 car
886 7.1373 0.1920 cyclist
886 17.3973 0.4189 car
886 11.8212 0.7505 car
887 7.1373 0.1920 cyclist
887 17.3973 0.4189 car
887 11.8212 0.7505 car
888 7.1373 0.1920 cyclist
888 17.3973 0.4189 car
888 11.8212 0.7505 car
889 7.1373 0.1920 cyclist
889 17.3973 0.4189 car
889 11.8212 0.7505 car
890 7.1373 0.1920 cyclist
890 17.3973 0.4189 car
890 11.8212 0.7505 car
891 7.1373 0.1920 cyclist
891 17.3973 0.4189 car
891 11.8212 0.7505 car
892 7.1373 0.1920 cyclist
892 17.3973 0.4189 car
892 11.8212 0.7505 car
893 7.3604 0.2618 cyclist
893 17.3973 0.4189 car
893 11.8212 0.7505 car
894 7.3604 0.2618 cyclist
894 17.3973 0.4189 car
894 11.8212 0.7505 car
895 7.3604 0.2618 cyclist
895 17.3973 0.4189 car
895 11.8212 0.7505 car
896 7.3604 0.2618 cyclist
896 17.3973 0.4189 car
896 11.8212 0.7505 car
897 7.5834 0.3142 cyclist
897 17.3973 0.4189 car
897 11.8212 0.7505 car
898 7.5834 0.3142 cyclist
898 17.3973 0.4189 car
898 11.8212 0.7505 car
899 7.5834 0.3142 cyclist
899 17.3973 0.4189 car
899 11.8212 0.7505 car
