0 14.1742 0.4285 car
1 14.1749 0.4187 car
1 22.5738 -0.4221 car
2 14.0616 0.3791 car
3 15.1269 0.5010 car
6 13.6355 0.3121 car
8 14.4877 0.4132 car
9 14.7008 0.4479 car
11 13.7567 0.3202 car
13 13.6715 0.2472 car
14 13.8024 0.2650 car
15 13.5251 0.1740 car
16 14.1748 0.4201 pedestrian
16 14.5699 0.3031 car
17 13.9615 0.1990 car
18 20.7796 0.4201 pedestrian
18 14.0016 0.2314 car
19 20.7796 0.4201 pedestrian
19 13.9382 0.1778 car
20 14.1677 0.3206 car
21 12.9191 0.1613 car
22 13.3155 0.0313 car
23 13.3470 0.0392 car
24 12.9249 0.1035 car
25 17.5834 0.4243 pedestrian
25 13.2057 -0.0004 car
26 18.0095 0.4243 pedestrian
26 13.7416 0.0162 car
27 19.3880 0.3454 pedestrian
27 13.1281 0.1050 car
28 17.1572 0.4257 pedestrian
28 13.5146 0.1471 car
29 17.1571 0.4271 pedestrian
29 13.3002 0.0772 car
30 16.9441 0.4264 pedestrian
30 13.0697 0.0796 car
31 19.3880 0.3454 pedestrian
31 23.8042 -0.0213 car
32 19.2876 0.4278 pedestrian
32 13.1107 -0.0027 car
33 19.2876 0.4278 pedestrian
33 13.2564 -0.0436 car
34 16.5179 0.4278 pedestrian
35 13.4208 0.0396 car
36 13.8008 -0.1125 car
36 22.5759 -0.4388 car
37 23.7618 0.4278 pedestrian
37 12.9963 0.0079 car
38 23.8621 0.4479 pedestrian
38 13.2090 -0.0157 car
39 13.3643 -0.1583 car
40 16.1922 0.5373 pedestrian
40 13.5231 -0.1531 car
41 19.3880 0.3454 pedestrian
41 13.2649 -0.1449 car
42 19.2876 0.4278 pedestrian
42 15.7661 0.5373 car
42 14.1681 -0.2956 car
43 20.6663 0.4654 pedestrian
43 13.1762 -0.2354 car
43 15.4468 0.5106 car
44 14.1604 -0.3131 car
44 19.2823 0.5029 car
45 19.2876 0.4278 pedestrian
45 13.5824 -0.1923 car
45 15.0215 0.4984 car
46 19.2876 0.4278 pedestrian
46 15.1269 0.5191 car
48 19.3880 0.3454 pedestrian
48 20.5621 0.4807 car
49 13.7130 -0.2486 car
49 15.0230 0.4754 car
50 12.3397 -0.3640 car
51 19.2851 0.4627 car
51 12.3572 -0.5744 car
52 12.3572 -0.5744 car
52 14.3851 0.4573 car
53 12.3572 -0.5744 car
53 19.3880 0.3454 car
54 12.3572 -0.5932 car
54 19.3880 0.3454 car
55 19.3880 0.3454 car
55 12.3572 -0.5744 car
56 12.3484 -0.4339 car
56 19.3880 0.3454 car
57 12.3572 -0.5744 car
57 14.7008 0.5010 car
58 12.3506 -0.4518 car
58 22.5767 -0.4449 car
59 13.6355 0.3622 car
59 12.3572 -0.5744 car
60 12.3522 -0.4646 car
60 13.7503 0.3996 car
61 14.6933 -0.4436 car
62 13.4225 0.3121 car
62 12.3572 -0.5744 car
63 12.3548 -0.4852 car
63 13.4225 0.2956 car
64 12.3558 -0.4937 car
65 13.3297 0.3308 car
65 12.3567 -0.5002 car
66 13.5975 0.3237 car
66 15.1269 -0.4654 car
67 13.4220 0.2385 car
67 12.3583 -0.5137 car
68 13.6944 0.3331 car
68 15.3400 -0.4654 car
69 14.3872 0.4292 pedestrian
69 13.7908 0.3260 car
70 13.9610 0.4299 pedestrian
70 13.4836 0.2834 car
71 12.9118 0.2379 car
71 22.5755 -0.4360 car
72 13.9609 0.4313 pedestrian
72 13.9520 0.2887 car
73 23.7812 0.2011 car
74 13.0921 0.1787 car
75 13.1580 0.1937 car
77 12.7086 0.1358 car
78 19.2875 0.4299 pedestrian
78 12.9233 0.1193 car
79 19.2874 0.4313 pedestrian
79 13.1155 0.1723 car
80 19.2874 0.4306 pedestrian
80 12.9371 0.1364 car
81 19.2874 0.4306 pedestrian
82 19.2873 0.4320 pedestrian
82 12.8065 0.0613 car
83 12.8495 0.0877 car
84 13.1830 0.0700 car
85 19.2873 0.4320 pedestrian
85 1.2143 -0.0071 car
86 12.7257 -0.0264 car
87 19.2874 0.4313 pedestrian
87 12.7638 -0.0473 car
88 19.2874 0.4306 pedestrian
88 12.8950 -0.0405 car
89 19.2873 0.4320 pedestrian
89 12.9765 -0.0799 car
90 19.3880 0.3454 pedestrian
90 13.0411 -0.1144 car
91 19.2874 0.4313 pedestrian
91 12.8639 -0.1033 car
92 13.0178 -0.0791 car
93 17.5829 0.4320 pedestrian
93 12.7405 -0.1554 car
94 19.3880 0.3454 pedestrian
94 12.9467 -0.1282 car
95 19.3880 0.3454 pedestrian
95 13.0526 -0.1449 car
96 17.1568 0.4306 pedestrian
96 13.2889 -0.1967 car
97 16.9437 0.4313 pedestrian
97 12.7484 -0.2218 car
98 13.1483 -0.1861 car
100 19.2874 0.4313 pedestrian
100 13.2535 -0.2176 car
101 12.9699 -0.2910 car
102 16.3045 0.4320 pedestrian
102 14.0369 -0.3048 car
103 16.0859 0.5113 car
104 13.1890 -0.3404 car
105 12.3572 -0.5744 car
105 15.8736 0.4997 car
106 19.2874 0.4313 pedestrian
106 12.3572 -0.5744 car
106 15.6610 0.4932 car
107 19.2873 0.4327 pedestrian
107 14.4803 -0.4443 car
107 15.4481 0.4906 car
108 19.2873 0.4320 pedestrian
108 13.4225 -0.2466 car
108 15.4486 0.4834 car
109 12.3471 -0.4242 car
109 15.4493 0.4734 car
110 13.6270 -0.4360 car
110 19.3880 0.3454 car
111 12.3572 -0.5744 car
111 15.0239 0.4627 car
112 12.3572 -0.5744 car
112 19.3880 0.3454 car
113 12.3516 -0.4599 car
113 15.1269 0.4132 car
114 19.3880 0.3454 car
114 12.3524 -0.4659 car
115 12.3572 -0.5744 car
116 12.3572 -0.5744 car
116 19.2879 0.4236 car
117 12.3546 -0.4839 car
118 14.2747 0.3622 car
118 12.3572 -0.5744 car
119 14.1761 0.4039 car
119 14.9138 -0.4654 car
120 13.9637 0.3946 car
120 22.5756 -0.4367 car
120 12.3575 -0.5067 car
121 13.9645 0.3846 car
121 12.3584 -0.5143 car
122 14.1786 0.3715 car
122 12.3592 -0.5207 car
123 12.3600 -0.5270 car
124 13.7548 0.3427 car
124 12.3610 -0.5351 car
125 12.3618 -0.5413 car
125 13.5432 0.3255 car
126 13.7579 0.3065 car
126 22.5754 -0.4346 car
127 23.4276 -0.4346 car
128 14.3684 0.3719 car
129 13.7018 0.1820 car
130 13.7935 0.2223 car
131 13.3389 0.2276 car
132 14.2363 0.2554 car
133 13.6283 0.1239 car
134 14.0815 0.1839 car
135 13.6081 0.1196 car
136 14.1036 0.1370 car
137 13.2892 0.1033 car
138 13.4519 0.1309 car
139 13.4120 0.0631 car
140 13.3714 0.1123 car
141 13.4380 0.0400 car
142 13.3884 0.0960 car
143 13.3956 0.0879 car
144 13.1499 -0.0087 car
144 22.5756 -0.4367 car
145 13.2956 0.0636 car
146 19.3880 0.3454 pedestrian
146 13.4776 -0.0613 car
147 19.3880 0.3454 pedestrian
148 17.1567 0.4320 pedestrian
148 13.1572 -0.0742 car
149 17.1568 0.4313 pedestrian
149 13.3885 -0.0802 car
150 13.4573 -0.0976 car
151 19.2873 0.4320 pedestrian
151 13.3803 -0.1041 car
152 19.2874 0.4306 pedestrian
152 13.3815 -0.0986 car
155 16.3046 0.4306 pedestrian
156 13.7194 -0.1360 car
157 15.6600 0.5081 car
158 13.4225 -0.1025 car
158 15.9791 0.5557 car
159 15.6609 0.4945 car
159 14.4877 -0.3287 car
160 15.4479 0.4932 car
163 15.3400 0.4654 car
163 15.1058 -0.3344 car
164 14.6812 -0.3463 car
164 19.3880 0.3454 car
165 19.3880 0.3454 car
165 12.3572 -0.5744 car
166 12.3572 -0.5744 car
166 14.8119 0.4478 car
167 12.3572 -0.5744 car
168 12.3572 -0.5744 car
170 12.3572 -0.5744 car
170 14.2747 0.3622 car
171 14.1754 0.4124 car
171 12.3486 -0.4360 car
172 13.9630 0.4039 car
172 12.3572 -0.5744 car
173 13.9641 0.3896 car
173 12.3572 -0.5744 car
174 13.9648 0.3809 car
174 12.3572 -0.5744 car
175 14.0616 0.2792 car
175 12.3572 -0.5744 car
176 22.5764 -0.4429 car
176 12.3572 -0.5744 car
177 23.5480 0.4375 cyclist
177 14.2025 0.3503 car
177 12.3543 -0.4813 car
178 12.3549 -0.4865 car
178 14.1282 0.3409 car
179 14.4877 0.3961 pedestrian
179 12.3559 -0.4944 car
180 13.8782 0.2767 car
180 12.3567 -0.5002 car
181 13.8980 0.2907 car
181 12.3575 -0.5073 car
182 13.8663 0.2945 car
183 13.5808 0.2586 car
183 12.3592 -0.5207 car
184 13.5254 0.2277 car
185 23.7615 0.4313 pedestrian
185 13.5612 0.1928 car
185 12.3606 -0.5320 car
186 13.1309 0.1743 car
187 13.4557 0.1775 car
188 12.9215 0.1366 car
189 13.1364 0.1184 car
190 13.2253 0.0876 car
190 22.5755 -0.4353 car
191 13.2255 0.0717 car
192 23.7616 0.4299 pedestrian
192 13.2455 0.0801 car
192 22.5759 -0.4388 car
193 19.2874 0.4313 pedestrian
193 13.1593 0.0964 car
194 13.2349 0.1255 car
195 13.2447 0.1094 car
196 13.1553 0.0073 car
197 13.0829 -0.0478 car
198 13.1905 -0.0823 car
199 13.1869 -0.0996 car
200 12.9963 -0.0236 car
201 13.1759 -0.0960 car
202 13.2452 -0.1135 car
202 22.5755 -0.4360 car
203 13.3616 -0.1220 car
204 19.2873 0.4320 pedestrian
204 12.9552 -0.1693 car
205 19.2874 0.4313 pedestrian
205 12.9579 -0.1921 car
206 19.2874 0.4313 pedestrian
206 12.9593 -0.2042 car
207 19.3880 0.3454 pedestrian
208 19.3880 0.3454 pedestrian
208 13.1777 -0.2481 car
209 13.8195 -0.2693 car
210 19.3880 0.3454 pedestrian
210 13.1824 -0.2871 car
211 13.7051 -0.2571 car
212 23.9745 0.4320 pedestrian
213 23.9746 0.4313 pedestrian
213 14.2549 -0.3448 car
214 12.3572 -0.5744 car
215 23.3354 0.4313 pedestrian
215 12.3572 -0.5744 car
216 12.3572 -0.5744 car
218 13.6246 -0.4165 car
220 12.3572 -0.5744 car
221 12.3572 -0.5744 car
222 12.3501 -0.4477 car
223 12.3514 -0.4585 car
223 22.5838 -0.2956 car
224 12.3519 -0.4626 car
224 22.5751 -0.4325 car
225 12.3531 -0.4720 car
226 18.8612 0.4320 pedestrian
226 12.3572 -0.5744 car
227 12.3548 -0.4852 car
228 12.3572 -0.5744 car
229 19.2874 0.4313 pedestrian
229 12.3572 -0.5744 car
230 12.3569 -0.5022 car
231 19.2873 0.4320 pedestrian
231 15.1194 -0.4436 car
232 23.9745 0.4320 pedestrian
233 19.3880 0.3454 pedestrian
234 19.2873 0.4320 pedestrian
237 19.2874 0.4313 pedestrian
238 19.2874 0.4313 pedestrian
244 22.5838 -0.2792 car
247 16.5176 0.4313 pedestrian
249 23.3354 0.4320 pedestrian
250 16.3008 0.4840 car
251 16.4052 0.5010 pedestrian
252 23.6491 0.3287 pedestrian
252 16.3017 0.4714 car
253 16.3019 0.4674 car
254 19.3880 0.3454 car
258 19.2873 0.4327 car
259 16.3046 0.4306 car
260 19.2876 0.4278 car
261 16.6183 0.5373 car
262 17.0444 0.5557 car
263 16.6183 0.5191 car
264 16.8313 0.3791 car
265 17.0444 0.5557 car
266 16.8313 0.3622 car
267 16.4052 0.4831 car
268 16.8313 0.3454 car
269 16.4052 0.3454 car
270 16.5024 0.3622 car
271 16.5255 0.3323 car
273 16.5176 0.4313 pedestrian
273 16.6030 0.4050 car
274 16.3045 0.4320 pedestrian
274 16.5021 0.3961 car
275 16.5176 0.4320 pedestrian
276 16.6183 0.3961 pedestrian
276 16.7890 0.3450 car
277 16.7443 0.2655 car
278 23.4282 -0.4394 car
279 23.7765 0.2514 car
280 16.5330 0.2466 car
281 16.5351 0.2236 car
281 12.3572 -0.5744 car
282 12.7875 -0.5382 car
282 16.5354 0.2204 car
283 13.0005 -0.5370 car
283 22.5755 -0.4353 car
283 16.7492 0.2124 car
284 19.3880 0.3454 pedestrian
284 12.5702 -0.5932 car
285 19.2873 0.4320 pedestrian
285 18.1097 0.3454 car
285 12.5742 -0.5364 car
286 19.2874 0.4306 pedestrian
286 18.2156 0.3376 car
287 19.2874 0.4306 pedestrian
287 18.2137 0.3298 car
287 12.5739 -0.5339 car
288 19.2873 0.4320 pedestrian
288 18.8840 0.1686 car
288 12.7870 -0.5339 car
289 19.2874 0.4313 pedestrian
289 23.3593 0.1580 car
290 23.7858 0.1539 car
291 12.5702 -0.5744 car
291 17.4699 0.2709 car
292 23.7878 0.1333 car
292 12.1441 -0.6317 car
293 12.3603 -0.5295 car
293 17.4705 0.2629 car
294 23.3355 0.4299 pedestrian
294 12.3602 -0.5282 car
294 17.3978 0.1168 car
295 12.1441 -0.5744 car
295 17.6109 0.1159 car
296 19.2875 0.4292 pedestrian
296 17.8248 0.1085 car
296 12.1441 -0.5557 car
297 12.3572 -0.5744 car
297 23.7913 0.0993 car
298 17.8966 0.5744 pedestrian
298 12.3572 -0.5932 car
298 18.0395 0.0918 car
299 12.1441 -0.5744 car
299 23.7922 0.0910 car
300 19.2874 0.4306 pedestrian
300 18.2533 0.0852 car
301 18.1097 0.5744 pedestrian
301 12.1441 -0.5744 car
301 18.4664 0.0843 car
302 19.3880 0.3454 pedestrian
302 23.7936 0.0777 car
303 19.2874 0.4313 pedestrian
303 18.0031 0.5157 car
303 18.8937 0.0735 car
304 18.4351 0.4313 pedestrian
304 12.1459 -0.5188 car
304 19.1068 0.0726 car
305 12.1457 -0.5169 car
305 19.9104 0.1831 car
306 19.2873 0.4320 pedestrian
306 11.9311 -0.5744 car
306 17.7911 0.5003 car
307 19.3880 0.3454 pedestrian
307 12.1454 -0.5150 car
308 18.1097 0.5932 pedestrian
308 11.9321 -0.5131 car
309 19.2873 0.4320 pedestrian
309 19.7482 0.0517 car
309 11.9321 -0.5131 car
309 17.3659 0.4866 car
310 11.9311 -0.5557 car
310 23.7965 0.0500 car
310 19.3880 0.3454 car
311 23.7967 0.0475 car
311 11.9316 -0.5086 car
312 11.7180 -0.5557 car
312 20.5572 0.1182 car
312 17.4705 0.5373 car
313 19.3880 0.3454 car
313 23.7976 0.0391 car
313 11.9312 -0.5054 car
314 11.9308 -0.5028 car
314 19.3880 0.3454 car
314 20.6020 0.0375 car
315 11.9307 -0.5015 car
315 17.0444 0.4479 car
316 17.6836 0.5557 car
316 11.7172 -0.4983 car
316 20.8152 0.0358 car
317 11.9303 -0.4983 car
317 17.6836 0.5557 car
317 22.5838 -0.2956 car
318 16.8313 0.4305 car
318 22.5751 -0.4325 car
318 11.7166 -0.4937 car
319 11.7167 -0.4944 car
319 16.8313 0.4305 car
320 11.7165 -0.4924 car
320 22.5755 -0.4353 car
320 22.8778 0.0532 car
321 11.9293 -0.4905 car
321 19.2878 0.4250 car
321 22.9842 0.0535 car
322 11.9311 -0.4831 car
322 22.5752 -0.4332 car
322 22.9842 0.0535 car
323 11.7180 -0.4831 car
323 17.2574 0.5010 car
323 22.5755 -0.4353 car
323 22.3090 0.0139 car
324 11.5050 -0.4831 car
324 17.0444 0.3622 car
324 22.5745 -0.4277 car
324 23.8006 0.0123 car
325 11.7152 -0.4819 car
325 22.5752 -0.4332 car
325 23.2836 0.0652 car
326 11.7147 -0.4786 car
326 17.0444 0.3961 car
326 22.5748 -0.4305 car
326 23.4098 0.0543 car
327 11.5050 -0.4831 car
327 23.5242 0.0625 car
327 22.5758 -0.4381 car
327 17.4705 0.5373 car
328 11.5014 -0.4760 car
328 17.0444 0.4831 car
328 22.5755 -0.4353 car
329 11.2919 -0.4654 car
329 17.0444 0.3454 car
329 23.5882 0.0055 car
329 22.5748 -0.4298 car
330 11.7180 -0.4479 car
330 22.5752 -0.4332 car
330 23.8016 0.0030 car
330 17.1412 0.3622 car
331 11.5050 -0.5373 car
331 24.0145 0.0039 car
331 17.0438 0.4219 car
331 22.5750 -0.4318 car
332 11.0789 -0.4479 car
332 24.2279 0.0013 car
332 17.1356 0.3707 car
332 22.5741 -0.4249 car
333 11.2919 -0.4654 car
333 24.1750 0.0634 car
333 17.1596 0.3909 car
334 11.2919 -0.4479 car
334 17.2313 0.3622 car
334 24.2852 0.0712 car
335 16.9436 0.4327 pedestrian
335 11.0789 -0.4305 car
335 17.2839 0.3454 car
335 24.3940 0.0948 car
336 16.9437 0.4320 pedestrian
336 11.0789 -0.4132 car
336 24.5005 0.0944 car
336 17.2979 0.3286 car
337 11.0789 -0.4132 car
337 16.9567 0.2733 car
337 24.6071 0.0944 car
338 11.0789 -0.4305 car
338 17.4313 0.3454 car
338 24.8201 0.0943 car
339 17.1567 0.4327 pedestrian
339 11.0789 -0.4132 car
339 23.8026 -0.0062 car
340 17.1567 0.4320 pedestrian
340 11.0789 -0.3961 car
340 17.5474 0.3199 car
341 11.0789 -0.3961 car
341 17.4680 0.3964 car
342 18.4350 0.4327 pedestrian
342 11.0789 -0.3791 car
342 17.4699 0.3877 car
343 18.5358 0.3961 pedestrian
343 11.0789 -0.4132 car
343 23.8029 -0.0096 car
344 11.0709 -0.4415 car
344 23.8029 -0.0087 car
344 18.1091 0.3562 car
345 11.0706 -0.4394 car
345 23.8031 -0.0113 car
345 18.4286 0.3375 car
346 19.2873 0.4327 pedestrian
346 11.0789 -0.3961 car
346 18.1884 0.3081 car
346 23.8029 -0.0087 car
347 19.3880 0.3454 pedestrian
347 11.0789 -0.3961 car
347 23.8031 -0.0113 car
348 19.2873 0.4320 pedestrian
348 11.0789 -0.3961 car
348 23.8031 -0.0113 car
348 18.4286 0.3375 car
349 18.1097 0.3454 pedestrian
349 11.0789 -0.3961 car
349 23.8031 -0.0113 car
350 19.3880 0.3454 pedestrian
350 11.0689 -0.4256 car
350 23.8031 -0.0113 car
351 11.0789 -0.3622 car
351 23.8031 -0.0113 car
351 17.8194 0.1621 car
352 17.7959 0.4320 pedestrian
352 11.2919 -0.3454 car
352 23.8031 -0.0113 car
353 17.7959 0.4327 pedestrian
353 11.2919 -0.3287 car
353 23.8032 -0.0121 car
354 23.8034 -0.0138 car
354 18.0343 0.1432 car
355 11.0789 -0.3287 car
355 23.8033 -0.0129 car
355 18.0346 0.1399 car
356 11.2919 -0.3121 car
356 18.2484 0.1333 car
357 11.0789 -0.3454 car
358 11.2919 -0.2956 car
359 11.2919 -0.2304 car
359 23.8037 -0.0163 car
359 18.6763 0.1151 car
360 11.2919 -0.2629 car
360 23.8038 -0.0171 car
361 23.5484 0.4320 pedestrian
361 11.2919 -0.2629 car
361 18.8906 0.1035 car
362 11.2919 -0.2466 car
362 19.4789 0.1892 car
363 11.2919 -0.2629 car
364 11.2919 -0.2792 car
365 11.2919 -0.2466 car
366 11.2919 -0.2792 car
366 22.3015 0.0843 car
367 11.4656 -0.3635 car
367 19.5321 0.0810 car
368 11.4788 -0.3631 car
368 19.5324 0.0777 car
369 11.4791 -0.3462 car
370 11.4721 -0.3131 car
370 19.9594 0.0693 car
371 11.5013 -0.3708 car
371 20.1727 0.0668 car
372 11.5721 -0.2959 car
372 20.8124 0.0618 car
373 11.7479 -0.2451 car
374 19.2873 0.4320 pedestrian
374 11.4795 -0.3002 car
374 20.5999 0.0567 car
375 20.5656 0.4327 pedestrian
375 11.5011 -0.4220 car
376 20.5656 0.4327 pedestrian
376 11.6407 -0.2790 car
376 21.0269 0.0484 car
377 20.5656 0.4327 pedestrian
377 11.6899 -0.2786 car
377 23.7970 0.0450 car
378 20.3525 0.4327 pedestrian
378 11.7361 -0.2534 car
378 23.4283 -0.4401 car
379 20.3525 0.4334 pedestrian
379 11.7520 -0.3238 car
379 23.7975 0.0408 car
380 19.2873 0.4327 pedestrian
380 11.7078 -0.3374 car
380 23.7974 0.0417 car
381 19.2872 0.4334 pedestrian
381 11.8098 -0.3287 car
381 22.8500 0.0749 car
382 20.3524 0.4341 pedestrian
382 11.8166 -0.2503 car
382 22.0937 0.0341 car
383 22.9005 0.1188 car
383 12.7833 -0.1025 car
384 23.3001 0.0705 car
384 11.9614 -0.1944 car
385 11.9581 -0.2688 car
385 23.1970 0.0539 car
386 22.7337 0.0265 car
386 11.9274 -0.3210 car
387 11.9274 -0.3044 car
387 22.9468 0.0265 car
388 11.9760 -0.2133 car
389 12.3219 -0.2373 car
390 12.1121 -0.2194 car
391 12.2189 -0.1727 car
392 13.2535 -0.0504 car
392 24.0126 0.0215 car
393 12.4851 -0.1872 car
393 24.2258 0.0207 car
394 12.4317 -0.1407 car
396 12.6620 -0.2165 car
396 14.3772 0.0159 car
397 12.6512 -0.1170 car
398 13.1745 -0.0621 car
399 13.1344 -0.0604 car
400 13.4644 -0.0419 car
401 13.0499 -0.0851 car
402 19.7131 0.4368 pedestrian
402 13.5289 -0.0519 car
402 23.8010 0.0081 car
403 13.3448 -0.0677 car
404 13.6819 -0.0867 car
405 13.4829 -0.0434 car
406 13.6148 -0.0447 car
407 14.1883 -0.0291 car
408 19.4999 0.4389 pedestrian
408 13.8828 -0.0742 car
409 13.5222 -0.0870 car
410 13.9481 -0.0880 car
411 13.9442 -0.0804 car
412 19.2866 0.4416 pedestrian
412 14.1292 -0.0715 car
413 19.2865 0.4423 pedestrian
413 14.2676 -0.0714 car
414 14.1927 -0.0613 car
415 19.2864 0.4437 pedestrian
415 14.4091 -0.0665 car
416 14.0066 -0.0490 car
417 14.6894 -0.0484 car
418 14.4837 -0.0161 car
419 19.3880 0.3287 pedestrian
419 14.7681 -0.0080 car
420 14.4313 -0.0365 car
421 14.8570 -0.0323 car
422 19.2858 0.4519 pedestrian
422 15.2292 -0.0162 car
423 19.2858 0.4519 pedestrian
423 15.2826 -0.0272 car
424 23.6491 0.2792 pedestrian
424 15.5409 -0.0005 car
425 19.3880 0.3622 pedestrian
425 15.6869 -0.0032 car
426 15.7582 0.0075 car
427 7.2439 0.7765 pedestrian
427 15.7071 -0.0129 car
428 16.5097 0.0716 car
429 19.2851 0.4627 pedestrian
429 16.1328 -0.0087 car
430 19.2849 0.4654 pedestrian
430 16.1841 0.0390 car
431 19.2847 0.4674 pedestrian
431 16.1323 -0.0045 car
432 19.0715 0.4694 pedestrian
432 16.8230 0.0386 car
433 19.0713 0.4728 pedestrian
433 16.5577 0.0022 car
434 17.8966 0.5010 pedestrian
434 16.6162 0.0394 car
435 16.9294 0.0388 car
436 7.4569 0.6916 pedestrian
436 17.3919 0.0440 car
437 17.2526 0.0470 car
438 19.0703 0.4866 pedestrian
438 16.9824 0.0148 car
439 19.1749 0.3622 pedestrian
439 17.1948 0.0215 car
440 19.1749 0.3622 pedestrian
440 17.6205 0.0249 car
441 19.1749 0.3622 pedestrian
441 18.1046 0.0625 car
442 18.9619 0.3454 pedestrian
442 17.8333 0.0274 car
443 18.9619 0.3454 pedestrian
443 17.8961 0.0787 car
444 18.9619 0.3454 pedestrian
444 18.1046 0.0628 car
445 18.0454 0.0358 car
445 19.8141 -0.6124 car
446 18.8559 0.5068 pedestrian
446 18.0452 0.0383 car
447 18.2581 0.0391 car
447 15.3400 -0.4479 car
448 18.6425 0.5119 pedestrian
448 18.4712 0.0391 car
449 18.6424 0.5145 pedestrian
449 18.4709 0.0417 car
449 18.1097 -0.3454 car
450 16.6183 0.5373 pedestrian
450 18.6836 0.0450 car
451 19.0589 0.0704 car
451 15.1269 -0.4479 car
452 19.3826 0.0783 car
453 18.8961 0.0509 car
454 19.7070 0.0787 car
455 19.8116 0.0864 car
456 19.8135 0.1103 car
457 20.0265 0.1265 car
457 19.5921 -0.4312 car
458 20.0265 0.1106 car
459 17.6836 -0.3622 car
460 19.7464 0.0685 car
461 20.4475 0.0942 car
462 21.2809 0.1847 car
464 21.3649 0.1727 car
465 20.8689 0.1019 car
466 20.8735 0.1100 car
467 21.3781 0.2085 car
468 20.5960 0.0943 car
469 20.5955 0.0985 car
469 17.2574 -0.3622 car
470 20.8081 0.1035 car
471 21.0209 0.1060 car
471 20.6530 -0.3959 car
472 21.0200 0.1143 car
473 20.4393 -0.3909 car
473 21.2726 0.1265 car
474 18.5358 -0.6124 car
474 21.6244 0.1902 car
476 21.3772 0.2549 car
477 21.2626 0.1193 car
477 20.2259 -0.3880 car
478 18.3227 -0.6124 car
478 22.0512 0.1981 car
479 21.3664 0.2625 car
480 21.6554 0.1523 car
481 21.8677 0.1596 car
482 21.8671 0.1662 car
483 22.1461 0.2305 car
484 22.1570 0.2384 car
485 22.0780 0.1882 car
487 20.5852 0.2027 car
488 19.3672 -0.3359 car
488 22.2889 0.2100 car
489 19.1519 -0.3178 car
489 13.0003 -0.5357 car
489 22.5012 0.2188 car
490 19.1512 -0.3117 car
490 22.7969 0.2792 car
491 12.7866 -0.5307 car
491 24.6914 -0.3178 car
491 22.9034 0.2792 car
492 12.7864 -0.5289 car
492 22.4988 0.2443 car
493 22.4979 0.2537 car
493 12.5449 -0.3002 car
494 22.7102 0.2624 car
494 24.4751 -0.2910 car
495 12.5723 -0.5207 car
495 22.7095 0.2702 car
496 23.2230 0.3287 car
496 12.3591 -0.5201 car
497 23.3287 0.3372 car
498 12.1453 -0.5137 car
498 22.9200 0.2988 car
498 19.3586 -0.2654 car
499 23.3262 0.3620 car
499 12.1448 -0.5099 car
501 23.5417 0.3705 car
501 11.9312 -0.5054 car
501 23.6180 -0.2512 car
502 18.9295 -0.2410 car
503 23.4034 -0.2386 car
503 19.1749 0.2466 car
504 20.2050 -0.2178 car
504 19.1749 0.2629 car
504 15.9783 -0.4970 car
505 23.1270 0.3715 car
505 17.6489 -0.2226 car
506 17.4314 -0.1856 car
506 24.2883 0.4132 car
507 24.2883 0.4479 car
508 17.5765 -0.0790 car
508 23.2230 0.4654 car
509 23.3364 0.4180 car
509 17.2137 -0.1464 car
510 18.5358 0.2956 car
511 15.3361 -0.4726 car
511 18.5358 0.6916 car
512 23.5468 0.4546 car
512 16.7863 -0.1348 car
513 15.1221 -0.4653 car
513 16.5708 -0.1141 car
513 24.2883 0.5191 car
514 24.5013 0.5191 car
515 24.2883 0.5373 car
516 23.5437 0.4990 car
517 15.3329 -0.4470 car
517 21.8932 -0.0792 car
517 19.3880 -0.6317 car
517 18.1097 0.7765 car
518 15.3099 -0.4957 car
518 23.7558 0.5125 car
519 15.9261 -0.0658 car
519 14.7008 -0.4654 car
519 23.7553 0.5208 car
521 14.9046 -0.4298 car
521 16.5635 -0.0499 car
523 14.2636 -0.4151 car
525 14.0616 -0.3961 car
526 13.8486 -0.4132 car
527 13.6198 -0.3779 car
528 20.6021 0.0358 car
528 13.8307 -0.3604 car
529 15.7011 0.0425 car
529 15.5517 -0.4931 car
531 1.2052 0.0818 car
532 13.6322 -0.4773 car
532 19.9571 0.0918 car
533 19.9560 0.1018 car
534 19.7419 0.1118 car
536 17.8935 -0.4779 car
539 12.1134 -0.2567 car
539 23.9961 0.1817 car
542 11.9295 -0.1976 car
542 23.7783 0.2316 car
543 23.5653 0.2316 car
543 11.4690 -0.2138 car
544 7.6326 -0.2042 car
545 11.8919 -0.1864 car
546 11.6115 -0.1502 car
546 18.2338 0.2873 car
547 16.3868 -0.3552 car
547 11.2506 -0.1685 car
548 18.0179 0.3202 car
548 11.2905 -0.1187 car
549 10.8215 -0.1431 car
550 11.2814 -0.1320 car
551 11.2916 -0.0942 car
551 12.9963 0.2304 car
552 10.7579 -0.0863 car
553 14.8950 -0.3523 car
553 10.9128 -0.0989 car
554 11.0560 -0.2010 car
555 9.9616 -0.0775 car
555 14.4648 -0.3193 car
556 14.4587 -0.2701 car
557 10.6934 -0.0928 car
558 9.9043 -0.0150 car
558 22.7937 -0.4766 car
559 14.0297 -0.2457 car
559 10.0576 -0.0425 car
559 22.5795 -0.4680 car
560 20.0027 -0.3056 car
560 10.0991 -0.0374 car
560 20.0274 -0.5047 car
561 10.4053 -0.2274 car
561 14.8867 -0.2848 car
561 20.0272 -0.7123 car
561 23.5469 0.4526 car
562 10.4037 -0.2138 car
562 14.6722 -0.2732 car
562 22.1497 -0.4381 car
563 10.1900 -0.2082 car
563 19.3789 -0.4298 car
564 9.5578 -0.0448 car
564 13.1714 -0.1961 car
564 19.3834 -0.4659 car
565 9.5872 0.0478 car
565 19.3822 -0.4565 car
565 13.1702 -0.1856 car
566 9.2576 -0.0117 car
566 13.8120 -0.2074 car
567 9.2653 0.0960 car
567 12.9618 -0.2250 car
568 12.7398 -0.1496 car
568 8.8997 0.0977 car
568 22.1422 -0.3779 car
569 9.5162 0.1002 car
569 21.5017 -0.3677 car
569 12.5251 -0.1356 car
570 18.7123 -0.2066 car
570 12.5244 -0.1299 car
570 8.6893 0.1254 car
570 18.9489 -0.3988 car
571 8.3033 0.1373 car
571 18.7347 -0.3895 car
571 12.8833 -0.1171 car
572 9.1125 -0.1050 car
572 12.1031 -0.1709 car
572 18.7336 -0.3808 car
573 8.5156 0.1991 car
573 12.4637 -0.1343 car
574 18.0653 -0.1406 car
574 11.8799 -0.0833 car
574 8.2016 0.2094 car
575 12.1407 -0.1113 car
575 7.8500 0.1971 car
576 8.4680 -0.0591 car
576 12.3095 -0.1133 car
577 7.5105 0.2666 car
577 17.6412 -0.1578 car
577 11.4490 -0.0415 car
578 11.7147 -0.0639 car
578 7.3226 0.3147 car
579 7.4330 0.3536 car
579 18.2111 0.0621 car
579 11.0198 -0.0138 car
580 7.2873 0.3048 car
580 11.0247 -0.0574 car
580 17.4705 -0.6916 car
581 10.8100 -0.0432 car
581 17.6868 -0.5289 car
581 7.0693 0.3297 car
582 11.2360 -0.0415 car
582 7.0340 0.3397 car
582 17.4730 -0.5226 car
583 6.6399 0.3363 car
583 11.0228 -0.0407 car
583 17.4743 -0.5332 car
584 17.3634 0.1426 car
584 10.0030 0.0595 car
584 6.6486 0.3852 car
585 6.5154 0.3794 car
585 10.1639 0.0198 car
585 17.0488 -0.5382 car
586 7.0308 0.2466 car
586 9.8646 0.0780 car
586 16.1309 0.0081 car
587 5.9655 0.5744 car
587 15.7661 -0.7333 car
587 8.5010 0.1258 car
587 16.1296 0.0198 car
588 6.3916 0.6317 car
588 8.8349 0.1072 car
588 15.5530 -0.7547 car
588 15.9170 0.0156 car
589 16.9798 0.0391 car
589 9.2170 0.0964 car
589 6.3916 0.3121 car
589 16.6201 -0.5175 car
589 21.9391 -0.4579 car
590 16.9799 0.0383 car
590 15.3400 -0.7333 car
590 5.7525 0.6916 car
590 9.6928 0.0704 car
590 24.4568 -0.1389 car
590 21.7281 -0.4740 car
591 16.1903 0.2196 car
591 8.5143 0.1771 car
591 15.7529 -0.6912 car
591 21.7238 -0.4401 car
591 6.6047 0.6714 car
592 8.4280 0.1730 car
592 16.6859 0.2082 car
592 15.1269 -0.7333 car
592 21.5128 -0.4565 car
593 8.9335 0.1658 car
593 15.7614 0.2376 car
593 21.2990 -0.4504 car
593 14.9138 -0.7547 car
594 9.7304 0.1242 car
594 15.3110 -0.6915 car
594 5.7525 0.4132 car
594 22.3214 -0.0967 car
595 8.6724 0.2029 car
595 15.7661 -0.6317 car
595 16.1199 0.1126 car
596 10.5798 0.1176 car
596 6.1786 0.4132 car
596 14.4895 -0.5182 car
597 10.3663 0.1217 car
597 5.9655 0.4132 car
597 14.4891 -0.5143 car
598 8.6689 0.2122 car
598 15.5214 0.1708 car
598 14.2747 -0.7123 car
598 5.7525 0.4479 car
598 20.6550 -0.4116 car
599 14.8245 -0.6782 car
599 8.8301 0.2111 car
600 8.7109 0.2192 car
600 14.4523 -0.6612 car
600 24.8768 -0.0858 car
601 15.2625 0.1637 car
601 16.5071 -0.0165 car
601 20.0130 -0.3895 car
601 13.8486 -0.7333 car
601 24.6627 -0.0767 car
601 24.9090 -0.3545 car
601 7.2171 0.3318 car
602 10.0123 0.1495 car
602 24.6955 -0.3508 car
602 13.8486 -0.7333 car
602 20.2248 -0.3794 car
602 5.3264 0.5373 cyclist
603 19.7983 -0.3757 car
603 9.9020 0.1645 car
603 5.7525 0.4479 car
603 13.6355 -0.7333 car
603 24.4813 -0.3418 car
603 24.4476 -0.0591 car
603 4.9003 0.5932 cyclist
604 15.2568 0.2228 car
604 24.2337 -0.0516 car
604 5.5394 0.4654 car
604 13.4225 -0.7333 car
604 18.7488 -0.6916 car
604 24.2675 -0.3351 car
605 7.0308 0.4479 car
605 19.5836 -0.3626 car
605 24.5005 -0.0314 car
605 9.9296 0.2300 car
605 13.4225 -0.7333 car
605 24.0535 -0.3276 car
606 7.0308 0.4479 car
606 9.7165 0.2308 car
606 19.3697 -0.3559 car
606 24.2875 -0.0157 car
606 23.8397 -0.3216 car
606 13.8471 -0.4924 car
607 6.6047 0.3961 car
607 19.3880 -0.4654 car
607 23.9687 -0.0236 car
607 12.9963 -0.7333 car
607 23.6259 -0.3155 car
608 13.3155 0.2064 car
608 6.6047 0.5191 car
608 23.8614 -0.0314 car
608 12.9963 -0.7123 car
608 23.6250 -0.3087 car
609 9.2866 0.2725 car
609 6.3916 0.4132 car
609 23.4135 -0.3208 car
609 23.5396 -0.0238 car
609 12.7833 -0.7333 car
610 6.1786 0.4132 car
610 15.2744 0.0475 car
610 23.4360 -0.0079 car
610 12.5702 -0.7547 car
610 18.5147 -0.3336 car
610 10.3203 0.2426 car
611 10.8635 0.2263 car
611 5.9655 0.4831 car
611 23.4331 0.0077 car
611 12.5702 -0.7333 car
611 18.5140 -0.3284 car
612 11.2332 0.2348 car
612 5.7525 0.5191 car
612 17.0444 -0.6916 car
612 12.3572 -0.7333 car
612 22.9828 -0.2841 car
612 22.9027 0.0002 car
613 12.1425 0.2951 car
613 5.7525 0.5010 car
613 12.1441 -0.7333 car
613 22.7695 -0.2817 car
613 22.9027 0.0159 car
614 10.7540 0.2509 car
614 22.0945 0.0265 car
614 12.1441 -0.7333 car
614 22.5558 -0.2763 car
614 5.9655 0.4479 car
615 11.9311 -0.7333 car
615 5.3264 0.5932 car
615 8.0029 0.3338 car
615 17.8735 -0.3170 car
615 22.3420 -0.2708 car
615 22.5831 0.0474 car
616 11.7180 -0.7123 car
616 8.0037 0.3247 car
616 6.1786 0.7547 car
616 22.2973 0.0449 car
616 22.1285 -0.2669 car
617 11.7180 -0.7333 car
617 13.5416 0.3450 car
617 6.3916 0.4654 car
617 21.9151 -0.2638 car
617 17.4462 -0.3079 car
617 21.4535 0.0442 car
618 9.3744 0.2792 car
618 11.5050 -0.7333 car
618 21.7075 -0.3087 car
618 21.5179 0.0631 car
619 11.7180 -0.5932 car
619 6.6047 0.4305 car
619 17.0200 -0.3071 car
619 21.7012 -0.2567 car
619 21.7316 0.0709 car
620 9.3744 0.2629 car
620 5.9655 0.7765 car
620 17.0283 -0.3743 car
620 11.9311 -0.5557 car
620 21.2807 -0.3033 car
620 21.5125 0.0784 car
621 10.0136 0.2466 car
621 6.1786 0.4654 car
621 21.3048 0.0790 car
621 11.2894 -0.4852 car
621 21.0673 -0.3002 car
621 16.8153 -0.3750 car
622 9.8005 0.2629 car
622 5.9655 0.4831 car
622 11.2894 -0.4852 car
622 20.8539 -0.2979 car
622 21.0918 0.0787 car
623 9.5875 0.2466 car
623 20.9859 0.1025 car
623 6.8178 0.4479 car
623 10.8658 -0.7988 car
623 16.3892 -0.3750 car
624 10.8633 -0.4852 car
624 8.7352 0.3121 car
624 20.8539 -0.2972 car
624 5.7525 0.4654 car
624 16.1760 -0.3735 car
624 20.7703 0.0870 car
625 8.7352 0.3454 car
625 10.6527 -0.8217 car
625 20.6657 0.1262 car
625 16.5062 -0.4212 car
625 13.4225 -0.4831 car
626 19.9519 0.1424 car
626 9.1614 0.2956 car
626 10.4397 -0.7988 car
626 5.3264 0.5373 car
626 20.4274 -0.2941 car
626 15.9635 -0.3779 car
627 10.4397 -0.6124 car
627 6.1786 0.4831 car
627 20.0943 0.1294 car
627 15.5371 -0.3757 car
627 20.2146 -0.2964 car
628 10.2266 -0.6317 car
628 19.9206 0.1184 car
628 7.8830 0.4654 car
628 20.0015 -0.2964 car
628 15.5530 -0.4654 car
629 10.0136 -0.6124 car
629 19.5911 0.1350 car
629 7.8830 0.4831 car
629 19.5753 -0.2956 car
630 8.3091 0.3454 car
630 19.5955 0.1430 car
630 9.5875 -0.6514 car
630 19.3623 -0.2964 car
630 15.1269 -0.4305 car
631 19.3874 0.1425 car
631 7.2439 0.5010 car
631 10.0136 -0.6714 car
631 24.4685 -0.2370 car
631 19.3622 -0.2949 car
632 7.2439 0.5010 car
632 19.1495 -0.2979 car
632 18.8905 0.1043 car
632 9.3744 -0.6514 car
632 24.2555 -0.2370 car
632 12.3572 -0.5191 car
633 18.4575 0.1727 car
633 7.2439 0.4132 car
633 18.9362 -0.2964 car
633 24.8555 0.1101 car
633 9.3744 -0.6714 car
633 24.2554 -0.2362 car
633 14.6879 -0.4009 car
634 18.7237 -0.3010 car
634 9.1614 -0.6514 car
634 18.2440 0.1776 car
634 8.3091 0.3961 car
634 14.4877 -0.4654 car
634 24.0422 -0.2354 car
635 7.2439 0.3961 car
635 9.8007 -0.5073 car
635 24.8550 0.1151 car
635 23.8295 -0.2386 car
635 14.0616 -0.4654 car
635 18.5111 -0.3048 car
635 18.0306 0.1809 car
636 7.2439 0.3961 car
636 17.8239 0.1168 car
636 14.0497 -0.4087 car
636 23.6163 -0.2370 car
636 9.5875 -0.7123 car
636 18.2985 -0.3079 car
637 17.6106 0.1193 car
637 18.0848 -0.3033 car
637 8.7361 -0.5137 car
637 23.4032 -0.2370 car
637 7.0308 0.3961 car
638 6.6047 0.4479 car
638 17.8960 0.1420 car
638 23.1902 -0.2370 car
638 8.9483 -0.6916 car
638 13.4225 -0.5010 car
638 17.8722 -0.3071 car
639 8.3091 -0.6916 car
639 23.1903 -0.2378 car
639 17.6693 0.1912 car
639 6.6047 0.4654 car
639 23.6425 0.0786 car
639 13.4225 -0.5191 car
640 8.5222 -0.6514 car
640 17.3500 0.1915 car
640 6.8178 0.7333 car
640 11.9064 -0.5420 car
640 17.6598 -0.3117 car
641 17.3617 0.1826 car
641 7.0308 0.5373 car
641 8.3091 -0.6514 car
641 12.9876 -0.4346 car
641 17.2336 -0.3117 car
642 7.8830 -0.6714 car
642 7.0308 0.5932 car
642 23.3288 0.0947 car
642 17.2525 0.1908 car
642 22.3385 -0.2417 car
642 12.7757 -0.4436 car
643 16.8292 0.1825 car
643 7.2439 0.6514 car
643 12.5702 -0.5191 car
643 7.6700 -0.6916 car
643 22.7222 0.1366 car
643 17.0220 -0.3231 car
644 21.9123 -0.2410 car
644 11.1674 -0.5884 car
644 7.8830 -0.6916 car
644 6.6047 0.4831 car
644 16.6183 0.2142 car
644 17.0220 -0.3231 car
644 22.5090 0.1383 car
645 7.2439 0.4305 car
645 9.8005 -0.6514 car
645 16.2982 0.1743 car
645 16.3833 -0.3269 car
645 23.0073 0.1134 car
646 16.3051 0.4236 car
646 9.8005 -0.6514 car
646 7.2439 0.4132 car
646 21.6997 -0.2449 car
646 15.6828 0.2244 car
646 22.0822 0.1449 car
646 16.7242 -0.3874 car
647 7.0308 0.4654 car
647 16.4028 -0.3957 car
647 9.5875 -0.6317 car
647 15.4519 0.4375 car
647 21.8690 0.1465 car
647 21.2739 -0.2473 car
647 15.8721 0.1740 car
648 6.6047 0.4831 car
648 9.3744 -0.6514 car
648 15.7656 0.1903 car
648 21.9440 0.1105 car
648 21.0609 -0.2481 car
648 15.7450 -0.3344 car
649 19.3880 0.3454 pedestrian
649 7.0308 0.4132 car
649 21.6244 0.1106 car
649 21.0612 -0.2504 car
649 16.0856 -0.3961 car
649 9.1614 -0.6714 car
649 15.5525 0.2064 car
650 20.6287 -0.1969 car
650 21.5179 0.1106 car
650 8.9483 -0.6514 car
650 6.8178 0.4479 car
650 15.4465 0.2466 car
651 14.9060 0.2314 car
651 15.3204 -0.3471 car
651 8.7352 -0.6514 car
651 7.0308 0.4132 car
651 20.4225 -0.2544 car
651 21.0159 0.1555 car
652 20.5894 0.1596 car
652 14.8377 0.2309 car
652 8.5222 -0.6714 car
652 14.8958 -0.3589 car
652 5.9655 0.5557 car
653 19.9970 -0.2591 car
653 20.3761 0.1613 car
653 14.5900 0.2394 car
653 14.8957 -0.3582 car
653 8.5222 -0.6916 car
653 5.5394 0.5744 cyclist
654 20.1632 0.1605 car
654 14.8964 -0.3640 car
654 19.7842 -0.2615 car
654 14.4802 0.2315 car
654 8.3091 -0.7123 car
654 6.3916 0.4654 car
655 14.1196 0.2361 car
655 6.4976 0.5214 car
655 20.3461 0.1262 car
655 19.5715 -0.2646 car
655 14.6838 -0.3677 car
655 8.0961 -0.7333 car
656 19.7361 0.1703 car
656 13.9477 0.2480 car
656 19.1459 -0.2685 car
656 14.0616 -0.4479 car
656 7.8830 -0.7123 car
657 17.8966 0.4132 pedestrian
657 13.7380 0.2395 car
657 19.6004 0.1264 car
657 19.1461 -0.2701 car
657 12.5702 -0.4831 car
657 10.0136 -0.6317 car
658 19.3100 0.1703 car
658 18.9257 -0.2098 car
658 12.9084 0.2757 car
658 14.0466 -0.3837 car
658 9.8005 -0.6514 car
659 19.4939 0.1106 car
659 13.3159 0.2304 car
659 24.8871 -0.1742 car
659 18.9339 -0.2771 car
659 13.6355 -0.4654 car
659 9.3744 -0.6514 car
660 12.4814 0.2850 car
660 19.2759 0.1586 car
660 9.3744 -0.6514 car
660 24.6787 -0.2130 car
660 18.5081 -0.2802 car
660 14.4745 -0.3981 car
661 18.9619 0.1343 car
661 18.6423 -0.3287 car
661 9.1614 -0.6714 car
661 12.9963 -0.5010 car
661 12.5623 0.2628 car
661 24.4613 -0.1766 car
662 24.2529 -0.2154 car
662 18.2436 0.1817 car
662 12.9963 -0.5191 car
662 17.8698 -0.2871 car
662 11.8412 0.2965 car
662 9.1614 -0.6714 car
663 8.9483 -0.7123 car
663 23.7894 0.1176 car
663 18.0300 0.1865 car
663 17.6569 -0.2887 car
663 12.7833 -0.5010 car
663 12.3506 0.2811 car
664 8.7352 -0.7123 car
664 23.6094 -0.1799 car
664 11.4142 0.3065 car
664 17.4447 -0.2956 car
664 12.7833 -0.5373 car
664 18.2162 0.1343 car
665 11.9311 -0.5373 car
665 18.0031 0.1502 car
665 23.3965 -0.1807 car
665 17.2319 -0.2979 car
665 11.6487 0.2719 car
666 8.3091 -0.7123 car
666 17.6045 0.1559 car
666 17.2325 -0.3025 car
666 23.1838 -0.1840 car
666 10.9869 0.3209 car
667 17.1768 0.1971 car
667 16.8068 -0.3056 car
667 11.2914 -0.5831 car
667 8.3091 -0.6916 car
667 11.2915 0.2713 car
668 20.3804 0.1184 car
668 11.0785 0.2707 car
668 10.2266 -0.6514 car
668 16.7505 0.1995 car
668 22.7633 -0.2306 car
668 16.5942 -0.3094 car
669 9.8005 -0.6514 car
669 16.7224 -0.3619 car
669 10.8654 0.2707 car
669 20.1670 0.1226 car
669 17.0444 0.1502 car
670 9.8005 -0.6514 car
670 12.7019 0.2035 car
670 22.3378 -0.2362 car
670 19.9536 0.1259 car
670 16.5094 -0.3788 car
671 10.8658 0.2304 car
671 19.7407 0.1242 car
671 7.8830 -0.7547 car
671 16.6161 -0.3674 car
671 16.6177 0.1739 car
672 10.0136 0.3791 car
672 19.3118 0.1514 car
672 11.2873 -0.4680 car
672 15.7443 -0.3291 car
672 15.8971 0.2116 car
673 9.5875 0.3961 car
673 21.4458 0.1176 car
673 16.2982 0.1583 car
673 10.6527 -0.6124 car
673 15.7609 -0.4041 car
674 8.9483 -0.6714 car
674 18.8879 0.1292 car
674 21.2678 -0.1969 car
674 9.3744 0.3287 car
674 15.3197 -0.3411 car
674 15.2574 0.2172 car
675 18.6742 0.1358 car
675 15.1269 -0.4132 car
675 15.2567 0.2244 car
675 19.6010 -0.3287 car
675 8.5222 -0.7123 car
675 9.1614 0.3454 car
676 20.9682 0.2879 car
676 8.7352 0.3287 car
676 24.8562 0.1035 car
676 14.9138 -0.4479 car
676 8.5222 -0.7123 car
677 8.3091 -0.7333 car
677 20.5891 0.1621 car
677 9.3744 0.3287 car
677 16.4000 -0.3688 car
677 24.6428 0.1060 car
677 15.4803 0.1880 car
678 20.3759 0.1637 car
678 8.0961 -0.7123 car
678 16.1916 -0.3703 car
678 8.5222 0.3961 car
678 14.9134 0.2060 car
678 24.4295 0.1085 car
679 8.0961 0.3287 car
679 24.0036 0.1068 car
679 20.2937 0.1902 car
679 16.1916 -0.3702 car
679 14.1898 0.2411 car
679 9.5859 -0.4937 car
680 15.4465 -0.3961 car
680 20.1666 0.1259 car
680 23.7904 0.1085 car
680 10.7809 0.2403 car
680 9.3744 -0.6714 car
680 20.1310 0.2958 car
681 8.0961 0.4831 car
681 23.5762 0.1193 car
681 8.9483 -0.6916 car
681 19.5723 -0.2708 car
681 19.9487 0.1743 car
681 13.4225 -0.5010 car
681 24.8914 -0.2098 car
681 14.2728 0.1986 car
682 7.6700 0.4654 car
682 16.7527 0.1760 car
682 14.4590 -0.2724 car
682 8.9482 -0.5054 car
682 23.1495 0.1251 car
682 24.6785 -0.2114 car
683 14.6236 -0.4060 car
683 8.9483 -0.7333 car
683 19.0957 0.1825 car
683 22.9384 0.1060 car
683 13.6315 0.2231 car
683 7.6700 0.3622 car
684 14.7986 -0.4108 car
684 16.3261 0.1809 car
684 8.7352 -0.7123 car
684 22.7247 0.1118 car
684 7.6700 0.3287 car
685 14.0611 -0.4216 car
685 7.0308 0.4654 car
685 22.5109 0.1193 car
685 18.8876 0.1325 car
685 12.6964 0.2632 car
685 23.8273 -0.2202 car
685 8.3091 -0.7333 car
686 18.7488 0.3622 pedestrian
686 6.3916 0.4654 car
686 22.0850 0.1176 car
686 14.3791 -0.4122 car
686 18.6731 0.1473 car
686 23.6146 -0.2234 car
686 12.8881 0.2147 car
686 8.0961 -0.7333 cyclist
687 6.1786 0.4831 car
687 22.0834 0.1333 car
687 11.9221 -0.4325 car
687 8.0994 -0.5332 car
687 14.8876 -0.2926 car
687 12.6664 0.2235 car
687 18.0299 0.1882 car
687 23.4065 -0.3459 car
688 12.4895 -0.5181 car
688 5.9655 0.4831 car
688 10.0136 -0.6714 car
688 21.6561 0.1449 car
688 23.1887 -0.2250 car
688 12.6702 0.2157 car
689 17.8966 0.3961 pedestrian
689 11.6288 0.2888 car
689 9.8005 -0.6514 car
689 5.7525 0.4831 car
689 21.4456 0.1201 car
689 13.6300 -0.4459 car
689 16.6178 0.1415 car
689 22.9760 -0.2274 car
690 9.3744 -0.6714 car
690 6.1786 0.4479 car
690 17.3895 0.2011 car
690 13.2089 -0.4565 car
690 11.9771 0.2472 car
690 22.5503 -0.2314 car
691 17.1760 0.2051 car
691 11.0789 -0.5932 car
691 22.3375 -0.2330 car
691 11.5663 0.2419 car
691 6.8178 0.4479 car
692 11.3564 0.2525 car
692 17.1760 0.2051 car
692 6.8178 0.4831 car
692 9.1614 -0.6714 car
692 15.4442 -0.4118 car
692 22.1247 -0.2354 car
693 8.9483 -0.6714 car
693 11.2886 0.2562 car
693 16.5956 -0.3208 car
693 22.1252 -0.2394 car
693 7.8830 0.2956 car
694 16.4460 0.2389 car
694 8.5222 -0.7123 car
694 15.9574 -0.3291 car
694 21.4862 -0.2410 car
694 7.2439 0.3622 car
694 10.1573 0.2721 car
695 8.3091 -0.7333 car
695 20.2396 0.1103 car
695 7.4569 0.3622 car
695 21.2735 -0.2441 car
695 15.0542 0.1609 car
695 15.9582 -0.3359 car
696 13.1262 0.2236 car
696 19.9200 0.1103 car
696 6.8178 0.4132 car
696 8.0961 -0.7547 car
696 20.1337 -0.3287 car
696 10.0012 0.3136 car
696 15.7458 -0.3411 car
697 15.6827 0.2260 car
697 19.3101 0.1686 car
697 7.8830 -0.7547 car
697 20.8479 -0.2481 car
697 9.9933 0.2741 car
697 12.5504 -0.3456 car
698 8.0961 -0.7123 car
698 12.6995 0.2300 car
698 20.6354 -0.2528 car
698 9.3744 0.3121 car
698 18.8857 0.1514 car
698 12.3572 -0.4831 car
699 15.2550 0.2427 car
699 6.6047 0.4479 car
699 18.6702 0.1760 car
699 12.1441 -0.5010 car
699 20.2097 -0.2560 car
699 9.5875 -0.6916 car
700 7.6700 -0.7333 car
700 9.3744 0.2466 car
700 14.8294 0.2371 car
700 18.4569 0.1792 car
700 11.5050 -0.5373 car
700 19.9973 -0.2615 car
701 8.9483 -0.6916 car
701 9.7079 0.2843 car
701 14.6213 0.1849 car
701 18.0350 0.1366 car
701 24.8545 0.1201 car
701 19.9976 -0.2646 car
701 14.2581 -0.3714 car
702 8.7352 -0.6916 car
702 18.6739 0.1391 car
702 24.6416 0.1184 car
702 8.3091 0.3454 car
702 19.3586 -0.2654 car
702 13.0669 -0.5520 car
703 8.5222 0.2792 car
703 18.0026 0.1262 car
703 24.9266 0.0787 car
703 11.9311 -0.6317 car
703 8.7352 -0.7333 car
703 19.1462 -0.2708 car
704 24.0012 0.1300 car
704 10.9915 0.2679 car
704 17.3902 0.1938 car
704 8.5222 -0.6916 car
704 18.9334 -0.2732 car
704 13.6355 -0.5010 car
704 7.8830 0.3287 car
705 17.5765 0.1262 car
705 9.0735 0.2725 car
705 23.7891 0.1209 car
705 8.9483 -0.6916 car
705 13.0991 0.2053 car
705 18.5078 -0.2778 car
705 13.4099 -0.4038 car
706 24.1817 0.0709 car
706 16.7504 0.2003 car
706 7.8830 -0.7333 car
706 12.0705 0.2077 car
706 7.4569 0.3454 car
706 18.2954 -0.2825 car
706 13.1979 -0.4123 car
707 16.5369 0.2051 car
707 23.1497 0.1234 car
707 7.8830 -0.7333 car
707 11.7865 0.2192 car
707 7.0308 0.3961 car
707 18.0830 -0.2879 car
707 12.7833 -0.5557 car
708 7.6700 -0.7547 car
708 16.7200 0.1418 car
708 9.7096 0.3080 car
708 23.1474 0.1457 car
708 11.2792 -0.5981 car
708 17.8704 -0.2918 car
709 17.6578 -0.2956 car
709 7.6741 -0.5407 car
709 22.9335 0.1547 car
709 11.2164 0.2178 car
709 12.5702 -0.5373 car
709 15.8975 0.2076 car
709 6.6047 0.4305 car
710 8.3080 0.3279 car
710 22.5104 0.1242 car
710 9.8005 -0.6514 car
710 17.6584 -0.3010 car
710 12.2751 0.2116 car
711 22.2941 0.1564 car
711 6.1786 0.4831 car
711 9.3744 -0.6514 car
711 15.4709 0.2124 car
711 15.8673 -0.4201 car
712 10.2266 0.2792 car
712 22.2615 0.0865 car
712 11.5050 -0.6124 car
712 5.7525 0.4479 car
712 15.5506 -0.4465 car
712 15.4445 0.1499 car
713 11.2919 0.2304 car
713 5.7525 0.5373 car
713 22.1577 0.0709 car
713 7.8830 -0.7123 car
713 15.2329 0.1420 car
713 17.1503 -0.3873 car
714 21.2317 0.1275 car
714 6.6047 0.3791 car
714 7.6700 -0.6916 car
714 14.9096 0.1575 car
714 16.4028 -0.4131 car
715 21.6538 0.1678 car
715 9.3744 0.3121 car
715 13.5573 0.1737 car
715 8.5222 -0.6714 car
715 6.3916 0.4479 car
715 16.1709 -0.3329 car
716 14.3771 0.1736 car
716 6.1786 0.4305 car
716 9.1614 0.3121 car
716 21.4113 0.0944 car
716 15.9585 -0.3381 car
716 7.8830 -0.7333 car
717 9.3744 0.3287 car
717 20.5886 0.1678 car
717 14.4114 0.1712 car
717 7.8830 -0.7333 car
717 15.8702 -0.4130 car
718 13.9511 0.1736 car
718 20.1619 0.1735 car
718 8.5222 0.3454 car
718 10.2266 -0.6916 car
718 15.3400 -0.4305 car
719 7.6700 -0.7333 car
719 9.7141 0.2569 car
719 5.5394 0.7988 car
719 20.3461 0.0945 car
719 14.2747 -0.5010 car
720 20.5877 0.1768 car
720 13.3159 0.1661 car
720 12.3572 -0.5191 car
720 7.8830 0.3454 car
720 9.5875 -0.6714 car
721 7.0308 0.3961 car
721 20.1615 0.1776 car
721 9.3744 -0.6514 car
721 13.1029 0.2142 car
721 14.4877 -0.4654 car
722 7.4569 0.3791 car
722 12.0717 0.2194 car
722 19.1653 0.1181 car
722 9.3744 -0.6916 car
722 14.0616 -0.4831 car
723 7.2439 0.3961 car
723 18.4563 0.1849 car
723 13.8486 -0.5191 car
723 9.3744 -0.6714 car
723 12.8310 0.1898 car
724 6.8178 0.4305 car
724 10.7593 0.2466 car
724 19.3086 0.1841 car
724 8.9483 -0.6714 car
724 12.4550 -0.5713 car
725 9.0718 0.2919 car
725 18.4269 0.1023 car
725 13.4103 -0.4066 car
725 8.5222 -0.7333 car
726 8.7377 -0.5264 car
726 18.6738 0.1399 car
726 8.4320 0.2996 car
726 12.9963 -0.5373 car
727 12.7833 -0.5557 car
727 17.3902 0.1930 car
727 8.3091 -0.7333 car
727 8.4315 0.3050 car
728 8.3134 -0.5407 car
728 17.5748 0.1179 car
728 5.9655 0.4831 car
728 12.5702 -0.5010 car
728 9.3633 0.2728 car
729 7.8830 -0.7123 car
729 7.6700 0.3622 car
729 11.1135 0.2430 car
729 16.9634 0.2003 car
730 23.3593 0.1572 car
730 7.8830 0.3287 car
730 9.5875 -0.6714 car
730 10.7908 0.2236 car
730 16.5369 0.2043 car
731 16.3280 0.1613 car
731 9.1614 -0.6714 car
731 12.2759 0.2027 car
731 6.3916 0.4479 car
732 16.5413 0.1596 car
732 7.0308 0.3622 car
732 10.0136 0.2142 car
732 8.9483 -0.6714 car
733 16.2966 0.1338 car
733 9.1614 0.2956 car
733 5.9655 0.7547 car
733 9.5875 -0.6714 car
734 22.0806 0.1613 car
734 5.5394 0.5191 car
734 8.9483 0.2792 car
734 8.5222 -0.7123 car
734 15.2577 0.2140 car
735 9.1614 0.2466 car
735 10.8658 -0.6317 car
735 21.8619 0.2196 car
736 9.3744 0.3287 car
736 8.0961 -0.7123 car
736 15.2291 0.1255 car
737 6.1786 0.4654 car
737 14.4042 0.2276 car
737 21.2277 0.1678 car
737 10.2266 -0.6514 car
738 8.0961 -0.7547 car
738 7.6700 0.3622 car
738 21.0146 0.1686 car
738 14.5924 0.1496 car
739 14.9033 -0.4193 pedestrian
739 7.6700 0.4654 car
739 13.7644 0.2340 car
739 7.6700 -0.7333 car
740 18.3132 -0.4270 pedestrian
740 9.3744 -0.6916 car
740 20.3751 0.1719 car
740 7.8830 0.2956 car
740 13.7639 0.2387 car
741 18.1097 -0.7765 pedestrian
741 9.3744 -0.6714 car
741 13.8415 0.1493 car
741 7.2439 0.4479 car
742 20.8719 -0.4429 pedestrian
742 8.9483 -0.7333 car
742 13.1239 0.2482 car
742 20.1613 0.1792 car
742 6.6047 0.3961 car
743 17.6767 -0.4484 pedestrian
743 19.5226 0.1752 car
743 8.7352 -0.7333 car
743 6.3916 0.4305 car
743 12.7796 0.1746 car
744 20.2345 -0.4572 pedestrian
744 5.9655 0.4305 car
744 8.5222 -0.7333 car
744 12.2705 0.2608 car
744 19.0963 0.1768 car
745 19.3832 -0.4646 pedestrian
745 5.7525 0.4654 car
745 12.5666 0.1570 car
745 8.3091 -0.7333 car
745 18.8835 0.1743 car
746 7.8830 -0.7333 car
746 5.5394 0.4831 car
746 12.4921 0.2038 car
746 18.6700 0.1784 car
747 18.7488 -0.6317 pedestrian
747 7.8830 -0.7333 car
747 5.3264 0.4654 car
747 11.9301 0.1816 car
747 18.2433 0.1841 car
748 18.5339 -0.4878 pedestrian
748 11.6111 0.1898 car
748 6.1786 0.3622 car
748 17.3912 0.1833 car
749 17.6038 0.1874 car
749 11.3970 0.1974 car
749 6.1786 0.6317 car
750 20.4539 -0.5073 pedestrian
750 17.2569 0.1103 car
750 10.9692 0.1890 car
750 5.9655 0.6916 car
751 16.5381 0.1922 car
751 10.7537 0.1967 car
751 5.7525 0.7547 car
752 16.3243 0.1995 car
752 6.3916 0.3454 car
752 10.6488 0.2025 car
753 10.7181 0.1841 car
753 6.3916 0.3622 car
754 16.0851 0.1103 car
754 5.3264 0.4654 car
754 9.8852 0.2752 car
755 15.8973 0.2092 car
755 9.4114 0.2736 car
755 5.5394 0.4305 car
756 15.2794 0.2257 car
756 9.1614 0.3287 car
756 24.8544 0.1209 car
756 5.5394 0.3622 car
757 14.9906 0.1999 car
757 9.3744 0.2142 car
757 24.6412 0.1217 car
758 14.5723 0.2054 car
758 24.5005 0.0472 car
758 8.5222 0.2466 car
759 14.2174 0.2584 car
759 8.3091 0.4305 car
759 24.1787 0.0234 car
760 13.5513 0.2347 car
760 8.0961 0.4132 car
760 23.5759 0.1226 car
761 9.7157 0.2395 car
761 23.1496 0.1242 car
762 13.6314 0.2322 car
762 7.2439 0.4479 car
762 22.9364 0.1259 car
763 12.4844 0.2522 car
763 7.0308 0.4654 car
763 23.1165 0.0551 car
764 12.9335 0.2855 car
764 6.8178 0.4654 car
764 22.2971 0.1267 car
765 12.5048 0.2570 car
765 6.1786 0.4831 car
765 22.0840 0.1275 car
766 12.4205 0.1987 car
766 5.5394 0.4479 car
766 21.8707 0.1300 car
767 11.8230 0.2150 car
767 5.9655 0.5744 car
767 21.2312 0.1333 car
768 11.9416 0.2941 car
768 21.3055 0.0551 car
768 5.7525 0.6317 car
769 11.5000 0.2180 car
769 20.8046 0.1374 car
769 5.1133 0.5932 car
770 12.9148 0.2051 pedestrian
770 11.7064 0.1962 car
770 20.1653 0.1391 car
770 4.9003 0.5932 car
771 11.2711 0.2171 car
771 20.4533 0.0709 car
771 5.9655 0.3454 car
772 10.9827 0.2058 car
772 19.7384 0.1473 car
772 6.1786 0.3454 car
773 10.3174 0.2183 car
773 5.9655 0.3791 car
773 19.3122 0.1481 car
774 9.6823 0.2823 car
774 18.8856 0.1523 car
775 9.8005 0.2304 car
775 19.3164 0.0814 car
775 5.7525 0.3622 car
776 9.5875 0.1981 car
776 18.7308 0.0749 car
776 5.9655 0.3622 car
777 17.8787 0.1177 car
777 5.3264 0.4132 car
777 8.3091 0.2956 car
778 17.8190 0.1662 car
778 5.5394 0.3961 car
779 7.6700 0.3121 car
779 17.1793 0.1711 car
780 17.6113 0.1126 car
780 7.4569 0.4132 car
781 7.0308 0.3622 car
781 17.1423 0.1179 car
782 6.8178 0.4305 car
782 16.7503 0.1191 car
783 19.9357 0.3172 pedestrian
783 20.6602 0.2378 car
783 6.6047 0.4831 car
783 15.9580 0.1652 car
784 13.2094 0.2956 pedestrian
784 5.9655 0.4132 car
784 15.4596 0.1545 car
785 5.7525 0.4479 car
785 15.1595 0.1427 car
785 22.7237 0.1217 car
786 5.5394 0.5744 car
786 21.2321 0.1242 car
786 15.5429 0.1467 car
787 5.3264 0.5744 car
787 14.9134 0.1262 car
788 6.3916 0.4305 car
788 14.3970 0.2012 car
789 11.5050 0.3622 pedestrian
789 6.8178 0.3961 car
789 20.8072 0.1118 car
789 13.7556 0.1963 car
790 12.5702 0.3121 pedestrian
790 13.0680 0.2362 car
790 6.3916 0.3961 car
791 14.2747 0.3622 pedestrian
791 21.6564 0.1424 car
791 13.5300 0.2280 car
791 7.0308 0.3287 car
792 13.8486 0.3622 pedestrian
792 15.4774 0.1449 car
792 5.7525 0.4305 car
793 14.0616 0.3791 pedestrian
793 5.7525 0.4132 car
793 12.9760 0.1735 car
794 13.2094 0.4305 pedestrian
794 16.9373 0.2873 car
794 5.7525 0.4305 car
795 12.9963 0.4479 pedestrian
795 9.2671 0.5252 pedestrian
795 16.1064 0.2522 car
795 20.3768 0.1547 car
796 12.6790 0.4807 pedestrian
796 17.3938 0.1564 car
796 12.0314 0.1997 car
797 8.7352 0.4831 pedestrian
797 19.7371 0.1605 car
797 11.8207 0.1981 car
798 11.9311 0.4654 pedestrian
798 16.3276 0.1662 car
798 11.5978 0.2302 car
799 11.8239 0.5246 pedestrian
799 15.0118 0.3622 car
800 11.0789 0.5557 pedestrian
800 12.7040 0.1817 car
800 21.8692 0.1449 car
801 12.2778 0.1825 car
802 15.4733 0.1874 car
802 9.7095 0.3096 car
803 9.9926 0.2304 car
804 9.8362 0.2311 car
805 9.3744 0.1821 car
805 20.3772 0.1506 car
806 8.7352 0.2956 car
807 7.8830 0.2792 car
807 11.4226 0.2140 car
808 8.0961 0.3622 car
808 14.4048 0.2212 car
808 19.0977 0.1621 car
809 7.2439 0.3121 car
809 19.0678 0.0787 car
809 13.9782 0.2260 car
810 13.3159 0.1502 car
810 7.4569 0.4479 car
810 18.2450 0.1670 car
811 7.0308 0.2792 car
811 13.3373 0.2443 car
811 18.2444 0.1727 car
812 17.8181 0.1752 car
812 12.9103 0.2545 car
812 6.1786 0.3454 car
813 6.6047 0.5373 car
813 12.2491 0.1654 car
814 6.1786 0.5373 car
814 23.6161 -0.2354 car
814 11.9311 0.1661 car
814 17.1784 0.1809 car
815 6.1786 0.4831 car
815 12.0558 0.2795 car
815 17.3909 0.1865 car
815 23.4035 -0.2394 car
816 11.6056 0.1796 car
816 5.1133 0.4479 car
817 11.2905 0.1649 car
817 4.6872 0.4654 car
817 15.8986 0.1955 car
817 22.7651 -0.2457 car
818 11.6409 0.2223 car
818 16.0836 0.1181 car
818 5.1133 0.7123 car
818 22.5766 -0.3708 car
819 10.5378 0.2027 car
819 5.5394 0.4132 car
819 15.2585 0.2051 car
820 10.4343 0.1956 car
820 14.8320 0.2092 car
820 6.1786 0.3622 car
820 21.7012 -0.2567 car
821 5.7525 0.3622 car
821 9.1614 0.2629 car
821 15.0161 0.1417 car
821 21.4891 -0.2646 car
822 9.5875 0.2142 car
822 14.4053 0.2156 car
822 6.3916 0.2956 car
822 21.0630 -0.2654 car
823 8.5222 0.2956 car
823 13.9789 0.2180 car
823 20.6373 -0.2685 car
824 8.7352 0.2629 car
824 13.9480 0.1495 car
824 20.4248 -0.2732 car
825 7.8830 0.3287 car
825 12.3568 0.1575 car
825 20.2124 -0.2786 car
826 8.3091 0.2304 car
826 5.3264 0.3961 car
826 12.9114 0.2419 car
826 19.5739 -0.2841 car
826 3.5154 0.5074 cyclist
827 4.9003 0.4132 car
827 12.6978 0.2482 car
828 7.0308 0.3961 car
828 13.6987 0.1476 car
829 7.4569 0.2956 car
829 13.5222 0.1470 car
829 18.7235 -0.2995 car
830 6.1786 0.4654 car
830 12.2507 0.1821 car
830 18.9557 -0.3871 car
831 5.9655 0.4654 car
831 11.2034 0.2811 car
831 18.2985 -0.3079 car
832 5.7525 0.4479 car
832 11.6100 0.1974 car
832 17.8730 -0.3132 car
833 5.3264 0.5373 car
833 17.6775 -0.4393 car
833 9.6937 0.2231 car
834 5.5394 0.4654 car
834 10.6472 0.2137 car
834 17.5709 -0.4573 car
835 10.6506 0.2026 car
835 6.3916 0.3961 car
835 17.0231 -0.3321 car
836 6.8178 0.3622 car
836 16.5980 -0.3404 car
837 5.9655 0.6916 car
837 9.9933 0.2728 car
837 16.3851 -0.3418 car
838 9.5875 0.2142 car
838 5.3264 0.4654 car
838 15.9791 -0.5010 car
839 8.9483 0.2792 car
839 15.5351 -0.3596 car
840 8.5222 0.2792 car
840 15.3227 -0.3655 car
841 9.1614 0.2466 car
841 15.1269 -0.5010 car
842 8.3091 0.2466 car
842 14.8985 -0.3808 car
842 4.6872 0.5191 car
842 5.9655 0.3961 cyclist
843 8.0961 0.2629 car
843 14.2607 -0.3916 car
844 7.8830 0.2792 car
844 14.0485 -0.3988 car
844 21.8704 0.1325 car
845 7.4569 0.2956 car
845 13.8486 -0.5010 car
846 6.8178 0.4479 car
846 13.6251 -0.4207 car
847 7.0308 0.5557 car
847 11.2919 -0.6317 car
848 5.9655 0.4305 car
848 12.7752 -0.4394 car
849 12.7833 -0.5744 car
849 5.7525 0.4654 car
850 5.9655 0.5744 car
851 5.3264 0.5010 car
851 11.9311 -0.6124 car
852 11.9255 -0.4599 car
852 5.5394 0.4132 car
852 24.1809 0.2059 car
853 11.4997 -0.4626 car
853 7.0308 0.3121 car
854 11.0789 -0.6514 car
854 24.6385 0.1490 car
854 5.1133 0.7333 car
855 24.2122 0.1506 car
855 11.0745 -0.4706 car
855 7.2439 0.2792 car
856 6.1786 0.3961 car
856 23.7858 0.1539 car
856 10.8658 -0.7123 car
857 23.9499 0.1111 car
857 10.4397 -0.7123 car
857 5.7525 0.3961 car
858 10.0136 -0.6714 car
858 23.3593 0.1572 car
858 6.1786 0.3791 car
859 10.0116 -0.4898 car
859 22.9330 0.1596 car
859 5.9655 0.3961 car
860 9.5875 -0.7123 car
860 22.8919 0.1186 car
861 4.6872 0.5557 car
861 9.1614 -0.7333 car
861 5.3264 0.4479 cyclist
862 5.5394 0.4479 car
862 8.9483 -0.7333 car
863 22.0801 0.1662 car
863 8.9483 -0.7333 car
864 21.9440 0.0948 car
864 8.9483 -0.7333 car
865 8.5222 -0.7547 car
865 21.0142 0.1727 car
866 21.3055 0.0867 car
866 8.5222 -0.7547 car
867 8.0961 -0.7547 car
867 20.3748 0.1752 car
868 20.4371 0.1427 car
869 23.5702 0.1792 car
870 23.4360 0.1981 car
871 23.1435 0.1857 car
872 22.7171 0.1890 car
873 13.1025 0.5202 pedestrian
873 22.5039 0.1898 car
874 18.5263 0.1666 car
875 18.1410 0.2095 car
876 18.0953 0.1592 car
877 17.4433 0.1591 car
878 17.5335 0.1557 car
879 20.5845 0.2100 car
880 16.3230 0.2132 car
881 16.2903 0.2312 car
882 16.1792 0.1913 car
883 15.9709 0.1831 car
884 24.7144 -0.4479 pedestrian
884 19.3044 0.2284 car
885 15.3821 0.1867 car
886 15.0427 0.2096 car
887 14.6932 0.1992 car
888 18.0248 0.2427 car
889 17.5981 0.2490 car
890 13.6609 0.2852 car
891 13.2055 0.2228 car
892 13.1025 0.1899 car
893 16.5310 0.2686 car
894 14.7008 0.2792 car
895 12.3124 0.3099 car
896 12.1385 0.2746 car
897 15.7641 0.3070 car
898 15.3352 0.3205 car
899 14.8231 0.3080 car
900 13.4062 0.3042 car
901 14.3956 0.3232 car
902 13.9686 0.3345 car
903 11.6249 0.2817 car
904 9.3744 0.3121 car
905 10.0136 0.6916 car
906 8.9483 0.2956 car
906 24.6713 -0.1513 car
907 9.3744 0.6714 car
907 24.6894 0.0917 car
908 8.9483 0.6514 car
908 24.6071 0.0787 car
909 8.5222 0.4654 car
909 24.1817 0.0709 car
910 8.0961 0.4305 car
910 24.0752 0.0709 car
911 7.4569 0.3454 car
911 23.1469 0.1514 car
912 7.6700 0.4831 car
912 22.8348 0.0916 car
913 7.6700 0.5191 car
913 23.1157 0.0629 car
914 7.2439 0.4831 car
914 22.9034 0.0709 car
915 7.2439 0.5373 car
915 21.9003 0.1339 car
916 6.6047 0.5373 car
916 22.1570 0.0787 car
917 6.3916 0.4132 car
917 22.3454 0.1362 car
918 5.9655 0.5191 car
918 21.2284 0.1613 car
919 6.1786 0.3961 car
919 20.9924 0.1718 car
920 5.7525 0.4654 car
920 20.5068 0.1582 car
921 5.3264 0.6317 car
921 20.4235 0.1608 car
922 5.7525 0.6916 car
922 19.7362 0.1694 car
923 6.1786 0.4132 car
923 20.2396 0.0787 car
924 5.9655 0.4654 car
924 19.4549 0.1501 car
925 6.6047 0.3961 car
925 19.0192 0.1581 car
926 6.1786 0.4132 car
926 19.0301 0.1031 car
927 5.9655 0.4479 car
927 19.0134 0.1135 car
928 18.4564 0.1841 car
929 18.4082 0.1512 car
930 17.8169 0.1874 car
931 19.3078 0.1922 car
932 5.5394 0.4479 car
932 17.9940 0.1516 car
933 17.7811 0.1516 car
934 17.1157 0.1837 car
935 16.8179 0.1748 car
936 16.4986 0.1750 car
937 16.1736 0.1669 car
938 16.0586 0.2225 car
939 15.6471 0.1426 car
940 24.6785 -0.2114 car
940 15.4221 0.1916 car
941 15.4460 0.1425 car
942 23.5764 0.1176 car
942 15.1100 0.1874 car
943 15.2213 0.1762 car
944 19.9542 0.1201 car
944 14.3584 0.2078 car
945 22.0846 0.1209 car
945 14.2375 0.1917 car
946 14.4710 0.3294 car
947 13.5900 0.2696 car
948 18.8884 0.1251 car
948 24.8557 0.1085 car
948 13.4010 0.2236 car
949 24.4278 0.1259 car
949 14.8142 0.2998 car
950 24.2164 0.1093 car
950 18.4620 0.1275 car
950 22.3375 -0.2330 car
950 13.1156 0.3007 car
951 24.0036 0.1068 car
951 15.8007 0.1656 car
952 24.8552 0.1126 car
952 15.5172 0.1658 car
952 24.5764 -0.3633 car
953 23.5769 0.1126 car
953 24.5653 -0.3547 car
953 15.5125 0.1886 car
954 13.4856 0.3041 car
954 20.3790 0.1325 car
954 24.0431 -0.2425 car
955 11.8910 0.2831 car
955 22.9372 0.1176 car
955 23.6172 -0.2449 car
956 13.0524 0.3197 car
956 22.7243 0.1159 car
956 23.4045 -0.2473 car
957 22.5108 0.1209 car
957 14.7452 0.2297 car
957 23.5213 -0.3881 car
958 13.0842 0.3324 car
958 22.0846 0.1209 car
958 19.1003 0.1366 car
958 23.0099 -0.3121 car
959 11.1458 0.2902 car
959 21.8716 0.1209 car
960 11.3886 0.2880 car
960 21.6587 0.1193 car
960 22.3405 -0.2583 car
961 22.3708 -0.3287 car
961 21.4431 0.1440 car
961 14.3956 0.3240 car
962 21.2316 0.1292 car
962 10.8806 0.2966 car
963 21.0183 0.1308 car
963 10.3942 0.3065 car
963 21.7025 -0.2677 car
964 20.5927 0.1259 car
964 10.2266 0.4305 car
965 20.5926 0.1275 car
965 9.8005 0.4479 car
965 21.8099 -0.3799 car
966 20.1671 0.1209 car
966 9.3744 0.4479 car
966 21.2771 -0.2740 car
967 19.9533 0.1284 car
967 9.1614 0.4479 car
967 16.7543 0.1596 car
968 19.7403 0.1284 car
968 9.1614 0.2466 car
968 16.7542 0.1605 car
968 20.6387 -0.2802 car
969 19.9181 0.1181 car
969 8.0961 0.2629 car
969 20.6390 -0.2825 car
970 19.5261 0.1391 car
970 8.9483 0.5373 car
970 20.4263 -0.2856 car
970 15.9013 0.1678 car
971 8.3091 0.4831 car
971 19.1007 0.1325 car
971 20.3460 -0.3708 car
972 15.4749 0.1703 car
972 18.6747 0.1308 car
972 7.6700 0.4479 car
972 19.7881 -0.2933 car
973 7.8830 0.2629 car
973 17.4565 0.1873 car
973 19.7884 -0.2956 car
974 7.6700 0.7123 car
974 19.3626 -0.2987 car
974 18.4574 0.1735 car
975 7.2439 0.4831 car
975 24.4305 0.0993 car
975 18.2489 0.1275 car
975 19.3632 -0.3033 car
975 15.2610 0.1792 car
976 7.2439 0.5010 car
976 18.0353 0.1333 car
976 15.0123 0.2787 car
976 24.0042 0.1010 car
976 18.9372 -0.3041 car
977 18.9619 0.1343 car
977 6.6047 0.5010 car
977 23.5777 0.1052 car
977 18.5114 -0.3071 car
978 14.4857 0.3119 car
978 23.3644 0.1068 car
978 18.7488 0.1502 car
978 6.6047 0.5373 car
978 19.1642 -0.3449 car
979 14.4070 0.1971 car
979 6.8178 0.6714 car
979 23.1509 0.1110 car
979 18.2995 -0.3163 car
980 18.5305 0.1565 car
980 6.3916 0.5373 car
980 22.9382 0.1076 car
980 17.8740 -0.3216 car
981 19.5258 0.1424 car
981 6.3916 0.6714 car
981 22.7248 0.1110 car
981 18.0873 -0.3231 car
982 19.3128 0.1416 car
982 5.9655 0.3961 car
982 17.9697 -0.4411 car
982 13.6350 0.3369 car
983 19.0992 0.1473 car
983 22.2982 0.1159 car
983 5.9655 0.6714 car
983 17.4492 -0.3321 car
984 12.9142 0.2116 car
984 18.8862 0.1465 car
984 17.2364 -0.3344 car
984 5.7525 0.3961 car
985 18.6731 0.1473 car
985 5.7525 0.4132 car
985 17.0238 -0.3381 car
986 21.6261 0.1489 car
986 5.9655 0.4305 car
986 15.8680 0.2067 car
986 17.0418 -0.4310 car
987 21.4456 0.1193 car
987 15.9791 0.2304 car
987 5.7525 0.4305 car
987 16.7223 -0.4309 car
988 21.2292 0.1531 car
988 5.9655 0.4654 car
988 15.2567 0.2244 car
988 16.3860 -0.3493 car
989 20.8368 0.1652 car
989 6.3916 0.3454 car
989 15.4281 0.2479 car
989 14.2747 -0.6916 car
990 21.0159 0.1555 car
990 6.3916 0.3454 car
990 14.2747 -0.7123 car
990 15.1249 0.2306 car
991 20.5937 0.1168 car
991 5.9655 0.3961 car
991 14.6168 0.2324 car
991 16.8140 -0.3640 car
992 20.3765 0.1580 car
992 5.9655 0.3961 car
992 13.8486 -0.7123 car
993 20.1670 0.1217 car
993 6.8178 0.3454 car
993 13.6355 -0.7333 car
993 14.4801 0.2310 car
994 20.1667 0.1251 car
994 15.1022 0.2755 car
994 5.5394 0.4479 car
994 13.4225 -0.7333 car
995 18.8843 0.1654 car
995 13.9764 0.2458 car
995 13.2094 -0.7333 car
995 6.3916 0.3791 car
996 19.7363 0.1678 car
996 14.7008 -0.4479 car
996 13.7629 0.2506 car
996 6.1786 0.4132 car
997 18.6705 0.1735 car
997 12.9963 -0.7123 car
997 5.9655 0.3961 car
997 13.3364 0.2545 car
998 18.6038 0.1967 car
998 12.9963 -0.6916 car
999 18.8839 0.1694 car
999 12.5702 -0.7333 car
999 14.0392 0.2201 car
1000 18.9619 0.1343 car
1000 12.5702 -0.7333 car
1000 13.7310 0.2042 car
1001 18.4568 0.1800 car
1001 12.3572 -0.7547 car
1001 13.4186 0.1886 car
1002 18.3682 0.1867 car
1002 12.3572 -0.7547 car
1003 6.1786 0.4831 cyclist
1003 17.8380 0.2302 car
1003 13.4225 -0.4831 car
1003 12.8881 0.2297 car
1004 5.5394 0.5191 pedestrian
1004 17.8160 0.1971 car
1004 13.2094 -0.5010 car
1004 12.1405 0.2552 car
1005 17.5842 0.1812 car
1005 11.7180 -0.7547 car
1005 11.9247 0.2799 car
1006 17.0947 0.2296 car
1006 11.9311 -0.7988 car
1006 11.4156 0.2911 car
1006 23.7880 0.1317 car
1006 24.9935 -0.0449 car
1007 16.7817 0.2568 car
1007 11.7180 -0.7547 car
1007 24.7827 -0.0182 car
1008 16.8819 0.2459 car
1008 12.5702 -0.5373 car
1008 23.9497 0.1432 car
1008 24.6071 -0.0313 car
1009 12.1441 -0.5557 car
1009 16.7500 0.2043 car
1009 23.7490 0.0783 car
1009 11.7008 0.2653 car
1010 12.1441 -0.5744 car
1010 16.5369 0.2043 car
1010 24.1810 -0.0156 car
1010 22.9354 0.1350 car
1010 11.7084 0.2357 car
1011 16.1272 0.2546 car
1011 23.5449 0.0279 car
1011 11.4183 0.2628 car
1011 11.9311 -0.5744 car
1012 22.5088 0.1407 car
1012 15.6742 0.3209 car
1012 11.9311 -0.5557 car
1012 23.5396 -0.0234 car
1013 23.2114 0.0698 car
1013 11.0866 0.3238 car
1013 11.7180 -0.5557 car
1013 15.5961 0.2703 car
1014 15.8971 0.2108 car
1014 23.2762 0.0756 car
1014 11.1584 0.3533 car
1014 11.5050 -0.5932 car
1015 22.7791 0.0774 car
1015 10.6151 0.3204 car
1015 11.5003 -0.4673 car
1015 15.8721 0.1580 car
1016 22.8920 0.0854 car
1016 15.0327 0.3487 car
1016 11.0745 -0.4706 car
1017 21.6556 0.1498 car
1017 15.4460 0.1743 car
1017 10.0136 0.4132 car
1017 11.0789 -0.6124 car
1017 22.7962 -0.0474 car
1018 9.8005 0.4305 car
1018 21.4424 0.1514 car
1018 10.8658 -0.6124 car
1018 15.2050 0.2289 car
1018 22.6840 0.0006 car
1019 10.6527 -0.6317 car
1019 10.2266 0.2629 car
1019 21.2293 0.1514 car
1019 22.7182 -0.0233 car
1019 14.8304 0.2260 car
1020 21.0160 0.1547 car
1020 10.6527 -0.6317 car
1020 9.5875 0.4132 car
1020 22.2615 -0.0075 car
1020 14.4390 0.2790 car
1021 10.6527 -0.6514 car
1021 20.8047 0.1366 car
1021 10.4397 0.2629 car
1021 14.3224 0.2879 car
1021 21.9385 -0.0320 car
1022 10.2266 -0.6714 car
1022 10.2266 0.2629 car
1022 14.0139 0.2954 car
1022 21.8273 -0.0071 car
1023 10.0114 -0.4878 car
1023 13.8980 0.2879 car
1023 22.9331 0.1588 car
1023 21.6082 -0.0641 car
1023 10.0136 0.2792 car
1024 9.8005 -0.6514 car
1024 13.7641 0.2371 car
1024 22.7201 0.1580 car
1024 10.0136 0.2792 car
1024 21.5019 0.0169 car
1025 10.0136 -0.6514 car
1025 13.4509 0.3031 car
1025 22.5066 0.1621 car
1025 9.8005 0.2792 car
1025 21.3795 0.0329 car
1026 9.5875 0.2792 car
1026 22.2936 0.1621 car
1026 21.0604 0.0332 car
1026 9.5875 -0.6714 car
1026 14.0510 0.3046 car
1027 8.3091 0.5191 car
1027 13.0381 0.3113 car
1027 11.5050 -0.7333 car
1027 20.9696 0.0168 car
1028 14.0566 -0.4639 pedestrian
1028 22.0807 0.1605 car
1028 13.0272 0.3048 car
1028 9.3744 -0.6916 car
1028 20.7625 -0.0560 car
1028 8.3091 0.5191 car
1029 7.8830 0.5191 car
1029 9.1614 -0.7123 car
1029 12.9321 0.3137 car
1029 20.5439 0.0168 car
1030 8.9483 0.5932 pedestrian
1030 12.8261 0.3129 car
1030 20.8013 0.1711 car
1030 9.3744 -0.6514 car
1031 7.2439 0.4654 car
1031 13.4220 0.2227 car
1031 8.9483 -0.7123 car
1031 20.2176 0.0251 car
1032 19.5711 0.0771 car
1032 7.4569 0.5373 car
1032 13.2077 0.2312 car
1032 8.9483 -0.7123 car
1033 12.0724 0.3372 car
1033 8.5222 -0.7333 car
1033 7.0308 0.5191 car
1033 21.2271 0.1743 car
1033 19.7840 0.0333 car
1034 8.7352 -0.6916 car
1034 20.1609 0.1833 car
1034 8.5222 0.6317 car
1034 19.2791 -0.0076 car
1034 12.8917 0.2895 car
1035 8.3091 -0.7333 car
1035 20.5875 0.1784 car
1035 11.5630 0.3193 car
1035 6.3916 0.5010 car
1035 19.3826 0.0008 car
1036 8.5222 -0.6714 car
1036 12.2165 0.2993 car
1036 6.8178 0.6124 car
1036 19.2719 -0.0070 car
1037 18.8406 0.0931 car
1037 6.8178 0.6317 car
1037 12.3572 0.2629 car
1037 8.5222 -0.6916 car
1038 8.3091 -0.7333 car
1038 6.8178 0.4305 car
1038 11.8922 0.3389 car
1038 18.9407 0.0252 car
1039 7.8830 -0.7765 car
1039 11.1696 0.3398 car
1039 18.7465 -0.0397 car
1039 6.3916 0.6714 car
1040 7.2439 0.3961 car
1040 18.6215 0.0250 car
1041 11.8241 0.2869 car
1041 19.9473 0.1890 car
1041 6.1786 0.4654 car
1041 18.4201 0.0245 car
1042 10.7753 0.3034 car
1042 6.1786 0.4654 car
1042 17.6202 0.0274 car
1043 5.5394 0.6514 car
1043 10.7535 0.2784 car
1043 17.4072 0.0274 car
1044 5.9655 0.4831 car
1044 10.3483 0.3134 car
1044 18.6323 0.2803 car
1044 17.4071 0.0282 car
1045 6.3916 0.5010 car
1045 10.8125 0.3547 car
1045 18.2424 0.1938 car
1045 17.1941 0.0274 car
1046 10.9642 0.2719 car
1046 6.1786 0.4654 car
1046 17.5420 0.0572 car
1046 24.8520 0.1440 car
1047 6.1786 0.4831 car
1047 10.5921 0.3010 car
1047 17.5223 0.0577 car
1048 10.6405 0.2910 car
1048 6.6047 0.4305 car
1048 24.4203 0.2019 car
1048 16.5549 0.0274 car
1049 9.4939 0.3397 car
1049 24.0382 0.1111 car
1049 5.7525 0.5191 car
1049 18.5358 0.3121 car
1049 17.1318 0.0251 car
1050 24.2126 0.1465 car
1050 6.1786 0.4305 car
1050 10.3328 0.3210 car
1050 16.9331 0.0165 car
1050 18.0279 0.2092 car
1051 24.0752 0.4305 pedestrian
1051 5.5394 0.5010 car
1051 24.2122 0.1506 car
1051 12.2754 0.2084 car
1051 16.7243 -0.0318 car
1051 9.2801 0.3487 car
1052 5.5394 0.5373 car
1052 9.3744 0.3791 car
1052 18.2411 0.2076 car
1052 16.5036 0.0089 car
1053 20.8794 0.5191 pedestrian
1053 17.8146 0.2116 car
1053 9.3744 0.6514 car
1053 6.6047 0.3961 car
1054 20.6663 0.5191 pedestrian
1054 6.3916 0.4132 car
1054 17.2482 0.2802 car
1054 15.7026 0.0282 car
1054 23.5732 0.1490 car
1055 17.2574 0.5932 pedestrian
1055 6.1786 0.4305 car
1055 9.3744 0.7123 car
1055 23.3601 0.1498 car
1055 22.9596 -0.0884 car
1055 14.8310 0.2196 car
1055 15.7025 0.0291 car
1056 13.6355 0.8451 pedestrian
1056 18.9619 0.5557 pedestrian
1056 15.5525 0.2226 car
1056 6.3916 0.4305 car
1056 15.9771 0.0240 car
1057 16.7862 0.2573 car
1057 5.9655 0.4479 car
1057 9.5875 0.2792 car
1057 15.2765 0.0282 car
1058 15.7661 0.5191 pedestrian
1058 14.4044 0.2252 car
1058 9.3744 0.2792 car
1058 6.1786 0.4479 car
1058 15.2766 0.0274 car
1059 15.7510 0.2712 car
1059 8.9483 0.6124 car
1059 15.0634 0.0282 car
1060 14.1909 0.2300 car
1060 8.9483 0.6124 car
1060 22.7205 0.1539 car
1060 15.3323 -0.0403 car
1061 13.9774 0.2347 car
1061 8.5222 0.5557 car
1061 15.7170 -0.1008 car
1062 13.7642 0.2355 car
1062 8.5222 0.6124 car
1062 5.5394 0.4831 car
1062 24.4527 -0.1033 car
1062 15.0129 0.0248 car
1063 5.5394 0.4831 car
1063 22.0807 0.1605 car
1063 23.8138 -0.1058 car
1063 13.5509 0.2387 car
1063 14.8032 0.0324 car
1064 8.0961 0.3454 car
1064 14.7958 0.0329 car
1064 23.4330 -0.2303 car
1065 7.2439 0.4305 car
1065 20.9852 0.1580 car
1065 14.6967 -0.0637 car
1065 13.3372 0.2458 car
1066 14.6702 0.2606 car
1066 22.5362 -0.1125 car
1066 7.8830 0.3791 car
1066 21.0152 0.1621 car
1066 13.9978 0.0316 car
1067 15.3941 0.2995 car
1067 7.2439 0.4831 car
1067 20.8019 0.1645 car
1067 22.1106 -0.1166 car
1067 13.7848 0.0307 car
1068 7.4569 0.3454 car
1068 15.8934 0.2506 car
1068 20.8019 0.1654 car
1068 21.6847 -0.1183 car
1068 14.1400 0.0260 car
1069 14.9878 0.2986 car
1069 7.2439 0.5557 car
1069 20.5886 0.1670 car
1069 13.7382 0.0163 car
1069 21.0458 -0.1208 car
1070 7.6700 0.5557 car
1070 15.2539 0.2545 car
1070 13.8486 -0.0079 car
1070 20.6200 -0.1232 car
1070 21.0148 0.1670 car
1071 19.9813 -0.1274 car
1071 13.3878 0.1700 car
1071 7.0308 0.3961 car
1072 14.4831 0.3546 car
1072 6.8178 0.5373 car
1072 13.7147 0.0419 car
1072 19.7685 -0.1299 car
1073 13.8755 0.2904 car
1073 19.3429 -0.1340 car
1073 19.7359 0.1719 car
1073 7.2439 0.3961 car
1073 12.9324 0.0324 car
1074 12.9858 0.2198 car
1074 6.6047 0.5744 car
1074 18.4909 -0.1365 car
1075 14.2056 0.2836 car
1075 6.6047 0.5744 car
1075 18.4913 -0.1398 car
1076 6.6047 0.5744 car
1076 11.8434 0.2718 car
1076 17.8527 -0.1447 car
1077 6.6047 0.6514 car
1077 17.4270 -0.1480 car
1077 14.6129 0.2749 car
1077 12.8574 0.0503 car
1078 6.3916 0.4479 car
1078 13.1823 0.3157 car
1078 17.3617 -0.2624 car
1078 12.2930 0.0341 car
1079 5.9655 0.4831 car
1079 13.7375 0.4058 car
1079 18.7465 0.1496 car
1079 12.5679 0.0347 car
1079 16.3627 -0.1570 car
1080 12.3427 0.2273 car
1080 5.5394 0.5373 car
1080 16.1504 -0.1628 car
1081 5.5394 0.5373 car
1081 12.5867 0.3113 car
1081 15.5116 -0.1660 car
1082 6.1786 0.4479 car
1082 12.0340 0.2533 car
1082 12.1034 -0.1734 car
1083 5.5394 0.6514 car
1083 13.1725 0.3238 car
1083 15.2288 -0.2702 car
1083 11.6538 0.0341 car
1084 11.8148 0.2524 car
1084 5.9655 0.4831 car
1084 14.2351 -0.1823 car
1085 5.3264 0.5373 car
1085 10.7756 0.3004 car
1085 17.3909 0.1857 car
1085 14.0597 -0.2952 car
1085 11.8242 0.0004 car
1086 5.5394 0.5191 car
1086 12.9299 0.3691 car
1086 11.2275 0.0358 car
1086 17.3909 0.1857 car
1086 13.4184 -0.2871 car
1087 5.5394 0.5191 car
1087 12.0366 0.3455 car
1087 15.0899 -0.2034 car
1087 11.0149 0.0316 car
1087 17.1777 0.1874 car
1088 6.3916 0.4479 car
1088 12.3209 -0.2106 car
1088 12.0530 0.3111 car
1088 11.0149 0.0316 car
1088 17.1777 0.1882 car
1089 6.1786 0.6714 car
1089 13.1180 0.3149 car
1089 16.8313 0.1981 car
1089 10.8015 0.0341 car
1089 12.1088 -0.2186 car
1090 16.6183 0.1981 car
1090 5.3264 0.5373 car
1090 12.4290 0.3245 car
1090 10.5882 0.0366 car
1090 11.6836 -0.2266 car
1091 16.7514 0.1898 pedestrian
1091 7.5680 0.4471 car
1091 11.8395 0.3164 car
1091 11.1818 -0.3537 car
1092 11.8390 0.3225 car
1092 10.5886 0.0333 car
1092 16.5382 0.1914 car
1092 11.2821 -0.3350 car
1092 7.0308 0.4132 car
1093 11.3800 0.3579 car
1093 10.8624 -0.3362 car
1093 10.3753 0.0349 car
1093 6.8178 0.4305 car
1093 16.5382 0.1906 car
1094 16.5378 0.1955 pedestrian
1094 9.7078 0.3292 car
1094 6.8178 0.4305 car
1094 9.7708 -0.2662 car
1094 10.8645 0.0073 car
1095 9.7074 0.3345 car
1095 16.3246 0.1963 car
1095 10.0122 -0.3447 car
1095 10.7563 -0.0169 car
1095 6.6047 0.4305 car
1096 6.6047 0.4479 car
1096 12.4770 0.3368 car
1096 16.1117 0.1955 car
1096 9.5012 -0.3947 car
1096 10.5449 -0.0244 car
1097 11.7734 0.3765 car
1097 8.7102 -0.3048 car
1097 9.9490 0.0366 car
1097 6.6047 0.4479 car
1097 16.1113 0.1995 car
1098 12.2636 0.3405 car
1098 8.7245 -0.4055 car
1098 6.2887 0.4593 car
1098 10.5433 0.0485 car
1099 10.3108 0.2915 car
1099 6.8178 0.3961 car
1099 8.4108 -0.3942 car
1099 16.5070 0.1894 car
1099 10.2266 -0.0079 car
1100 6.6047 0.4132 car
1100 10.2266 0.6317 car
1100 7.4382 -0.3574 car
1100 10.1189 0.0070 car
1100 15.8978 0.2043 car
1101 10.8658 0.2956 car
1101 6.1786 0.4831 car
1101 7.0308 -0.4831 car
1101 15.6849 0.2027 car
1102 11.5050 0.5191 car
1102 6.6047 -0.5010 car
1102 6.6047 0.4132 car
1102 10.0136 -0.0236 car
1102 15.6845 0.2059 car
1103 10.0136 0.5744 car
1103 6.8178 0.4305 car
1103 6.1786 -0.5373 car
1103 15.4716 0.2051 car
1103 9.5231 0.0341 car
1104 6.6047 0.4654 car
1104 5.9655 -0.5744 car
1104 9.8005 0.5557 car
1104 15.4714 0.2067 car
1104 9.8002 -0.0005 car
1105 6.3916 0.4305 car
1105 15.4712 0.2092 car
1105 11.4096 0.3620 car
1105 9.3102 0.0333 car
1105 5.5394 -0.5932 car
1106 6.3916 0.4479 car
1106 11.1958 0.3715 car
1106 15.1249 0.2306 car
1106 5.1133 -0.6714 car
1106 9.7295 -0.0079 car
1107 6.1786 0.4654 car
1107 4.6872 -0.6916 car
1107 15.0204 0.2304 car
1107 9.1614 0.0394 car
1108 9.5875 0.5932 car
1108 5.5394 0.5010 car
1108 15.6549 0.2215 car
1108 4.4742 -0.7123 car
1108 8.8838 0.0358 car
1109 10.0136 0.5191 car
1109 5.9655 0.5010 car
1109 5.1133 -0.5191 car
1109 9.4809 0.0079 car
1110 5.9655 0.4831 car
1110 3.8350 -0.7123 car
1110 14.4054 0.2148 car
1110 9.3097 0.0375 car
1111 10.2266 0.6317 car
1111 5.9655 0.4831 car
1111 15.1868 0.2023 car
1111 9.2653 -0.0014 car
1111 4.2611 -0.6317 car
1112 9.7035 0.3817 car
1112 5.9655 0.4654 car
1112 14.8313 0.2164 car
1112 4.6872 -0.6317 car
1112 8.8393 -0.0009 car
1113 24.8206 0.5208 pedestrian
1113 14.1918 0.2204 car
1113 8.5222 0.4479 car
1113 5.1133 0.5557 car
1113 9.0920 -0.0201 car
1113 4.4742 -0.6916 car
1114 9.1614 0.3961 car
1114 14.1916 0.2220 car
1114 9.2276 -0.0202 car
1114 5.9655 0.4831 car
1115 8.2117 0.3867 car
1115 15.1848 0.1639 car
1115 5.1133 0.5744 car
1115 9.2244 -0.0024 car
1115 5.1037 0.5569 cyclist
1116 3.6227 -0.5226 pedestrian
1116 10.0136 0.4654 car
1116 14.6175 0.2244 car
1116 5.5394 0.5191 car
1116 9.0089 -0.0006 car
1117 5.5394 0.5373 car
1117 10.5553 0.3874 car
1117 14.2742 0.2384 car
1117 8.5192 0.0129 car
1118 14.4041 0.2284 car
1118 5.5394 0.5373 car
1118 8.5172 -0.0083 car
1119 10.6527 0.5744 car
1119 5.7525 0.8451 car
1119 8.7352 0.0394 car
1119 14.4038 0.2316 car
1120 10.7681 0.3910 car
1120 8.4115 0.0091 car
1120 5.3264 0.5373 car
1121 5.0063 0.5183 car
1121 10.5551 0.3910 car
1121 8.2024 0.0161 car
1121 14.1912 0.2268 car
1122 9.4408 0.5767 car
1122 7.8188 0.0324 car
1122 14.1911 0.2276 car
1123 9.1614 0.5010 car
1123 8.0951 0.0402 car
1123 14.5275 0.1474 car
1124 8.9483 0.5557 car
1124 8.2337 0.0284 car
1124 13.9775 0.2332 car
1125 8.9483 0.5191 car
1125 7.6054 0.0349 car
1125 13.6355 0.2466 car
1126 8.3091 0.5744 car
1126 8.0958 0.0162 car
1126 14.3584 0.2044 car
1127 8.3091 0.6124 car
1127 7.9896 0.0236 car
1127 13.7639 0.2395 car
1128 7.4569 0.5191 car
1128 7.9893 0.0152 car
1128 13.7638 0.2403 car
1129 7.6051 0.0375 car
1129 13.5507 0.2411 car
1130 8.6367 0.4018 car
1130 7.6678 0.0486 car
1131 7.9473 0.0456 car
1131 14.6165 0.2355 car
1132 10.3409 0.4046 car
1132 7.8746 0.0325 car
1132 14.4024 0.2466 car
1133 13.5502 0.2466 car
1133 7.6690 0.0714 car
1134 7.8034 0.0232 car
1134 10.0136 0.6514 car
1134 13.6980 0.1783 car
1135 7.8830 0.6124 car
1135 12.9116 0.2395 car
1135 7.1790 0.0375 car
1136 6.9320 0.4032 car
1136 14.1891 0.2490 car
1137 7.6700 0.6124 car
1137 7.5613 0.0141 car
1138 8.3091 0.5191 car
1138 7.3421 0.1047 car
1139 7.4264 0.0889 car
1139 13.9756 0.2545 car
1140 7.4569 0.5932 car
1140 13.1238 0.2490 car
1140 7.4567 0.0624 car
1141 6.7188 0.4053 car
1141 13.5075 0.2043 car
1142 13.5249 0.2885 car
1142 6.7536 0.0299 car
1143 7.9971 0.4060 car
1143 13.5011 0.1960 car
1143 7.3495 0.0067 car
1144 13.4225 0.2792 car
1144 7.2419 0.0144 car
1145 7.1371 0.0321 car
1145 13.2883 0.2121 car
1146 7.0306 0.0162 car
1146 13.7623 0.2569 car
1147 13.4010 0.2209 car
1147 7.0289 0.0172 car
1148 7.2439 0.5932 car
1148 7.2403 0.0107 car
1149 7.2439 0.3622 car
1149 13.7627 0.2522 car
1150 13.0757 0.2121 car
1150 7.0917 0.0619 car
1151 6.9241 0.0164 car
1151 13.5499 0.2498 car
1152 12.0584 0.2498 car
1152 6.7455 0.0452 car
1153 6.9224 0.0498 car
1153 12.0583 0.2514 car
1154 12.6663 0.2525 car
1154 6.1144 0.0299 car
1155 7.0992 0.0290 car
1155 11.8455 0.2490 car
1156 6.1786 0.0394 car
1156 11.8452 0.2514 car
1157 6.2834 0.0146 car
1158 5.9002 0.0400 car
1159 6.1140 0.0333 car
1159 11.8445 0.2592 car
1160 6.7183 0.4124 car
1160 11.6318 0.2561 car
1161 11.6319 0.2545 car
1161 6.1784 0.0470 car
1162 5.9017 0.0265 car
1162 12.1437 0.3036 car
1163 5.9020 0.0232 car
1164 5.9022 0.0215 car
1165 5.9018 0.0249 car
1166 5.6890 0.0223 car
1166 12.2709 0.2569 car
1167 6.2201 -0.0081 car
1167 12.0570 0.2655 car
1168 5.9026 0.0181 car
1168 12.0569 0.2671 car
1169 5.9014 0.0291 car
1169 12.0572 0.2639 car
1170 6.3885 0.0215 car
1170 12.0568 0.2679 car
1171 5.9020 0.0232 car
1171 11.4183 0.2608 car
1172 6.5052 0.4117 car
1172 11.4174 0.2702 car
1173 6.3916 0.0394 car
1173 11.9307 0.3036 car
1174 5.6879 0.0324 car
1174 11.4186 0.2569 car
1175 6.5049 0.4166 car
1176 6.0239 0.1127 car
1176 11.4181 0.2624 car
1177 6.3756 0.0426 car
1178 5.9003 0.0391 car
1179 5.9013 0.0299 car
1180 6.1755 0.1004 car
1181 5.6878 0.0341 car
1182 5.6876 0.0358 car
1183 5.6881 0.0307 car
1184 6.1784 0.0636 car
1185 5.4744 0.0366 car
1186 6.0719 0.0308 car
1187 6.0721 0.0394 car
1188 5.4757 0.0240 car
1189 5.4755 0.0265 car
1190 6.1778 0.0535 car
1191 6.0691 0.0209 car
1192 5.4762 0.0198 car
1193 6.1756 0.0204 car
1194 6.2917 0.4187 car
1195 5.4766 0.0165 car
1195 6.6047 0.7547 car
1196 5.4742 0.0383 car
1197 5.4759 0.0223 car
1198 5.4756 0.0249 car
1199 5.4756 0.0249 car
1200 5.4752 0.0291 car
1201 5.4750 0.0307 car
1201 6.6047 0.7123 car
1202 5.4761 0.0207 car
1203 5.4758 0.0232 car
1204 5.4755 0.0265 car
1205 6.2915 0.4208 car
1206 5.4756 0.0249 car
1207 5.4744 0.0366 car
1208 5.4758 0.0232 car
1209 5.4758 0.0232 car
1210 6.2918 0.4173 car
1211 6.2915 0.4201 car
1212 5.9639 0.0805 car
1213 5.9639 0.0805 car
1214 5.9639 0.0805 car
1215 5.9639 0.0805 car
1216 5.9639 0.0805 car
1217 5.9639 0.0805 car
1218 5.9639 0.0805 car
1219 5.9626 0.0890 car
1220 5.9626 0.0890 car
1221 5.4764 0.0181 car
1222 5.4742 0.0383 car
1223 6.2916 0.4194 car
1224 6.2916 0.4194 car
1225 5.4765 0.0173 car
1226 6.2915 0.4201 car
1227 5.4746 0.0349 car
1228 5.4757 0.0240 car
1229 6.2917 0.4180 car
1230 5.4753 0.0282 car
1231 5.4759 0.0223 car
1232 5.4760 0.0215 car
1233 6.2915 0.4201 car
1234 6.2918 0.4173 car
1235 6.2916 0.4194 car
1236 5.4760 0.0215 car
1237 6.2917 0.4187 car
1238 6.2915 0.4201 car
1239 5.4748 0.0333 car
1240 5.4766 0.0165 car
1241 5.4764 0.0181 car
1242 5.4752 0.0291 car
1243 5.4752 0.0291 car
1244 5.4757 0.0240 car
1245 5.4767 0.0148 car
1246 6.2915 0.4201 car
1247 6.2916 0.4194 car
1248 6.2916 0.4194 car
1249 5.4751 0.0299 car
1250 5.4753 0.0282 car
1251 5.4750 0.0307 car
1252 5.4758 0.0232 car
1253 6.2915 0.4208 car
1254 6.2918 0.4173 car
1255 5.4764 0.0181 car
1256 5.4763 0.0190 car
1257 5.4760 0.0215 car
1258 5.4747 0.0341 car
1259 5.4750 0.0307 car
1260 6.2915 0.4208 car
1261 5.4751 0.0299 car
1262 6.2915 0.4208 car
1263 6.2915 0.4201 car
1264 5.4758 0.0232 car
1265 5.4741 0.0391 car
1266 5.4757 0.0240 car
1267 6.2915 0.4208 car
1268 5.4763 0.0190 car
1269 6.2915 0.4201 car
1270 6.2915 0.4201 car
1271 5.4761 0.0207 car
1272 5.4742 0.0383 car
1273 5.4771 0.0114 car
1274 5.4744 0.0366 car
1275 6.2915 0.4201 car
1276 5.4739 0.0417 car
1277 5.4754 0.0274 car
1278 5.4765 0.0173 car
1279 5.4761 0.0207 car
1280 5.4748 0.0333 car
1281 5.4752 0.0291 car
1282 6.2916 0.4194 car
1283 6.2915 0.4201 car
1284 5.4733 0.0467 car
1285 5.4739 0.0408 car
1286 5.4754 0.0274 car
1287 5.4750 0.0307 car
1288 5.4760 0.0215 car
1289 5.4759 0.0223 car
1290 6.2915 0.4208 car
1291 5.4756 0.0249 car
1292 6.2915 0.4201 car
1293 6.2915 0.4208 car
1294 5.4753 0.0282 car
1295 6.2915 0.4201 car
1296 5.4753 0.0282 car
1297 5.4761 0.0207 car
1298 5.4748 0.0324 car
1299 6.2916 0.4194 car
1300 5.4753 0.0282 car
1301 5.4748 0.0324 car
1302 5.4742 0.0383 car
1303 5.4763 0.0190 car
1304 5.4739 0.0417 car
1305 5.4764 0.0181 car
1306 6.2916 0.4194 car
1307 5.4751 0.0299 car
1308 6.2915 0.4201 car
1309 6.2917 0.4187 car
1310 5.4736 0.0442 car
1311 6.2915 0.4208 car
1312 5.4759 0.0223 car
1313 5.4755 0.0265 car
1314 5.4737 0.0433 car
1315 5.4754 0.0274 car
1316 5.4752 0.0291 car
1317 5.4757 0.0240 car
1318 5.4760 0.0215 car
1319 5.4753 0.0282 car
1320 5.4750 0.0307 car
1321 5.4739 0.0408 car
1322 6.2915 0.4208 car
1323 6.2915 0.4201 car
1324 5.4752 0.0291 car
1325 6.2916 0.4194 car
1326 5.4772 0.0106 car
1327 5.4756 0.0257 car
1328 5.4740 0.0400 car
1329 5.4755 0.0265 car
1330 5.4764 0.0181 car
1331 6.2915 0.4208 car
1332 5.4763 0.0190 car
1333 5.4736 0.0442 car
1334 5.4756 0.0249 car
1335 5.4755 0.0265 car
1336 5.4756 0.0249 car
1337 5.4744 0.0366 car
1338 6.2915 0.4201 car
1339 6.2916 0.4194 car
1340 6.2913 0.4229 car
1341 5.4766 0.0156 car
1342 5.4733 0.0467 car
1343 5.4769 0.0131 car
1344 6.2916 0.4194 car
1345 5.4754 0.0274 car
1346 5.4753 0.0282 car
1347 5.4757 0.0240 car
1348 6.2916 0.4194 car
1349 5.4738 0.0425 car
1350 5.4748 0.0333 car
1351 5.4752 0.0291 car
1352 5.4766 0.0165 car
1353 5.4757 0.0240 car
1354 6.2915 0.4201 car
1355 6.2915 0.4201 car
1356 6.2915 0.4201 car
1357 6.2918 0.4173 car
1358 6.2915 0.4208 car
1359 5.4763 0.0190 car
1360 5.4736 0.0442 car
1361 5.4757 0.0240 car
1362 5.4771 0.0114 car
1363 5.4737 0.0433 car
1364 5.4762 0.0198 car
1365 5.4750 0.0307 car
1366 5.4739 0.0408 car
1367 5.4744 0.0366 car
1368 6.2916 0.4194 car
1369 5.4739 0.0408 car
1370 5.4754 0.0274 car
1371 5.4755 0.0265 car
1372 6.2915 0.4208 car
1373 5.4732 0.0475 car
1374 6.2915 0.4201 car
1375 5.4747 0.0341 car
1376 5.4748 0.0324 car
1377 5.4759 0.0223 car
1378 5.4756 0.0257 car
1379 5.4757 0.0240 car
1380 5.4761 0.0207 car
1381 6.2914 0.4215 car
1382 5.4757 0.0240 car
1383 5.4759 0.0223 car
1384 5.4763 0.0190 car
1385 5.4756 0.0249 car
1386 6.2915 0.4208 car
1387 5.4762 0.0198 car
1388 5.4756 0.0249 car
1389 5.4761 0.0207 car
1390 6.2915 0.4201 car
1391 5.4754 0.0274 car
1392 6.2914 0.4215 car
1393 5.4770 0.0123 car
1394 5.4756 0.0249 car
1395 6.2918 0.4166 car
1396 5.4753 0.0282 car
1397 6.2916 0.4194 car
1398 5.4757 0.0240 car
1399 6.2916 0.4194 car
1400 6.2916 0.4194 car
1401 6.2916 0.4194 car
1402 5.4762 0.0198 car
1403 6.2915 0.4201 car
1404 5.4763 0.0190 car
1405 5.4753 0.0282 car
1406 5.4751 0.0299 car
1407 5.4754 0.0274 car
1408 5.4755 0.0265 car
1409 6.2915 0.4201 car
1410 6.2915 0.4201 car
1411 6.2915 0.4201 car
1412 6.2915 0.4208 car
1413 5.4757 0.0240 car
1414 5.4740 0.0400 car
1415 6.2915 0.4208 car
1416 6.2915 0.4201 car
1417 5.4766 0.0165 car
1418 5.4746 0.0349 car
1419 5.4757 0.0240 car
1420 5.4753 0.0282 car
1421 5.4763 0.0190 car
1422 5.4751 0.0299 car
1423 6.2916 0.4194 car
1424 5.4752 0.0291 car
1425 5.4757 0.0240 car
1426 6.2915 0.4208 car
1427 6.2915 0.4208 car
1428 5.4766 0.0165 car
1429 6.2915 0.4201 car
1430 5.4753 0.0282 car
1431 6.2916 0.4194 car
1432 5.4762 0.0198 car
1433 5.4755 0.0265 car
1434 5.4759 0.0223 car
1435 6.2916 0.4194 car
1436 5.4751 0.0299 car
1437 6.2915 0.4208 car
1438 5.4751 0.0299 car
1439 6.2915 0.4201 car
1440 5.4749 0.0316 car
1441 6.2915 0.4208 car
1442 6.2915 0.4201 car
1443 5.4748 0.0324 car
1444 5.4748 0.0333 car
1445 6.2915 0.4208 car
1446 6.2915 0.4208 car
1447 5.4744 0.0366 car
1448 5.4741 0.0391 car
1449 5.4753 0.0282 car
1450 5.4754 0.0274 car
1451 5.4739 0.0417 car
1452 5.4739 0.0417 car
1453 5.4734 0.0458 car
1454 6.2915 0.4208 car
1455 5.4764 0.0181 car
1456 5.4751 0.0299 car
1457 5.4751 0.0299 car
1458 5.4742 0.0383 car
1459 6.2914 0.4215 car
1460 5.4755 0.0265 car
1461 5.4753 0.0282 car
1462 6.2915 0.4208 car
1463 5.4761 0.0207 car
1464 5.4755 0.0265 car
1465 5.4736 0.0442 car
1466 5.4750 0.0307 car
1467 5.4743 0.0375 car
1468 5.4757 0.0240 car
1469 5.4741 0.0391 car
1470 5.4763 0.0190 car
1471 6.2916 0.4194 car
1472 5.4744 0.0366 car
1473 6.2915 0.4201 car
1474 5.4738 0.0425 car
1475 6.2915 0.4208 car
1476 6.2915 0.4208 car
1477 6.2915 0.4201 car
1478 5.4736 0.0442 car
1479 5.4742 0.0383 car
1480 5.4752 0.0291 car
1481 5.4751 0.0299 car
1482 5.4752 0.0291 car
1483 5.4748 0.0333 car
1484 6.2915 0.4201 car
1485 5.4754 0.0274 car
1486 5.4750 0.0307 car
1487 5.4757 0.0240 car
1488 5.4746 0.0349 car
1489 6.2915 0.4201 car
1490 5.4752 0.0291 car
1491 6.2915 0.4208 car
1492 5.4752 0.0291 car
1493 5.4749 0.0316 car
1494 6.2915 0.4201 car
1495 6.2915 0.4208 car
1496 6.2914 0.4215 car
1497 5.4757 0.0240 car
1498 6.2915 0.4201 car
1499 6.2917 0.4187 car
1500 6.2916 0.4194 car
1501 5.4753 0.0282 car
1502 5.4752 0.0291 car
1503 5.4757 0.0240 car
1504 5.4761 0.0207 car
1505 5.4758 0.0232 car
1506 5.4748 0.0324 car
1507 5.4759 0.0223 car
1508 5.4749 0.0316 car
1509 5.4761 0.0207 car
1510 6.2915 0.4201 car
1511 5.4756 0.0249 car
1512 5.4742 0.0383 car
1513 5.4749 0.0316 car
1514 5.4756 0.0249 car
1515 6.2915 0.4208 car
1516 5.4753 0.0282 car
1517 5.4736 0.0442 car
1518 5.4735 0.0450 car
1519 5.4761 0.0207 car
1520 5.4754 0.0274 car
1521 6.2915 0.4201 car
1522 5.4764 0.0181 car
1523 6.2915 0.4201 car
1524 5.4750 0.0307 car
1525 6.2915 0.4208 car
1526 6.2916 0.4194 car
1527 5.4768 0.0139 car
1528 5.4746 0.0349 car
1529 5.4765 0.0173 car
1530 5.4772 0.0106 car
1531 5.4762 0.0198 car
1532 6.2916 0.4194 car
1533 5.4762 0.0198 car
1534 5.4756 0.0257 car
1535 6.2916 0.4194 car
1536 5.4759 0.0223 car
1537 5.4758 0.0232 car
1538 6.2915 0.4201 car
1539 5.4754 0.0274 car
1540 6.2915 0.4208 car
1541 5.4761 0.0207 car
1542 6.2915 0.4201 car
1543 5.4758 0.0232 car
1544 5.4740 0.0400 car
1545 5.4753 0.0282 car
1546 5.4740 0.0400 car
1547 6.2915 0.4201 car
1548 5.4762 0.0198 car
1549 5.4752 0.0291 car
1550 6.2915 0.4208 car
1551 6.2915 0.4201 car
1552 5.4753 0.0282 car
1553 5.4740 0.0400 car
1554 5.4753 0.0282 car
1555 5.4758 0.0232 car
1556 5.4741 0.0391 car
1557 6.2915 0.4201 car
1558 6.2915 0.4201 car
1559 5.4743 0.0375 car
1560 6.2916 0.4194 car
1561 6.2915 0.4201 car
1562 5.4755 0.0265 car
1563 5.4758 0.0232 car
1564 5.4756 0.0249 car
1565 6.2915 0.4201 car
1566 5.4756 0.0257 car
1567 6.2915 0.4208 car
1568 5.4758 0.0232 car
1569 5.4758 0.0232 car
1570 6.2915 0.4201 car
1571 5.4759 0.0223 car
1572 5.4756 0.0249 car
1573 6.2916 0.4194 car
1574 5.4756 0.0257 car
1575 6.2915 0.4201 car
1576 6.2915 0.4208 car
1577 6.2915 0.4208 car
1578 6.2916 0.4194 car
1579 5.4756 0.0249 car
1580 6.2915 0.4201 car
1581 5.4757 0.0240 car
1582 5.4756 0.0249 car
1583 5.4776 0.0072 car
1584 6.2915 0.4208 car
1585 5.4758 0.0232 car
1586 6.2915 0.4208 car
1587 5.4759 0.0223 car
1588 5.4739 0.0408 car
1589 5.4767 0.0148 car
1590 5.4757 0.0240 car
1591 6.2916 0.4194 car
1592 6.2915 0.4201 car
1593 6.2915 0.4201 car
1594 5.4765 0.0173 car
1595 5.4754 0.0274 car
1596 5.4775 0.0081 car
1597 5.4752 0.0291 car
1598 5.4735 0.0450 car
1599 5.4752 0.0291 car
1600 5.4759 0.0223 car
1601 5.4755 0.0265 car
1602 5.4754 0.0274 car
1603 6.2916 0.4194 car
1604 5.4766 0.0165 car
1605 5.4736 0.0442 car
1606 6.2915 0.4201 car
1607 5.4764 0.0181 car
1608 5.4751 0.0299 car
1609 5.4740 0.0400 car
1610 6.2914 0.4222 car
1611 5.4762 0.0198 car
1612 5.4743 0.0375 car
1613 5.4774 0.0089 car
1614 5.4758 0.0232 car
1615 5.4757 0.0240 car
1616 5.4759 0.0223 car
1617 5.4762 0.0198 car
1618 5.4765 0.0173 car
1619 5.4740 0.0400 car
1620 5.4756 0.0257 car
1621 5.4760 0.0215 car
1622 5.4748 0.0324 car
1623 5.4766 0.0165 car
1624 5.4740 0.0400 car
1625 6.2915 0.4201 car
1626 5.4747 0.0341 car
1627 5.4749 0.0316 car
1628 6.2915 0.4208 car
1629 5.4753 0.0282 car
1630 5.4752 0.0291 car
1631 5.4762 0.0198 car
1632 5.4742 0.0383 car
1633 5.4756 0.0249 car
1634 6.2915 0.4208 car
1635 5.4764 0.0181 car
1636 5.4756 0.0257 car
1637 5.4746 0.0349 car
1638 5.4750 0.0307 car
1639 6.2915 0.4208 car
1640 6.2915 0.4201 car
1641 5.4741 0.0391 car
1642 6.2916 0.4194 car
1643 6.2915 0.4201 car
1644 5.4761 0.0207 car
1645 5.4764 0.0181 car
1646 6.2914 0.4215 car
1647 6.2915 0.4201 car
1648 5.4768 0.0139 car
1649 5.4752 0.0291 car
1650 5.4748 0.0324 car
1651 6.2915 0.4201 car
1652 5.4751 0.0299 car
1653 5.4757 0.0240 car
1654 6.2915 0.4201 car
1655 5.4741 0.0391 car
1656 5.4760 0.0215 car
1657 5.4764 0.0181 car
1658 6.2915 0.4201 car
1659 5.4753 0.0282 car
1660 6.2915 0.4201 car
1661 5.4745 0.0358 car
1662 5.4761 0.0207 car
1663 5.4735 0.0450 car
1664 5.4756 0.0257 car
1665 5.4753 0.0282 car
1666 5.4767 0.0148 car
1667 6.2915 0.4208 car
1668 6.2916 0.4194 car
1669 6.2915 0.4201 car
1670 5.4757 0.0240 car
1671 5.4767 0.0148 car
1672 5.4766 0.0165 car
1673 6.2915 0.4201 car
1674 5.4758 0.0232 car
1675 5.4762 0.0198 car
1676 6.2914 0.4215 car
1677 6.2915 0.4208 car
1678 6.2916 0.4194 car
1679 5.4753 0.0282 car
1680 5.4758 0.0232 car
1681 5.4744 0.0366 car
1682 5.4748 0.0324 car
1683 6.2917 0.4187 car
1684 5.4758 0.0232 car
1685 5.4762 0.0198 car
1686 5.9639 0.0964 car
1687 5.9648 0.1037 car
1688 6.2916 0.4194 car
1689 5.4738 0.0425 car
1690 5.2602 0.0467 car
1691 5.8502 0.0108 car
1692 6.2914 0.4215 car
1693 6.2916 0.4194 car
1694 5.2626 0.0249 car
1695 6.3916 0.7547 car
1696 6.3916 0.7765 car
1697 5.2622 0.0282 car
