0 12.0443 -0.0175 pedestrian
0 11.5982 0.3840 pedestrian
1 11.8212 -0.0175 pedestrian
1 11.5982 0.3840 pedestrian
2 11.8212 -0.0175 pedestrian
2 11.5982 0.3840 pedestrian
3 12.0443 0.0000 pedestrian
3 11.5982 0.3840 pedestrian
4 12.0443 0.0000 pedestrian
4 11.5982 0.3840 pedestrian
5 12.0443 0.0000 pedestrian
5 11.5982 0.3840 pedestrian
6 12.0443 0.0000 pedestrian
6 11.5982 0.3840 pedestrian
7 12.0443 0.0000 pedestrian
7 11.5982 0.3840 pedestrian
8 12.0443 0.0000 pedestrian
8 11.5982 0.3840 pedestrian
9 12.0443 0.0000 pedestrian
9 11.5982 0.3840 pedestrian
10 12.0443 0.0000 pedestrian
10 11.5982 0.3840 pedestrian
11 12.0443 0.0000 pedestrian
11 11.5982 0.3840 pedestrian
12 12.0443 0.0000 pedestrian
12 11.5982 0.3840 pedestrian
13 12.0443 0.0000 pedestrian
13 11.5982 0.3840 pedestrian
14 12.0443 0.0000 pedestrian
14 11.5982 0.3840 pedestrian
15 12.0443 0.0000 pedestrian
15 11.5982 0.3840 pedestrian
16 12.0443 0.0000 pedestrian
16 11.5982 0.3840 pedestrian
17 12.0443 0.0000 pedestrian
17 11.5982 0.3840 pedestrian
18 12.0443 0.0000 pedestrian
18 11.5982 0.3840 pedestrian
19 12.0443 0.0000 pedestrian
19 11.5982 0.3491 pedestrian
20 12.0443 0.0000 pedestrian
20 11.5982 0.3491 pedestrian
21 12.0443 0.0000 pedestrian
21 11.3751 0.3316 pedestrian
22 12.0443 0.0000 pedestrian
22 11.3751 0.3316 pedestrian
23 12.0443 0.0000 pedestrian
23 11.3751 0.3316 pedestrian
24 12.0443 0.0000 pedestrian
24 11.3751 0.3316 pedestrian
25 12.0443 0.0000 pedestrian
25 11.3751 0.3316 pedestrian
26 12.0443 0.0000 pedestrian
26 11.3751 0.3316 pedestrian
27 12.0443 0.0349 pedestrian
27 11.3751 0.3316 pedestrian
28 12.0443 0.0349 pedestrian
28 11.3751 0.3316 pedestrian
29 12.2673 0.0524 pedestrian
29 11.1521 0.3316 pedestrian
30 12.2673 0.0524 pedestrian
30 11.1521 0.3316 pedestrian
31 12.2673 0.0524 pedestrian
31 11.1521 0.3316 pedestrian
32 12.2673 0.0524 pedestrian
32 11.1521 0.3316 pedestrian
33 12.2673 0.0524 pedestrian
33 11.1521 0.3316 pedestrian
34 12.2673 0.0524 pedestrian
34 11.1521 0.3316 pedestrian
35 12.2673 0.0524 pedestrian
35 11.1521 0.3316 pedestrian
36 12.2673 0.0524 pedestrian
36 11.1521 0.3316 pedestrian
37 12.2673 0.0524 pedestrian
37 11.1521 0.3316 pedestrian
38 12.2673 0.0524 pedestrian
38 11.1521 0.3316 pedestrian
39 12.4903 0.0698 pedestrian
39 11.1521 0.2967 pedestrian
40 12.4903 0.0698 pedestrian
40 11.1521 0.2967 pedestrian
41 12.4903 0.0698 pedestrian
41 11.1521 0.2967 pedestrian
42 12.4903 0.0698 pedestrian
42 11.1521 0.2967 pedestrian
43 12.4903 0.0698 pedestrian
43 10.9290 0.2967 pedestrian
44 12.4903 0.0698 pedestrian
44 11.1521 0.2967 pedestrian
45 12.4903 0.0698 pedestrian
45 11.1521 0.2967 pedestrian
46 12.4903 0.0698 pedestrian
46 11.1521 0.2967 pedestrian
47 12.4903 0.0698 pedestrian
47 10.9290 0.2967 pedestrian
48 12.4903 0.0698 pedestrian
48 10.9290 0.2967 pedestrian
49 12.4903 0.0698 pedestrian
49 10.9290 0.2967 pedestrian
50 12.4903 0.0698 pedestrian
50 10.9290 0.2967 pedestrian
51 12.4903 0.0698 pedestrian
51 10.9290 0.2967 pedestrian
52 12.4903 0.0698 pedestrian
52 10.9290 0.2793 pedestrian
53 12.4903 0.0698 pedestrian
53 10.9290 0.2793 pedestrian
54 12.4903 0.0698 pedestrian
54 10.9290 0.2793 pedestrian
55 12.4903 0.0698 pedestrian
55 10.9290 0.2793 pedestrian
56 12.7134 0.1047 pedestrian
56 10.9290 0.2443 pedestrian
57 12.7134 0.1047 pedestrian
57 10.9290 0.2443 pedestrian
58 12.7134 0.1047 pedestrian
58 10.9290 0.2443 pedestrian
59 12.7134 0.1047 pedestrian
59 10.9290 0.2443 pedestrian
60 12.7134 0.1047 pedestrian
60 10.9290 0.2443 pedestrian
61 12.7134 0.1047 pedestrian
61 10.9290 0.2443 pedestrian
62 12.7134 0.1396 pedestrian
62 10.9290 0.2443 pedestrian
63 12.7134 0.1222 pedestrian
63 10.9290 0.2269 pedestrian
64 12.7134 0.1222 pedestrian
64 10.9290 0.2269 pedestrian
65 12.9364 0.1222 pedestrian
65 10.9290 0.2269 pedestrian
66 12.9364 0.1222 pedestrian
66 10.9290 0.2269 pedestrian
67 12.9364 0.1222 pedestrian
67 10.9290 0.2269 pedestrian
68 12.9364 0.1222 pedestrian
68 10.9290 0.2269 pedestrian
69 12.9364 0.1222 pedestrian
69 10.9290 0.2094 pedestrian
70 12.9364 0.1222 pedestrian
70 10.9290 0.2094 pedestrian
71 12.9364 0.1222 pedestrian
71 10.9290 0.2094 pedestrian
72 12.9364 0.1222 pedestrian
72 10.9290 0.2094 pedestrian
73 12.9364 0.1222 pedestrian
73 10.9290 0.2094 pedestrian
74 12.9364 0.1222 pedestrian
74 10.9290 0.2094 pedestrian
75 12.9364 0.1222 pedestrian
75 10.9290 0.2094 pedestrian
76 12.9364 0.1222 pedestrian
76 10.9290 0.1745 pedestrian
77 12.9364 0.1222 pedestrian
77 10.9290 0.1745 pedestrian
78 13.1595 0.1571 pedestrian
78 10.9290 0.1745 pedestrian
79 13.1595 0.1571 pedestrian
79 10.9290 0.1745 pedestrian
80 13.1595 0.1571 pedestrian
80 10.9290 0.1745 pedestrian
81 13.1595 0.1571 pedestrian
81 10.9290 0.1745 pedestrian
82 13.1595 0.1571 pedestrian
82 10.9290 0.1745 pedestrian
83 13.1595 0.1571 pedestrian
83 10.9290 0.1745 pedestrian
84 13.1595 0.1571 pedestrian
84 10.9290 0.1745 pedestrian
85 13.1595 0.1571 pedestrian
85 10.9290 0.1745 pedestrian
86 13.1595 0.1571 pedestrian
86 10.9290 0.1396 pedestrian
87 13.1595 0.1571 pedestrian
87 10.9290 0.1396 pedestrian
88 13.3825 0.1571 pedestrian
88 11.1521 0.1396 pedestrian
89 13.3825 0.1571 pedestrian
89 11.1521 0.1396 pedestrian
90 13.3825 0.1571 pedestrian
90 11.1521 0.1396 pedestrian
91 13.3825 0.1571 pedestrian
91 11.1521 0.1396 pedestrian
92 13.3825 0.1571 pedestrian
92 11.1521 0.1396 pedestrian
93 13.3825 0.1571 pedestrian
93 11.1521 0.1396 pedestrian
94 13.3825 0.1571 pedestrian
94 11.1521 0.1396 pedestrian
95 13.3825 0.1571 pedestrian
95 11.1521 0.1047 pedestrian
96 13.3825 0.1571 pedestrian
96 11.1521 0.1047 pedestrian
97 13.3825 0.1571 pedestrian
97 11.1521 0.1047 pedestrian
98 13.3825 0.1571 pedestrian
98 11.1521 0.1047 pedestrian
99 13.3825 0.1571 pedestrian
99 11.1521 0.1047 pedestrian
100 13.3825 0.1745 pedestrian
100 11.1521 0.0698 pedestrian
101 13.3825 0.1745 pedestrian
101 11.1521 0.0698 pedestrian
102 13.6056 0.1920 pedestrian
102 11.1521 0.0698 pedestrian
103 13.6056 0.1920 pedestrian
103 11.1521 0.0698 pedestrian
104 13.6056 0.1920 pedestrian
104 11.1521 0.0698 pedestrian
105 13.6056 0.1920 pedestrian
105 11.1521 0.0698 pedestrian
106 13.6056 0.1920 pedestrian
106 11.1521 0.0698 pedestrian
107 13.6056 0.1920 pedestrian
107 11.1521 0.0698 pedestrian
108 13.8286 0.1920 pedestrian
108 11.3751 0.0698 pedestrian
109 13.8286 0.1920 pedestrian
109 11.3751 0.0698 pedestrian
110 13.8286 0.1920 pedestrian
110 11.3751 0.0698 pedestrian
111 13.8286 0.1920 pedestrian
111 11.3751 0.0349 pedestrian
112 13.8286 0.1920 pedestrian
112 11.3751 0.0349 pedestrian
113 13.8286 0.1920 pedestrian
113 11.3751 0.0349 pedestrian
114 14.0516 0.1920 pedestrian
114 11.3751 0.0349 pedestrian
115 14.0516 0.1920 pedestrian
115 11.3751 0.0349 pedestrian
116 14.0516 0.1920 pedestrian
116 11.3751 0.0349 pedestrian
117 14.0516 0.1920 pedestrian
117 11.3751 0.0349 pedestrian
118 14.0516 0.1920 pedestrian
118 11.3751 0.0349 pedestrian
119 14.0516 0.1920 pedestrian
119 11.5982 0.0000 pedestrian
120 14.0516 0.1920 pedestrian
120 11.5982 0.0000 pedestrian
121 14.0516 0.1920 pedestrian
121 11.5982 0.0000 pedestrian
122 14.0516 0.1920 pedestrian
122 11.5982 0.0000 pedestrian
123 14.2747 0.1920 pedestrian
123 11.5982 0.0000 pedestrian
124 14.2747 0.1920 pedestrian
124 11.5982 0.0000 pedestrian
125 14.2747 0.1920 pedestrian
125 11.5982 0.0000 pedestrian
126 14.2747 0.1920 pedestrian
126 11.5982 0.0000 pedestrian
127 14.2747 0.1920 pedestrian
127 11.5982 0.0000 pedestrian
128 14.4977 0.2094 pedestrian
128 11.8212 -0.0524 pedestrian
129 14.4977 0.2094 pedestrian
129 11.8212 -0.0524 pedestrian
130 14.4977 0.2094 pedestrian
130 11.8212 -0.0524 pedestrian
131 14.4977 0.2094 pedestrian
131 11.8212 -0.0524 pedestrian
132 14.4977 0.2094 pedestrian
132 11.8212 -0.0524 pedestrian
133 14.4977 0.2094 pedestrian
133 11.8212 -0.0524 pedestrian
134 14.4977 0.2094 pedestrian
134 11.8212 -0.0524 pedestrian
135 14.7208 0.1920 pedestrian
135 11.8212 -0.0524 pedestrian
136 14.7208 0.1920 pedestrian
136 11.8212 -0.0524 pedestrian
137 14.7208 0.1920 pedestrian
137 11.8212 -0.0524 pedestrian
138 14.7208 0.1920 pedestrian
138 11.8212 -0.0524 pedestrian
139 14.7208 0.1920 pedestrian
139 11.8212 -0.0524 pedestrian
140 14.7208 0.1920 pedestrian
140 11.8212 -0.0524 pedestrian
141 14.7208 0.1920 pedestrian
141 11.8212 -0.0524 pedestrian
142 14.7208 0.1920 pedestrian
142 11.8212 -0.0524 pedestrian
143 14.7208 0.1920 pedestrian
143 11.8212 -0.0524 pedestrian
144 14.9438 0.1920 pedestrian
144 11.8212 -0.0873 pedestrian
145 14.9438 0.1920 pedestrian
145 11.8212 -0.0873 pedestrian
146 14.9438 0.1920 pedestrian
146 11.8212 -0.0873 pedestrian
147 14.9438 0.1920 pedestrian
147 11.8212 -0.0873 pedestrian
148 14.9438 0.1920 pedestrian
148 11.8212 -0.0873 pedestrian
149 15.1668 0.1920 pedestrian
149 12.0443 -0.1047 pedestrian
150 15.1668 0.1920 pedestrian
150 12.0443 -0.1047 pedestrian
151 15.1668 0.1920 pedestrian
151 12.0443 -0.1047 pedestrian
152 15.1668 0.1920 pedestrian
152 12.0443 -0.1047 pedestrian
153 15.1668 0.1920 pedestrian
153 12.0443 -0.1047 pedestrian
154 15.1668 0.1920 pedestrian
154 12.0443 -0.1047 pedestrian
155 15.1668 0.1920 pedestrian
155 12.0443 -0.1047 pedestrian
156 15.1668 0.1920 pedestrian
156 12.0443 -0.1047 pedestrian
157 15.3899 0.2094 pedestrian
157 12.0443 -0.1047 pedestrian
158 15.3899 0.2094 pedestrian
158 12.0443 -0.1047 pedestrian
159 15.3899 0.2094 pedestrian
159 12.0443 -0.1047 pedestrian
160 15.3899 0.2094 pedestrian
160 12.2673 -0.1222 pedestrian
161 15.3899 0.2094 pedestrian
161 12.2673 -0.1222 pedestrian
162 15.3899 0.2094 pedestrian
162 12.2673 -0.1222 pedestrian
163 15.3899 0.2094 pedestrian
163 12.2673 -0.1222 pedestrian
164 15.3899 0.2094 pedestrian
164 12.0443 -0.1396 pedestrian
165 15.3899 0.2094 pedestrian
165 12.0443 -0.1396 pedestrian
166 15.3899 0.2094 pedestrian
166 12.0443 -0.1396 pedestrian
167 15.6129 0.1745 pedestrian
167 12.2673 -0.1571 pedestrian
168 15.6129 0.1745 pedestrian
168 12.2673 -0.1571 pedestrian
169 15.6129 0.1745 pedestrian
169 12.2673 -0.1571 pedestrian
170 15.6129 0.1745 pedestrian
170 12.2673 -0.1571 pedestrian
171 15.6129 0.1745 pedestrian
171 12.2673 -0.1571 pedestrian
172 15.6129 0.1745 pedestrian
172 12.2673 -0.1571 pedestrian
173 15.8360 0.1745 pedestrian
173 12.2673 -0.1571 pedestrian
174 15.8360 0.1745 pedestrian
174 12.2673 -0.1571 pedestrian
175 15.8360 0.1745 pedestrian
175 12.2673 -0.1571 pedestrian
176 15.8360 0.1745 pedestrian
176 12.2673 -0.1571 pedestrian
177 15.8360 0.1745 pedestrian
177 12.2673 -0.1571 pedestrian
178 15.8360 0.1745 pedestrian
178 12.2673 -0.1920 pedestrian
179 15.8360 0.1745 pedestrian
179 12.2673 -0.1920 pedestrian
180 15.8360 0.1745 pedestrian
180 12.2673 -0.1920 pedestrian
181 15.8360 0.1745 pedestrian
181 12.2673 -0.1920 pedestrian
182 15.8360 0.1745 pedestrian
182 12.2673 -0.1920 pedestrian
183 15.8360 0.1745 pedestrian
183 12.2673 -0.1920 pedestrian
184 15.8360 0.1745 pedestrian
184 12.2673 -0.1920 pedestrian
185 15.8360 0.1745 pedestrian
185 12.2673 -0.1920 pedestrian
186 15.8360 0.1745 pedestrian
186 12.4903 -0.2269 pedestrian
187 15.8360 0.1745 pedestrian
187 12.4903 -0.2269 pedestrian
188 15.8360 0.1745 pedestrian
188 12.4903 -0.2269 pedestrian
189 15.8360 0.1745 pedestrian
189 12.4903 -0.2269 pedestrian
190 15.8360 0.1745 pedestrian
190 12.4903 -0.2269 pedestrian
191 15.8360 0.1396 pedestrian
191 12.4903 -0.2269 pedestrian
192 15.8360 0.1396 pedestrian
192 12.4903 -0.2269 pedestrian
193 15.8360 0.1396 pedestrian
193 12.4903 -0.2269 pedestrian
194 15.8360 0.1396 pedestrian
194 12.4903 -0.2269 pedestrian
195 15.8360 0.1396 pedestrian
195 12.4903 -0.2269 pedestrian
196 15.8360 0.1396 pedestrian
196 12.4903 -0.2269 pedestrian
197 15.8360 0.1396 pedestrian
197 12.4903 -0.2269 pedestrian
198 15.8360 0.1396 pedestrian
198 12.4903 -0.2443 pedestrian
199 15.8360 0.1396 pedestrian
199 12.4903 -0.2443 pedestrian
200 15.8360 0.1396 pedestrian
200 12.4903 -0.2443 pedestrian
201 15.8360 0.1396 pedestrian
201 12.4903 -0.2443 pedestrian
202 15.6129 0.1222 pedestrian
202 12.4903 -0.2793 pedestrian
203 15.6129 0.1222 pedestrian
203 12.4903 -0.2793 pedestrian
204 15.6129 0.1222 pedestrian
204 12.4903 -0.2793 pedestrian
205 15.6129 0.1222 pedestrian
205 12.4903 -0.2793 pedestrian
206 15.6129 0.1222 pedestrian
206 12.4903 -0.2793 pedestrian
207 15.6129 0.1222 pedestrian
207 12.4903 -0.2793 pedestrian
208 15.6129 0.1222 pedestrian
208 12.4903 -0.2793 pedestrian
209 15.6129 0.1222 pedestrian
209 12.4903 -0.2793 pedestrian
210 15.6129 0.1222 pedestrian
210 12.4903 -0.2793 pedestrian
211 15.6129 0.1222 pedestrian
211 12.4903 -0.2793 pedestrian
212 15.1668 0.1222 pedestrian
212 12.4903 -0.3142 pedestrian
213 15.1668 0.1222 pedestrian
213 12.4903 -0.3142 pedestrian
214 15.1668 0.1222 pedestrian
214 12.4903 -0.3142 pedestrian
215 15.1668 0.1222 pedestrian
215 12.4903 -0.3142 pedestrian
216 15.3899 0.1047 pedestrian
216 12.4903 -0.3142 pedestrian
217 15.3899 0.1047 pedestrian
217 12.4903 -0.3142 pedestrian
218 15.3899 0.1047 pedestrian
218 12.4903 -0.3142 pedestrian
219 15.3899 0.1047 pedestrian
219 12.4903 -0.3142 pedestrian
220 15.3899 0.1047 pedestrian
220 12.4903 -0.3142 pedestrian
221 15.3899 0.1047 pedestrian
221 12.4903 -0.3142 pedestrian
222 15.3899 0.1047 pedestrian
222 12.4903 -0.3142 pedestrian
223 15.3899 0.1047 pedestrian
223 12.4903 -0.3142 pedestrian
224 15.1668 0.1047 pedestrian
224 12.4903 -0.3491 pedestrian
225 15.1668 0.0873 pedestrian
225 12.4903 -0.3491 pedestrian
226 15.1668 0.0873 pedestrian
226 12.4903 -0.3491 pedestrian
227 14.9438 0.0873 pedestrian
227 12.4903 -0.3316 pedestrian
228 14.9438 0.0873 pedestrian
228 12.4903 -0.3491 pedestrian
229 14.9438 0.0873 pedestrian
229 12.4903 -0.3491 pedestrian
230 14.9438 0.0873 pedestrian
230 12.4903 -0.3491 pedestrian
231 14.9438 0.0873 pedestrian
231 12.4903 -0.3491 pedestrian
232 14.7208 0.0873 pedestrian
232 12.4903 -0.3665 pedestrian
233 14.7208 0.0873 pedestrian
233 12.4903 -0.3665 pedestrian
234 14.7208 0.0873 pedestrian
234 12.4903 -0.3665 pedestrian
235 14.7208 0.0873 pedestrian
235 12.4903 -0.3665 pedestrian
236 14.7208 0.0873 pedestrian
236 12.4903 -0.3665 pedestrian
237 14.7208 0.0873 pedestrian
237 12.7134 -0.3665 pedestrian
238 14.7208 0.0873 pedestrian
238 12.7134 -0.3665 pedestrian
239 14.7208 0.0873 pedestrian
239 12.7134 -0.3665 pedestrian
240 14.4977 0.0698 pedestrian
240 12.7134 -0.3665 pedestrian
241 14.4977 0.0698 pedestrian
241 12.7134 -0.3665 pedestrian
242 14.4977 0.0698 pedestrian
242 12.7134 -0.3665 pedestrian
243 14.4977 0.0698 pedestrian
243 12.7134 -0.3665 pedestrian
244 14.4977 0.0698 pedestrian
244 12.7134 -0.3665 pedestrian
245 14.4977 0.0698 pedestrian
245 12.9364 -0.3840 pedestrian
246 14.4977 0.0698 pedestrian
246 12.9364 -0.3840 pedestrian
247 14.4977 0.0698 pedestrian
247 12.9364 -0.3840 pedestrian
248 14.2747 0.0698 pedestrian
248 12.9364 -0.3840 pedestrian
249 14.2747 0.0698 pedestrian
249 12.9364 -0.3840 pedestrian
250 14.2747 0.0698 pedestrian
250 12.9364 -0.3840 pedestrian
251 14.2747 0.0698 pedestrian
251 12.9364 -0.3840 pedestrian
252 14.2747 0.0698 pedestrian
252 12.9364 -0.3840 pedestrian
253 14.2747 0.0698 pedestrian
253 12.9364 -0.3840 pedestrian
254 14.2747 0.0698 pedestrian
254 12.9364 -0.3840 pedestrian
255 14.0516 0.0698 pedestrian
255 13.1595 -0.3840 pedestrian
256 14.0516 0.0698 pedestrian
256 13.1595 -0.3840 pedestrian
257 14.0516 0.0698 pedestrian
257 13.1595 -0.3840 pedestrian
258 14.0516 0.0698 pedestrian
258 13.1595 -0.4014 pedestrian
259 14.0516 0.0698 pedestrian
259 13.1595 -0.3840 pedestrian
260 13.8286 0.0698 pedestrian
260 13.3825 -0.4014 pedestrian
261 13.8286 0.0698 pedestrian
261 13.3825 -0.4014 pedestrian
262 13.8286 0.0698 pedestrian
262 13.3825 -0.4014 pedestrian
263 13.8286 0.0698 pedestrian
263 13.3825 -0.4014 pedestrian
264 13.8286 0.0698 pedestrian
264 13.3825 -0.4014 pedestrian
265 13.8286 0.0698 pedestrian
265 13.3825 -0.4014 pedestrian
266 13.8286 0.0698 pedestrian
266 13.3825 -0.4014 pedestrian
267 13.8286 0.0698 pedestrian
267 13.3825 -0.4014 pedestrian
268 13.6056 0.0698 pedestrian
268 13.6056 -0.4014 pedestrian
269 13.6056 0.0698 pedestrian
269 13.6056 -0.4014 pedestrian
270 13.6056 0.0698 pedestrian
270 13.6056 -0.4014 pedestrian
271 13.3825 0.0524 pedestrian
271 13.6056 -0.4014 pedestrian
272 13.3825 0.0524 pedestrian
272 13.6056 -0.4014 pedestrian
273 13.3825 0.0524 pedestrian
273 13.8286 -0.4014 pedestrian
274 13.3825 0.0524 pedestrian
274 13.8286 -0.4014 pedestrian
275 13.3825 0.0524 pedestrian
275 13.8286 -0.4014 pedestrian
276 13.3825 0.0524 pedestrian
276 13.8286 -0.4014 pedestrian
277 13.3825 0.0524 pedestrian
277 13.8286 -0.4014 pedestrian
278 13.3825 0.0524 pedestrian
278 13.8286 -0.4014 pedestrian
279 13.1595 0.0349 pedestrian
279 14.0516 -0.4014 pedestrian
280 13.1595 0.0349 pedestrian
280 14.0516 -0.4014 pedestrian
281 13.1595 0.0349 pedestrian
281 14.0516 -0.4014 pedestrian
282 13.1595 0.0349 pedestrian
282 14.0516 -0.4014 pedestrian
283 13.1595 0.0349 pedestrian
283 14.0516 -0.4014 pedestrian
284 13.1595 0.0349 pedestrian
284 14.0516 -0.4014 pedestrian
285 13.1595 0.0349 pedestrian
285 14.0516 -0.4014 pedestrian
286 12.9364 0.0349 pedestrian
286 14.0516 -0.4014 pedestrian
287 12.9364 0.0349 pedestrian
287 14.0516 -0.4014 pedestrian
288 12.9364 0.0349 pedestrian
288 14.0516 -0.4014 pedestrian
289 12.9364 0.0349 pedestrian
289 14.0516 -0.4014 pedestrian
290 12.9364 0.0349 pedestrian
290 14.0516 -0.4014 pedestrian
291 12.7134 0.0349 pedestrian
291 13.8286 -0.3491 pedestrian
292 12.7134 0.0349 pedestrian
292 13.8286 -0.3491 pedestrian
293 12.7134 0.0349 pedestrian
293 13.8286 -0.3491 pedestrian
294 12.7134 0.0349 pedestrian
294 13.8286 -0.3491 pedestrian
295 12.7134 0.0349 pedestrian
295 13.8286 -0.3491 pedestrian
296 12.7134 0.0349 pedestrian
296 13.8286 -0.3491 pedestrian
297 12.4903 0.0349 pedestrian
297 13.8286 -0.3491 pedestrian
298 12.4903 0.0349 pedestrian
298 13.8286 -0.3491 pedestrian
299 12.4903 0.0349 pedestrian
299 13.8286 -0.3491 pedestrian
300 12.4903 0.0349 pedestrian
300 13.8286 -0.3491 pedestrian
301 12.4903 0.0349 pedestrian
301 14.0516 -0.3491 pedestrian
302 12.4903 0.0349 pedestrian
302 14.0516 -0.3491 pedestrian
303 12.2673 0.0175 pedestrian
303 14.0516 -0.3491 pedestrian
304 12.2673 0.0175 pedestrian
304 14.0516 -0.3491 pedestrian
305 12.2673 0.0175 pedestrian
305 14.0516 -0.3491 pedestrian
306 12.2673 0.0175 pedestrian
306 14.0516 -0.3491 pedestrian
307 12.2673 0.0175 pedestrian
307 13.8286 -0.3316 pedestrian
308 12.2673 0.0175 pedestrian
308 13.8286 -0.3316 pedestrian
309 12.2673 0.0175 pedestrian
309 13.8286 -0.3316 pedestrian
310 12.2673 0.0175 pedestrian
310 13.8286 -0.3316 pedestrian
311 12.0443 0.0524 pedestrian
311 13.8286 -0.3316 pedestrian
311 13.8286 -0.3316 pedestrian
312 12.0443 0.0524 pedestrian
312 13.8286 -0.3316 pedestrian
312 13.8286 -0.3316 pedestrian
313 12.0443 0.0524 pedestrian
313 13.8286 -0.3316 pedestrian
314 12.0443 0.0524 pedestrian
314 13.8286 -0.3316 pedestrian
314 13.8286 -0.3316 pedestrian
315 12.0443 0.0524 pedestrian
315 13.8286 -0.2967 pedestrian
316 12.0443 0.0524 pedestrian
316 13.8286 -0.2967 pedestrian
317 12.0443 0.0524 pedestrian
317 13.8286 -0.2967 pedestrian
318 11.8212 0.0524 pedestrian
318 13.8286 -0.2967 pedestrian
319 11.8212 0.0524 pedestrian
319 13.8286 -0.2967 pedestrian
320 11.8212 0.0524 pedestrian
320 13.8286 -0.2967 pedestrian
321 11.8212 0.0524 pedestrian
321 13.8286 -0.2967 pedestrian
322 11.8212 0.0524 pedestrian
322 13.8286 -0.2967 pedestrian
323 11.8212 0.0524 pedestrian
323 13.8286 -0.2967 pedestrian
324 11.8212 0.0524 pedestrian
324 13.8286 -0.2967 pedestrian
325 11.8212 0.0524 pedestrian
325 13.8286 -0.2967 pedestrian
326 11.8212 0.0524 pedestrian
326 13.8286 -0.2967 pedestrian
327 11.5982 0.0873 pedestrian
327 13.8286 -0.2967 pedestrian
328 11.5982 0.0873 pedestrian
328 13.8286 -0.2967 pedestrian
329 11.5982 0.0873 pedestrian
329 13.8286 -0.2967 pedestrian
330 11.5982 0.0873 pedestrian
330 13.8286 -0.2967 pedestrian
331 11.5982 0.0873 pedestrian
331 13.6056 -0.2793 pedestrian
332 11.5982 0.0873 pedestrian
332 13.6056 -0.2793 pedestrian
333 11.5982 0.0873 pedestrian
333 13.6056 -0.2793 pedestrian
334 11.5982 0.0873 pedestrian
334 13.6056 -0.2793 pedestrian
335 11.5982 0.0873 pedestrian
335 13.6056 -0.2793 pedestrian
336 11.5982 0.0873 pedestrian
336 13.6056 -0.2793 pedestrian
337 11.5982 0.0873 pedestrian
337 13.6056 -0.2793 pedestrian
338 11.3751 0.1047 pedestrian
338 13.6056 -0.2793 pedestrian
339 11.3751 0.1047 pedestrian
339 13.6056 -0.2793 pedestrian
340 11.3751 0.1047 pedestrian
340 13.3825 -0.2443 pedestrian
341 11.3751 0.1047 pedestrian
341 13.3825 -0.2443 pedestrian
342 11.3751 0.1222 pedestrian
342 13.3825 -0.2443 pedestrian
343 11.3751 0.1222 pedestrian
343 13.3825 -0.2443 pedestrian
344 11.3751 0.1222 pedestrian
344 13.3825 -0.2443 pedestrian
345 11.3751 0.1222 pedestrian
345 13.3825 -0.2443 pedestrian
346 11.3751 0.1222 pedestrian
346 13.3825 -0.2443 pedestrian
347 11.3751 0.1222 pedestrian
347 13.3825 -0.2443 pedestrian
348 11.3751 0.1222 pedestrian
348 13.3825 -0.2443 pedestrian
349 11.3751 0.1222 pedestrian
349 13.3825 -0.2443 pedestrian
350 11.3751 0.1222 pedestrian
350 13.3825 -0.2443 pedestrian
351 11.3751 0.1222 pedestrian
351 13.3825 -0.2443 pedestrian
352 11.3751 0.1396 pedestrian
352 13.3825 -0.2443 pedestrian
353 11.3751 0.1396 pedestrian
353 13.3825 -0.2443 pedestrian
354 11.3751 0.1396 pedestrian
354 13.3825 -0.2443 pedestrian
355 11.3751 0.1396 pedestrian
355 13.3825 -0.2443 pedestrian
356 11.3751 0.1396 pedestrian
356 13.3825 -0.2443 pedestrian
357 11.3751 0.1571 pedestrian
357 13.3825 -0.2094 pedestrian
358 11.3751 0.1571 pedestrian
358 13.3825 -0.2094 pedestrian
359 11.3751 0.1571 pedestrian
359 13.3825 -0.2094 pedestrian
360 11.3751 0.1571 pedestrian
360 13.3825 -0.2094 pedestrian
361 11.3751 0.1571 pedestrian
361 12.9364 -0.1920 pedestrian
362 11.3751 0.1571 pedestrian
362 12.9364 -0.1920 pedestrian
363 11.3751 0.1571 pedestrian
363 12.9364 -0.1920 pedestrian
364 11.3751 0.1920 pedestrian
364 12.9364 -0.1920 pedestrian
365 11.3751 0.1920 pedestrian
365 12.9364 -0.1920 pedestrian
366 11.3751 0.1920 pedestrian
366 12.9364 -0.1920 pedestrian
367 11.3751 0.1920 pedestrian
367 12.9364 -0.1920 pedestrian
368 11.3751 0.1920 pedestrian
368 12.9364 -0.1920 pedestrian
369 11.3751 0.1920 pedestrian
369 12.9364 -0.1920 pedestrian
370 11.3751 0.1920 pedestrian
370 12.9364 -0.1920 pedestrian
371 11.3751 0.1920 pedestrian
371 12.9364 -0.1920 pedestrian
372 11.3751 0.1920 pedestrian
372 12.9364 -0.1920 pedestrian
373 11.3751 0.1920 pedestrian
373 12.9364 -0.1920 pedestrian
374 11.3751 0.2094 pedestrian
374 12.7134 -0.1920 pedestrian
375 11.3751 0.2094 pedestrian
375 12.7134 -0.1920 pedestrian
376 11.3751 0.2094 pedestrian
376 12.7134 -0.1920 pedestrian
377 11.3751 0.2443 pedestrian
377 12.4903 -0.1571 pedestrian
378 11.3751 0.2443 pedestrian
378 12.4903 -0.1571 pedestrian
379 11.3751 0.2443 pedestrian
379 12.4903 -0.1571 pedestrian
380 11.3751 0.2443 pedestrian
380 12.4903 -0.1571 pedestrian
381 11.3751 0.2443 pedestrian
381 12.4903 -0.1571 pedestrian
382 11.3751 0.2443 pedestrian
382 12.4903 -0.1571 pedestrian
383 11.3751 0.2443 pedestrian
383 12.4903 -0.1571 pedestrian
384 11.3751 0.2443 pedestrian
384 12.4903 -0.1571 pedestrian
385 11.3751 0.2443 pedestrian
385 12.4903 -0.1571 pedestrian
386 11.5982 0.2793 pedestrian
386 12.2673 -0.1396 pedestrian
387 11.5982 0.2793 pedestrian
387 12.2673 -0.1396 pedestrian
388 11.5982 0.2793 pedestrian
388 12.2673 -0.1396 pedestrian
389 11.5982 0.2793 pedestrian
389 12.2673 -0.1396 pedestrian
390 11.5982 0.2793 pedestrian
390 12.2673 -0.1396 pedestrian
391 11.5982 0.2793 pedestrian
391 12.2673 -0.1396 pedestrian
392 11.5982 0.2793 pedestrian
392 12.2673 -0.1396 pedestrian
393 11.5982 0.2793 pedestrian
393 12.2673 -0.1396 pedestrian
394 11.8212 0.2793 pedestrian
394 12.0443 -0.1222 pedestrian
395 11.8212 0.2793 pedestrian
395 12.0443 -0.1222 pedestrian
396 11.8212 0.2793 pedestrian
396 12.0443 -0.1222 pedestrian
397 11.8212 0.2793 pedestrian
397 12.0443 -0.1222 pedestrian
398 11.8212 0.2793 pedestrian
398 12.0443 -0.1222 pedestrian
399 11.8212 0.2793 pedestrian
399 12.0443 -0.1222 pedestrian
400 11.8212 0.2967 pedestrian
400 12.0443 -0.1222 pedestrian
401 11.8212 0.2793 pedestrian
401 12.0443 -0.1222 pedestrian
402 12.0443 0.2793 pedestrian
402 12.0443 -0.1222 pedestrian
403 12.0443 0.2793 pedestrian
403 12.0443 -0.1222 pedestrian
404 12.0443 0.2793 pedestrian
404 11.8212 -0.1047 pedestrian
405 12.0443 0.2793 pedestrian
405 11.8212 -0.1047 pedestrian
406 12.0443 0.2793 pedestrian
406 11.8212 -0.1047 pedestrian
407 12.2673 0.2967 pedestrian
407 11.8212 -0.1047 pedestrian
408 12.2673 0.2967 pedestrian
408 11.8212 -0.1047 pedestrian
409 12.2673 0.2967 pedestrian
409 11.8212 -0.1047 pedestrian
410 12.2673 0.2967 pedestrian
410 11.8212 -0.1047 pedestrian
411 12.2673 0.2967 pedestrian
411 11.8212 -0.0873 pedestrian
412 12.2673 0.2967 pedestrian
412 11.8212 -0.0873 pedestrian
413 12.2673 0.2967 pedestrian
413 11.5982 -0.0698 pedestrian
414 12.2673 0.2967 pedestrian
414 11.5982 -0.0698 pedestrian
415 12.2673 0.2967 pedestrian
415 11.5982 -0.0698 pedestrian
416 12.4903 0.3142 pedestrian
416 11.5982 -0.0698 pedestrian
417 12.4903 0.3142 pedestrian
417 11.5982 -0.0698 pedestrian
418 12.4903 0.3142 pedestrian
418 11.5982 -0.0698 pedestrian
419 12.4903 0.3142 pedestrian
419 11.3751 -0.0524 pedestrian
420 12.4903 0.3142 pedestrian
420 11.3751 -0.0524 pedestrian
421 12.4903 0.3142 pedestrian
421 11.3751 -0.0524 pedestrian
422 12.4903 0.3142 pedestrian
422 11.3751 -0.0524 pedestrian
423 12.7134 0.3142 pedestrian
423 11.3751 -0.0524 pedestrian
424 12.7134 0.3142 pedestrian
424 11.3751 -0.0524 pedestrian
425 12.7134 0.3142 pedestrian
425 11.3751 -0.0524 pedestrian
426 12.7134 0.3142 pedestrian
426 11.3751 -0.0524 pedestrian
427 12.7134 0.3142 pedestrian
427 11.3751 -0.0524 pedestrian
428 12.9364 0.3142 pedestrian
428 11.3751 -0.0524 pedestrian
429 12.9364 0.3142 pedestrian
429 11.3751 -0.0524 pedestrian
430 12.9364 0.3142 pedestrian
430 11.3751 -0.0524 pedestrian
431 12.9364 0.3142 pedestrian
431 11.1521 -0.0524 pedestrian
432 12.9364 0.3142 pedestrian
432 11.1521 -0.0524 pedestrian
433 12.9364 0.3142 pedestrian
433 11.1521 -0.0524 pedestrian
434 12.9364 0.3142 pedestrian
434 11.1521 -0.0524 pedestrian
435 13.1595 0.3316 pedestrian
435 10.9290 -0.0349 pedestrian
436 13.1595 0.3316 pedestrian
436 10.9290 -0.0349 pedestrian
437 13.1595 0.3316 pedestrian
437 10.9290 -0.0349 pedestrian
438 13.1595 0.3316 pedestrian
438 10.9290 -0.0349 pedestrian
439 13.1595 0.3316 pedestrian
439 10.9290 -0.0349 pedestrian
440 13.1595 0.3316 pedestrian
440 10.9290 -0.0349 pedestrian
441 13.1595 0.3316 pedestrian
441 10.9290 -0.0349 pedestrian
442 13.1595 0.3316 pedestrian
442 10.9290 -0.0349 pedestrian
443 13.3825 0.3316 pedestrian
443 10.9290 -0.0349 pedestrian
444 13.3825 0.3316 pedestrian
444 10.7060 0.0000 pedestrian
445 13.3825 0.3316 pedestrian
445 10.7060 0.0000 pedestrian
446 13.6056 0.3316 pedestrian
446 10.7060 0.0000 pedestrian
447 13.6056 0.3316 pedestrian
447 10.7060 0.0000 pedestrian
448 13.6056 0.3316 pedestrian
448 10.7060 0.0000 pedestrian
449 13.6056 0.3316 pedestrian
449 10.7060 0.0000 pedestrian
450 13.6056 0.3316 pedestrian
450 10.7060 0.0000 pedestrian
451 13.6056 0.3316 pedestrian
451 10.7060 0.0000 pedestrian
452 13.6056 0.3316 pedestrian
452 10.7060 0.0000 pedestrian
453 13.8286 0.3316 pedestrian
453 10.7060 0.0000 pedestrian
454 13.8286 0.3316 pedestrian
454 10.7060 0.0000 pedestrian
455 13.8286 0.3316 pedestrian
455 10.7060 0.0349 pedestrian
456 13.8286 0.3316 pedestrian
456 10.7060 0.0349 pedestrian
457 13.8286 0.3316 pedestrian
457 10.7060 0.0349 pedestrian
458 13.8286 0.3316 pedestrian
458 10.4830 0.0349 pedestrian
459 13.8286 0.3316 pedestrian
459 10.4830 0.0349 pedestrian
460 13.8286 0.3316 pedestrian
460 10.4830 0.0349 pedestrian
461 14.0516 0.3316 pedestrian
461 10.4830 0.0349 pedestrian
462 14.0516 0.3316 pedestrian
462 10.4830 0.0349 pedestrian
463 14.0516 0.3316 pedestrian
463 10.4830 0.0349 pedestrian
464 14.0516 0.3316 pedestrian
464 10.4830 0.0349 pedestrian
465 14.0516 0.3316 pedestrian
465 10.4830 0.0349 pedestrian
466 14.0516 0.3316 pedestrian
466 10.2599 0.0698 pedestrian
467 14.0516 0.3316 pedestrian
467 10.2599 0.0698 pedestrian
468 14.0516 0.3316 pedestrian
468 10.2599 0.0698 pedestrian
469 14.2747 0.3316 pedestrian
469 10.2599 0.0698 pedestrian
470 14.2747 0.3316 pedestrian
470 10.2599 0.0698 pedestrian
471 14.2747 0.3316 pedestrian
471 10.2599 0.0698 pedestrian
472 14.2747 0.3142 pedestrian
472 10.2599 0.0698 pedestrian
473 14.2747 0.3142 pedestrian
473 10.2599 0.0698 pedestrian
474 14.2747 0.3142 pedestrian
474 10.2599 0.0698 pedestrian
475 14.2747 0.3142 pedestrian
475 10.2599 0.0698 pedestrian
476 14.2747 0.2967 pedestrian
476 10.2599 0.1047 pedestrian
477 14.2747 0.2967 pedestrian
477 10.2599 0.1047 pedestrian
478 14.2747 0.2967 pedestrian
478 10.2599 0.1222 pedestrian
479 14.2747 0.2967 pedestrian
479 10.2599 0.1222 pedestrian
480 14.4977 0.2967 pedestrian
480 10.2599 0.1222 pedestrian
481 14.4977 0.2967 pedestrian
481 10.2599 0.1222 pedestrian
482 14.4977 0.2967 pedestrian
482 10.0369 0.1396 pedestrian
483 14.7208 0.2793 pedestrian
483 10.0369 0.1396 pedestrian
484 14.7208 0.2793 pedestrian
484 10.0369 0.1396 pedestrian
485 14.7208 0.2793 pedestrian
485 10.2599 0.1571 pedestrian
486 14.7208 0.2793 pedestrian
486 10.2599 0.1571 pedestrian
487 14.7208 0.2793 pedestrian
487 10.0369 0.1571 pedestrian
488 14.7208 0.2793 pedestrian
488 10.0369 0.1571 pedestrian
489 14.7208 0.2793 pedestrian
489 10.0369 0.1571 pedestrian
490 14.7208 0.2793 pedestrian
490 10.0369 0.1571 pedestrian
491 14.9438 0.2793 pedestrian
491 10.0369 0.1571 pedestrian
492 14.7208 0.2793 pedestrian
492 10.0369 0.1571 pedestrian
493 14.9438 0.2618 pedestrian
493 10.0369 0.1745 pedestrian
494 14.9438 0.2618 pedestrian
494 10.0369 0.1745 pedestrian
495 14.9438 0.2618 pedestrian
495 10.0369 0.1920 pedestrian
496 14.9438 0.2618 pedestrian
496 10.0369 0.1920 pedestrian
497 14.9438 0.2618 pedestrian
497 10.0369 0.1920 pedestrian
498 14.9438 0.2618 pedestrian
498 10.0369 0.1920 pedestrian
499 14.9438 0.2618 pedestrian
499 10.0369 0.1920 pedestrian
500 14.9438 0.2618 pedestrian
500 10.0369 0.1920 pedestrian
501 14.9438 0.2618 pedestrian
501 10.0369 0.1920 pedestrian
502 14.9438 0.2618 pedestrian
502 10.0369 0.1920 pedestrian
503 14.9438 0.2618 pedestrian
503 10.0369 0.1920 pedestrian
504 14.9438 0.2618 pedestrian
504 10.0369 0.1920 pedestrian
505 14.9438 0.2618 pedestrian
505 10.0369 0.2269 pedestrian
506 14.9438 0.2618 pedestrian
506 10.0369 0.2269 pedestrian
507 14.9438 0.2269 pedestrian
507 10.0369 0.2269 pedestrian
508 14.9438 0.2269 pedestrian
508 10.0369 0.2269 pedestrian
509 14.9438 0.2269 pedestrian
509 10.0369 0.2269 pedestrian
510 14.9438 0.2269 pedestrian
510 10.2599 0.2443 pedestrian
511 14.9438 0.2269 pedestrian
511 10.2599 0.2443 pedestrian
512 15.1668 0.2094 pedestrian
512 10.0369 0.2443 pedestrian
513 15.1668 0.2094 pedestrian
513 10.0369 0.2443 pedestrian
514 15.1668 0.2094 pedestrian
514 10.0369 0.2443 pedestrian
515 15.1668 0.2094 pedestrian
515 10.0369 0.2443 pedestrian
516 15.1668 0.2094 pedestrian
516 10.0369 0.2443 pedestrian
517 15.1668 0.2094 pedestrian
517 10.0369 0.2443 pedestrian
518 15.1668 0.2094 pedestrian
518 10.0369 0.2793 pedestrian
519 15.1668 0.2094 pedestrian
519 10.0369 0.2793 pedestrian
520 15.1668 0.2094 pedestrian
520 10.0369 0.2793 pedestrian
521 15.1668 0.2094 pedestrian
521 10.0369 0.2793 pedestrian
522 15.1668 0.2094 pedestrian
522 10.0369 0.2793 pedestrian
523 15.1668 0.1920 pedestrian
523 10.0369 0.2967 pedestrian
524 15.1668 0.1920 pedestrian
524 10.0369 0.2967 pedestrian
525 15.1668 0.1920 pedestrian
525 10.0369 0.2967 pedestrian
526 15.1668 0.1745 pedestrian
526 10.0369 0.2967 pedestrian
527 15.1668 0.1745 pedestrian
527 10.0369 0.2967 pedestrian
528 15.1668 0.1745 pedestrian
528 10.0369 0.3316 pedestrian
529 15.1668 0.1745 pedestrian
529 10.0369 0.3316 pedestrian
530 15.1668 0.1745 pedestrian
530 10.0369 0.3316 pedestrian
531 15.1668 0.1745 pedestrian
531 10.0369 0.3316 pedestrian
532 15.1668 0.1745 pedestrian
532 10.0369 0.3316 pedestrian
533 15.1668 0.1745 pedestrian
533 10.2599 0.3491 pedestrian
534 15.1668 0.1745 pedestrian
534 10.2599 0.3491 pedestrian
535 15.1668 0.1745 pedestrian
535 10.2599 0.3491 pedestrian
536 15.1668 0.1745 pedestrian
536 10.2599 0.3491 pedestrian
537 15.1668 0.1745 pedestrian
537 10.2599 0.3491 pedestrian
538 15.1668 0.1745 pedestrian
538 10.2599 0.3491 pedestrian
539 15.1668 0.1745 pedestrian
539 10.2599 0.3491 pedestrian
540 15.1668 0.1745 pedestrian
540 10.2599 0.3491 pedestrian
541 15.1668 0.1745 pedestrian
541 10.2599 0.3665 pedestrian
542 15.1668 0.1745 pedestrian
542 10.2599 0.3665 pedestrian
543 14.9438 0.1396 pedestrian
543 10.2599 0.3665 pedestrian
544 14.9438 0.1396 pedestrian
544 10.2599 0.3665 pedestrian
545 14.9438 0.1396 pedestrian
545 10.2599 0.3665 pedestrian
546 14.9438 0.1396 pedestrian
546 10.2599 0.4014 pedestrian
547 14.9438 0.1396 pedestrian
547 10.2599 0.4014 pedestrian
548 14.9438 0.1396 pedestrian
548 10.2599 0.4014 pedestrian
549 14.9438 0.1396 pedestrian
549 10.2599 0.4014 pedestrian
550 14.9438 0.1396 pedestrian
550 10.2599 0.4014 pedestrian
551 14.9438 0.1396 pedestrian
551 10.2599 0.4014 pedestrian
552 14.9438 0.1047 pedestrian
552 10.2599 0.4014 pedestrian
553 14.9438 0.1047 pedestrian
553 10.2599 0.4014 pedestrian
554 14.9438 0.1047 pedestrian
554 10.4830 0.4189 pedestrian
555 14.9438 0.1047 pedestrian
555 10.4830 0.4189 pedestrian
556 14.9438 0.1047 pedestrian
556 10.4830 0.4189 pedestrian
557 14.9438 0.1047 pedestrian
557 10.4830 0.4189 pedestrian
558 14.9438 0.1047 pedestrian
558 10.4830 0.4189 pedestrian
559 14.9438 0.1047 pedestrian
559 10.4830 0.4189 pedestrian
560 14.9438 0.1047 pedestrian
560 10.4830 0.4189 pedestrian
561 14.9438 0.1047 pedestrian
561 10.4830 0.4189 pedestrian
562 14.9438 0.0873 pedestrian
562 10.4830 0.4538 pedestrian
563 14.9438 0.0873 pedestrian
563 10.4830 0.4538 pedestrian
564 14.9438 0.0873 pedestrian
564 10.4830 0.4538 pedestrian
565 14.9438 0.0873 pedestrian
565 10.4830 0.4538 pedestrian
566 14.9438 0.0873 pedestrian
566 10.7060 0.4538 pedestrian
567 14.9438 0.0873 pedestrian
567 10.7060 0.4538 pedestrian
568 14.9438 0.0873 pedestrian
568 10.7060 0.4538 pedestrian
569 14.9438 0.0873 pedestrian
569 10.7060 0.4538 pedestrian
570 14.9438 0.0873 pedestrian
570 10.7060 0.4538 pedestrian
571 14.7208 0.0698 pedestrian
571 10.7060 0.4538 pedestrian
572 14.7208 0.0698 pedestrian
572 10.7060 0.4538 pedestrian
573 14.7208 0.0698 pedestrian
573 10.7060 0.4538 pedestrian
574 14.7208 0.0698 pedestrian
574 10.7060 0.4538 pedestrian
575 14.7208 0.0698 pedestrian
575 10.7060 0.4538 pedestrian
576 14.7208 0.0698 pedestrian
576 10.7060 0.4538 pedestrian
577 14.4977 0.0524 pedestrian
577 10.7060 0.4538 pedestrian
578 14.4977 0.0524 pedestrian
578 10.7060 0.4538 pedestrian
579 14.4977 0.0524 pedestrian
579 10.7060 0.4538 pedestrian
580 14.4977 0.0524 pedestrian
580 10.7060 0.4538 pedestrian
581 14.4977 0.0524 pedestrian
581 10.7060 0.4538 pedestrian
582 14.4977 0.0524 pedestrian
582 10.7060 0.4538 pedestrian
583 14.4977 0.0524 pedestrian
583 10.7060 0.4538 pedestrian
584 14.4977 0.0524 pedestrian
584 10.7060 0.4538 pedestrian
585 14.2747 0.0349 pedestrian
585 10.7060 0.4712 pedestrian
586 14.2747 0.0349 pedestrian
586 10.7060 0.4712 pedestrian
587 14.2747 0.0349 pedestrian
587 10.7060 0.4712 pedestrian
588 14.2747 0.0349 pedestrian
588 10.7060 0.4712 pedestrian
589 14.2747 0.0349 pedestrian
589 10.7060 0.4712 pedestrian
590 14.2747 0.0349 pedestrian
590 10.7060 0.4712 pedestrian
591 14.2747 0.0349 pedestrian
591 10.7060 0.4712 pedestrian
592 14.2747 0.0349 pedestrian
592 10.7060 0.4712 pedestrian
593 14.2747 0.0349 pedestrian
593 10.7060 0.4712 pedestrian
594 14.2747 0.0349 pedestrian
594 10.7060 0.4712 pedestrian
595 14.2747 0.0349 pedestrian
595 10.7060 0.4712 pedestrian
596 14.2747 0.0349 pedestrian
596 10.7060 0.4712 pedestrian
597 14.0516 0.0349 pedestrian
597 10.7060 0.4887 pedestrian
598 14.0516 0.0349 pedestrian
598 10.7060 0.4887 pedestrian
599 13.8286 0.0175 pedestrian
599 10.7060 0.4887 pedestrian
600 13.8286 0.0175 pedestrian
600 10.7060 0.4887 pedestrian
601 13.8286 0.0175 pedestrian
601 10.7060 0.4887 pedestrian
602 13.8286 0.0175 pedestrian
602 10.7060 0.4887 pedestrian
603 13.8286 0.0175 pedestrian
603 10.7060 0.4887 pedestrian
604 13.8286 0.0175 pedestrian
604 10.4830 0.4887 pedestrian
605 13.8286 0.0175 pedestrian
605 10.4830 0.4887 pedestrian
606 13.8286 0.0175 pedestrian
606 10.4830 0.4887 pedestrian
607 13.6056 0.0000 pedestrian
607 10.4830 0.4887 pedestrian
608 13.6056 0.0000 pedestrian
608 10.4830 0.4887 pedestrian
609 13.6056 0.0000 pedestrian
609 10.4830 0.4887 pedestrian
610 13.6056 0.0000 pedestrian
610 10.4830 0.4887 pedestrian
611 13.6056 0.0000 pedestrian
611 10.4830 0.4887 pedestrian
612 13.6056 0.0000 pedestrian
612 10.4830 0.4887 pedestrian
613 13.3825 -0.0175 pedestrian
613 10.4830 0.4887 pedestrian
614 13.3825 -0.0175 pedestrian
614 10.2599 0.4712 pedestrian
615 13.3825 -0.0175 pedestrian
615 10.2599 0.4712 pedestrian
616 13.3825 -0.0175 pedestrian
616 10.2599 0.4712 pedestrian
617 13.3825 -0.0175 pedestrian
617 10.2599 0.4712 pedestrian
618 13.1595 -0.0175 pedestrian
618 10.2599 0.4712 pedestrian
619 13.1595 -0.0175 pedestrian
619 10.0369 0.4538 pedestrian
620 13.1595 -0.0175 pedestrian
620 10.0369 0.4538 pedestrian
621 13.1595 -0.0175 pedestrian
621 10.0369 0.4538 pedestrian
622 13.1595 -0.0175 pedestrian
622 10.0369 0.4538 pedestrian
623 13.1595 -0.0175 pedestrian
623 10.0369 0.4538 pedestrian
624 12.9364 -0.0175 pedestrian
624 10.0369 0.4538 pedestrian
625 12.9364 -0.0175 pedestrian
625 10.0369 0.4538 pedestrian
626 12.9364 -0.0175 pedestrian
626 10.0369 0.4538 pedestrian
627 12.9364 -0.0175 pedestrian
627 10.0369 0.4538 pedestrian
628 12.9364 -0.0175 pedestrian
628 10.0369 0.4538 pedestrian
629 12.9364 -0.0175 pedestrian
629 10.0369 0.4538 pedestrian
630 12.7134 -0.0175 pedestrian
630 9.8138 0.4538 pedestrian
631 12.7134 -0.0175 pedestrian
631 9.8138 0.4538 pedestrian
632 12.7134 -0.0175 pedestrian
632 9.8138 0.4538 pedestrian
633 12.7134 -0.0175 pedestrian
633 9.8138 0.4538 pedestrian
634 12.7134 -0.0175 pedestrian
634 9.8138 0.4538 pedestrian
635 12.7134 -0.0175 pedestrian
635 9.8138 0.4538 pedestrian
636 12.4903 -0.0175 pedestrian
636 9.5908 0.4363 pedestrian
637 12.4903 -0.0175 pedestrian
637 9.5908 0.4363 pedestrian
638 12.4903 -0.0175 pedestrian
638 9.5908 0.4363 pedestrian
639 12.4903 -0.0175 pedestrian
639 9.5908 0.4363 pedestrian
640 12.2673 -0.0175 pedestrian
640 9.5908 0.4363 pedestrian
641 12.2673 -0.0175 pedestrian
641 9.5908 0.4363 pedestrian
642 12.2673 -0.0175 pedestrian
642 9.3678 0.4189 pedestrian
643 12.2673 -0.0175 pedestrian
643 9.3678 0.4189 pedestrian
644 12.2673 -0.0175 pedestrian
644 9.3678 0.4189 pedestrian
645 12.2673 -0.0175 pedestrian
645 9.3678 0.4189 pedestrian
646 12.0443 -0.0175 pedestrian
646 9.3678 0.4189 pedestrian
647 12.0443 -0.0175 pedestrian
647 9.3678 0.4189 pedestrian
648 12.0443 -0.0175 pedestrian
648 9.3678 0.4189 pedestrian
649 12.0443 -0.0175 pedestrian
649 9.3678 0.4189 pedestrian
650 11.8212 -0.0175 pedestrian
650 9.3678 0.3840 pedestrian
651 11.8212 -0.0175 pedestrian
651 9.3678 0.3840 pedestrian
652 11.8212 -0.0175 pedestrian
652 9.1447 0.3840 pedestrian
653 11.8212 -0.0175 pedestrian
653 9.1447 0.3840 pedestrian
654 11.8212 -0.0175 pedestrian
654 9.1447 0.3840 pedestrian
655 11.8212 -0.0175 pedestrian
655 9.1447 0.3840 pedestrian
656 11.8212 -0.0175 pedestrian
656 9.1447 0.3840 pedestrian
657 11.8212 -0.0175 pedestrian
657 9.1447 0.3840 pedestrian
658 11.5982 -0.0175 pedestrian
658 9.1447 0.3840 pedestrian
659 11.5982 -0.0175 pedestrian
659 9.1447 0.3840 pedestrian
660 11.5982 -0.0175 pedestrian
660 8.9217 0.3665 pedestrian
661 11.5982 -0.0175 pedestrian
661 8.9217 0.3665 pedestrian
662 11.5982 -0.0175 pedestrian
662 8.9217 0.3665 pedestrian
663 11.5982 -0.0175 pedestrian
663 8.9217 0.3665 pedestrian
664 11.3751 -0.0175 pedestrian
664 8.9217 0.3665 pedestrian
665 11.3751 -0.0175 pedestrian
665 8.9217 0.3665 pedestrian
666 11.3751 -0.0175 pedestrian
666 8.9217 0.3665 pedestrian
667 11.3751 -0.0175 pedestrian
667 8.6986 0.3665 pedestrian
668 11.3751 -0.0175 pedestrian
668 8.6986 0.3665 pedestrian
669 11.1521 -0.0175 pedestrian
669 8.6986 0.3665 pedestrian
670 11.1521 -0.0175 pedestrian
670 8.6986 0.3665 pedestrian
671 11.1521 -0.0175 pedestrian
671 8.6986 0.3665 pedestrian
672 11.1521 -0.0175 pedestrian
672 8.6986 0.3491 pedestrian
673 11.1521 -0.0175 pedestrian
673 8.6986 0.3491 pedestrian
674 11.1521 -0.0175 pedestrian
674 8.6986 0.3491 pedestrian
675 10.9290 -0.0175 pedestrian
675 8.6986 0.3316 pedestrian
676 10.9290 -0.0175 pedestrian
676 8.6986 0.3316 pedestrian
677 10.9290 -0.0175 pedestrian
677 8.6986 0.3316 pedestrian
678 10.9290 -0.0175 pedestrian
678 8.4756 0.3142 pedestrian
679 10.9290 -0.0175 pedestrian
679 8.4756 0.3142 pedestrian
680 10.9290 -0.0175 pedestrian
680 8.4756 0.3142 pedestrian
681 10.7060 -0.0175 pedestrian
681 8.4756 0.3142 pedestrian
682 10.7060 -0.0175 pedestrian
682 8.4756 0.3142 pedestrian
683 10.7060 -0.0175 pedestrian
683 8.4756 0.3142 pedestrian
684 10.7060 -0.0175 pedestrian
684 8.4756 0.3142 pedestrian
685 10.7060 -0.0175 pedestrian
685 8.4756 0.2967 pedestrian
686 10.7060 -0.0175 pedestrian
686 8.4756 0.2967 pedestrian
687 10.4830 -0.0175 pedestrian
687 8.2525 0.2618 pedestrian
688 10.4830 -0.0175 pedestrian
688 8.2525 0.2618 pedestrian
689 10.4830 -0.0175 pedestrian
689 8.2525 0.2618 pedestrian
690 10.4830 -0.0175 pedestrian
690 8.2525 0.2618 pedestrian
691 10.4830 -0.0175 pedestrian
691 8.2525 0.2618 pedestrian
692 10.4830 -0.0175 pedestrian
692 8.2525 0.2618 pedestrian
693 10.2599 -0.0175 pedestrian
693 8.2525 0.2618 pedestrian
694 10.2599 -0.0175 pedestrian
694 8.2525 0.2618 pedestrian
695 10.2599 -0.0175 pedestrian
695 8.2525 0.2618 pedestrian
696 10.2599 -0.0175 pedestrian
696 8.2525 0.2618 pedestrian
697 10.2599 -0.0175 pedestrian
697 8.2525 0.2618 pedestrian
698 10.0369 -0.0175 pedestrian
698 8.2525 0.2443 pedestrian
699 10.0369 -0.0175 pedestrian
699 8.2525 0.2443 pedestrian
700 10.0369 -0.0175 pedestrian
700 8.2525 0.2443 pedestrian
701 10.0369 -0.0175 pedestrian
701 8.2525 0.2443 pedestrian
702 10.0369 -0.0175 pedestrian
702 8.2525 0.2443 pedestrian
703 10.0369 -0.0175 pedestrian
703 8.2525 0.2269 pedestrian
704 10.0369 -0.0175 pedestrian
704 8.2525 0.2269 pedestrian
705 9.8138 -0.0175 pedestrian
705 8.2525 0.2269 pedestrian
706 9.8138 -0.0175 pedestrian
706 8.2525 0.2269 pedestrian
707 9.8138 -0.0175 pedestrian
707 8.2525 0.2269 pedestrian
708 9.8138 -0.0175 pedestrian
708 8.2525 0.2269 pedestrian
709 9.5908 -0.0349 pedestrian
709 8.0295 0.2094 pedestrian
710 9.5908 -0.0349 pedestrian
710 8.0295 0.2094 pedestrian
711 9.5908 -0.0349 pedestrian
711 8.0295 0.2094 pedestrian
712 9.5908 -0.0349 pedestrian
712 8.0295 0.1920 pedestrian
713 9.5908 -0.0349 pedestrian
713 8.0295 0.1920 pedestrian
714 9.5908 -0.0349 pedestrian
714 8.0295 0.1920 pedestrian
715 9.5908 -0.0349 pedestrian
715 8.0295 0.1920 pedestrian
716 9.5908 -0.0349 pedestrian
716 8.0295 0.1920 pedestrian
717 9.5908 -0.0349 pedestrian
717 8.0295 0.1920 pedestrian
718 9.5908 -0.0349 pedestrian
718 8.0295 0.1920 pedestrian
719 9.5908 -0.0349 pedestrian
719 8.0295 0.1571 pedestrian
720 9.5908 -0.0349 pedestrian
720 8.0295 0.1571 pedestrian
721 9.5908 -0.0349 pedestrian
721 8.0295 0.1571 pedestrian
722 9.1447 -0.0524 pedestrian
722 8.0295 0.1396 pedestrian
723 9.1447 -0.0524 pedestrian
723 8.0295 0.1396 pedestrian
724 9.1447 -0.0524 pedestrian
724 8.0295 0.1396 pedestrian
725 9.1447 -0.0524 pedestrian
725 8.0295 0.1396 pedestrian
726 9.1447 -0.0524 pedestrian
726 8.0295 0.1396 pedestrian
727 9.1447 -0.0524 pedestrian
727 8.0295 0.1396 pedestrian
728 9.1447 -0.0524 pedestrian
728 8.0295 0.1396 pedestrian
729 9.1447 -0.0524 pedestrian
729 8.0295 0.1396 pedestrian
730 9.1447 -0.0524 pedestrian
730 8.0295 0.1222 pedestrian
731 9.1447 -0.0524 pedestrian
731 8.0295 0.1222 pedestrian
732 9.1447 -0.0524 pedestrian
732 8.0295 0.1222 pedestrian
733 8.9217 -0.0524 pedestrian
733 8.0295 0.1222 pedestrian
734 8.9217 -0.0524 pedestrian
734 8.0295 0.1222 pedestrian
735 8.9217 -0.0524 pedestrian
735 8.0295 0.1222 pedestrian
736 8.9217 -0.0524 pedestrian
736 8.0295 0.1222 pedestrian
737 8.9217 -0.0524 pedestrian
737 8.0295 0.1222 pedestrian
738 8.6986 -0.0524 pedestrian
738 8.0295 0.1222 pedestrian
739 8.6986 -0.0524 pedestrian
739 8.0295 0.1222 pedestrian
740 8.6986 -0.0524 pedestrian
740 8.2525 0.1047 pedestrian
741 8.6986 -0.0524 pedestrian
741 8.2525 0.1047 pedestrian
742 8.6986 -0.0524 pedestrian
742 8.2525 0.1047 pedestrian
743 8.6986 -0.0524 pedestrian
743 8.2525 0.1047 pedestrian
744 8.6986 -0.0524 pedestrian
744 8.2525 0.1047 pedestrian
745 8.6986 -0.0524 pedestrian
745 8.2525 0.1047 pedestrian
746 8.4756 -0.0698 pedestrian
746 8.2525 0.1047 pedestrian
747 8.4756 -0.0698 pedestrian
747 8.2525 0.1047 pedestrian
748 8.4756 -0.0698 pedestrian
748 8.2525 0.1047 pedestrian
749 8.4756 -0.0698 pedestrian
749 8.2525 0.0698 pedestrian
750 8.4756 -0.0698 pedestrian
750 8.2525 0.0524 pedestrian
751 8.4756 -0.0349 pedestrian
751 8.0295 0.0175 pedestrian
752 8.4756 -0.0349 pedestrian
752 8.0295 0.0175 pedestrian
753 8.4756 0.0000 pedestrian
753 8.2525 -0.0524 pedestrian
754 8.4756 0.0175 pedestrian
754 8.2525 -0.0524 pedestrian
755 8.4756 0.0175 pedestrian
755 8.0295 -0.0698 pedestrian
756 8.4756 0.0175 pedestrian
756 8.0295 -0.0698 pedestrian
757 8.4756 0.0175 pedestrian
757 8.0295 -0.0698 pedestrian
758 8.4756 0.0175 pedestrian
758 8.0295 -0.0698 pedestrian
759 8.4756 0.0175 pedestrian
759 8.0295 -0.0698 pedestrian
760 8.4756 0.0175 pedestrian
760 8.0295 -0.0698 pedestrian
761 8.4756 0.0175 pedestrian
761 8.0295 -0.0698 pedestrian
762 8.4756 0.0175 pedestrian
762 8.0295 -0.0698 pedestrian
763 8.4756 0.0175 pedestrian
763 7.8065 -0.0698 pedestrian
764 7.8065 -0.0175 pedestrian
764 8.4756 0.0349 pedestrian
765 8.6986 0.0175 pedestrian
765 7.8065 -0.0698 pedestrian
766 8.6986 0.0175 pedestrian
766 7.8065 -0.0698 pedestrian
767 8.6986 0.0175 pedestrian
767 7.8065 -0.0698 pedestrian
768 8.6986 0.0175 pedestrian
768 7.8065 -0.0698 pedestrian
769 8.6986 0.0175 pedestrian
769 7.8065 -0.0698 pedestrian
770 8.6986 0.0175 pedestrian
770 7.8065 -0.0698 pedestrian
771 8.6986 0.0175 pedestrian
771 7.5834 -0.0698 pedestrian
772 8.6986 0.0000 pedestrian
772 7.5834 -0.0698 pedestrian
773 8.6986 0.0000 pedestrian
773 7.5834 -0.0698 pedestrian
774 8.6986 0.0000 pedestrian
774 7.5834 -0.0698 pedestrian
775 8.6986 0.0000 pedestrian
775 7.5834 -0.0698 pedestrian
776 8.9217 -0.0349 pedestrian
776 7.3604 -0.0698 pedestrian
777 8.9217 -0.0349 pedestrian
777 7.3604 -0.0698 pedestrian
778 8.9217 -0.0349 pedestrian
778 7.3604 -0.0698 pedestrian
779 8.9217 -0.0349 pedestrian
779 7.3604 -0.0698 pedestrian
780 8.9217 -0.0349 pedestrian
780 7.3604 -0.0698 pedestrian
781 8.9217 -0.0349 pedestrian
781 7.3604 -0.0698 pedestrian
782 8.9217 -0.0349 pedestrian
782 7.3604 -0.0698 pedestrian
783 8.9217 -0.0698 pedestrian
783 7.3604 -0.0698 pedestrian
784 8.9217 -0.0698 pedestrian
784 7.1373 -0.0698 pedestrian
785 8.9217 -0.0698 pedestrian
785 7.1373 -0.0698 pedestrian
786 8.6986 -0.0698 pedestrian
786 7.1373 -0.0698 pedestrian
787 8.6986 -0.0698 pedestrian
787 7.1373 -0.0698 pedestrian
788 8.6986 -0.0698 pedestrian
788 7.1373 -0.0698 pedestrian
789 8.6986 -0.0698 pedestrian
789 7.1373 -0.0698 pedestrian
790 8.6986 -0.0698 pedestrian
790 7.1373 -0.0698 pedestrian
791 8.6986 -0.0698 pedestrian
791 7.1373 -0.0698 pedestrian
792 8.6986 -0.1047 pedestrian
792 7.1373 -0.0698 pedestrian
793 8.6986 -0.1047 pedestrian
793 7.1373 -0.0698 pedestrian
794 8.9217 -0.1222 pedestrian
794 6.9143 -0.0349 pedestrian
795 8.9217 -0.1222 pedestrian
795 6.9143 -0.0349 pedestrian
796 8.9217 -0.1222 pedestrian
796 6.9143 -0.0349 pedestrian
797 8.9217 -0.1222 pedestrian
797 6.6913 0.0000 pedestrian
798 8.9217 -0.1222 pedestrian
798 6.6913 0.0000 pedestrian
799 8.9217 -0.1222 pedestrian
799 6.6913 0.0000 pedestrian
800 8.9217 -0.1222 pedestrian
800 6.6913 0.0000 pedestrian
801 8.9217 -0.1222 pedestrian
801 6.6913 0.0000 pedestrian
802 8.9217 -0.1222 pedestrian
802 6.6913 0.0000 pedestrian
803 8.9217 -0.1222 pedestrian
803 6.6913 0.0000 pedestrian
804 8.6986 -0.1571 pedestrian
804 6.6913 0.0000 pedestrian
805 8.6986 -0.1571 pedestrian
805 6.6913 0.0000 pedestrian
806 8.6986 -0.1571 pedestrian
806 6.6913 0.0000 pedestrian
807 8.9217 -0.1571 pedestrian
807 6.6913 0.0000 pedestrian
808 8.9217 -0.1571 pedestrian
808 6.6913 0.0000 pedestrian
809 8.9217 -0.1571 pedestrian
809 6.6913 0.0524 pedestrian
810 8.9217 -0.1571 pedestrian
810 6.6913 0.0524 pedestrian
811 8.9217 -0.1571 pedestrian
811 6.6913 0.0524 pedestrian
812 8.9217 -0.1571 pedestrian
812 6.6913 0.0524 pedestrian
813 8.9217 -0.1571 pedestrian
813 6.6913 0.0524 pedestrian
814 8.9217 -0.1571 pedestrian
814 6.6913 0.0698 pedestrian
815 8.9217 -0.1571 pedestrian
815 6.6913 0.0698 pedestrian
816 8.9217 -0.1571 pedestrian
816 6.6913 0.0698 pedestrian
817 8.9217 -0.2094 pedestrian
817 6.6913 0.1222 pedestrian
818 8.9217 -0.2094 pedestrian
818 6.6913 0.1222 pedestrian
819 8.9217 -0.2094 pedestrian
819 6.4682 0.1222 pedestrian
820 8.9217 -0.2094 pedestrian
820 6.4682 0.1222 pedestrian
821 8.9217 -0.2094 pedestrian
821 6.4682 0.1222 pedestrian
822 8.9217 -0.2094 pedestrian
822 6.4682 0.1222 pedestrian
823 8.9217 -0.2443 pedestrian
823 6.4682 0.1222 pedestrian
824 8.9217 -0.2443 pedestrian
824 6.4682 0.1222 pedestrian
825 8.9217 -0.2443 pedestrian
825 6.4682 0.1222 pedestrian
826 8.9217 -0.2443 pedestrian
826 6.4682 0.1222 pedestrian
827 8.9217 -0.2443 pedestrian
827 6.6913 0.1396 pedestrian
828 8.9217 -0.2443 pedestrian
828 6.6913 0.1396 pedestrian
829 8.9217 -0.2443 pedestrian
829 6.6913 0.1396 pedestrian
830 8.9217 -0.2443 pedestrian
830 6.4682 0.1745 pedestrian
831 8.9217 -0.2443 pedestrian
831 6.4682 0.1745 pedestrian
832 8.9217 -0.2443 pedestrian
832 6.4682 0.1745 pedestrian
833 8.9217 -0.2443 pedestrian
833 6.4682 0.1745 pedestrian
834 8.9217 -0.2443 pedestrian
834 6.6913 0.1920 pedestrian
835 8.9217 -0.2443 pedestrian
835 6.6913 0.1920 pedestrian
836 8.9217 -0.2967 pedestrian
836 6.6913 0.1920 pedestrian
837 8.9217 -0.2967 pedestrian
837 6.6913 0.1920 pedestrian
838 8.9217 -0.2967 pedestrian
838 6.6913 0.1920 pedestrian
839 8.9217 -0.2967 pedestrian
839 6.6913 0.1920 pedestrian
840 8.9217 -0.2967 pedestrian
840 6.6913 0.1920 pedestrian
841 8.9217 -0.2967 pedestrian
841 6.6913 0.1920 pedestrian
842 8.9217 -0.3316 pedestrian
842 6.6913 0.2443 pedestrian
843 8.9217 -0.3316 pedestrian
843 6.6913 0.2443 pedestrian
844 8.9217 -0.3316 pedestrian
844 6.6913 0.2443 pedestrian
845 9.1447 -0.3316 pedestrian
845 7.1373 0.2443 pedestrian
846 9.1447 -0.3316 pedestrian
846 7.1373 0.2443 pedestrian
847 9.1447 -0.3316 pedestrian
847 7.1373 0.2443 pedestrian
848 9.1447 -0.3316 pedestrian
848 7.1373 0.2443 pedestrian
849 9.1447 -0.3316 pedestrian
849 7.1373 0.2443 pedestrian
850 9.1447 -0.3316 pedestrian
850 7.1373 0.2443 pedestrian
851 9.1447 -0.3316 pedestrian
851 7.1373 0.2443 pedestrian
852 9.1447 -0.3316 pedestrian
852 7.1373 0.2793 pedestrian
853 9.1447 -0.3316 pedestrian
853 7.1373 0.2793 pedestrian
854 9.1447 -0.3316 pedestrian
854 7.1373 0.2793 pedestrian
855 9.1447 -0.3316 pedestrian
855 7.1373 0.2793 pedestrian
856 9.1447 -0.3316 pedestrian
856 7.1373 0.2793 pedestrian
857 9.1447 -0.3840 pedestrian
857 7.1373 0.2793 pedestrian
858 9.1447 -0.3840 pedestrian
858 7.1373 0.2793 pedestrian
859 9.1447 -0.3840 pedestrian
859 7.1373 0.2793 pedestrian
860 9.1447 -0.3840 pedestrian
860 7.1373 0.2793 pedestrian
861 9.1447 -0.3840 pedestrian
861 7.1373 0.3142 pedestrian
862 9.1447 -0.3840 pedestrian
862 7.1373 0.3142 pedestrian
863 9.1447 -0.3840 pedestrian
863 7.1373 0.3142 pedestrian
864 9.1447 -0.4189 pedestrian
864 7.1373 0.3142 pedestrian
865 9.1447 -0.4189 pedestrian
865 7.1373 0.3142 pedestrian
866 9.1447 -0.4189 pedestrian
866 7.1373 0.3142 pedestrian
867 9.1447 -0.4189 pedestrian
867 7.1373 0.3142 pedestrian
868 9.1447 -0.4189 pedestrian
868 7.1373 0.3142 pedestrian
869 9.1447 -0.4189 pedestrian
869 7.1373 0.3142 pedestrian
870 9.1447 -0.4363 pedestrian
870 7.1373 0.3316 pedestrian
871 9.1447 -0.4363 pedestrian
871 7.1373 0.3316 pedestrian
872 9.1447 -0.4538 pedestrian
872 7.1373 0.3665 pedestrian
873 9.1447 -0.4538 pedestrian
873 7.1373 0.3665 pedestrian
874 9.1447 -0.4538 pedestrian
874 7.1373 0.3665 pedestrian
875 9.1447 -0.4538 pedestrian
875 7.1373 0.3665 pedestrian
876 9.1447 -0.4538 pedestrian
876 7.1373 0.3665 pedestrian
877 9.1447 -0.4538 pedestrian
877 7.1373 0.3665 pedestrian
878 9.1447 -0.4538 pedestrian
878 7.1373 0.3665 pedestrian
879 9.1447 -0.4538 pedestrian
879 7.1373 0.3665 pedestrian
880 9.1447 -0.4538 pedestrian
880 7.1373 0.3665 pedestrian
881 9.1447 -0.4538 pedestrian
881 7.1373 0.3665 pedestrian
882 9.1447 -0.4538 pedestrian
882 7.1373 0.3665 pedestrian
883 9.1447 -0.4538 pedestrian
883 7.1373 0.3665 pedestrian
884 9.1447 -0.4538 pedestrian
884 7.1373 0.3665 pedestrian
885 9.1447 -0.4538 pedestrian
885 7.1373 0.3665 pedestrian
886 9.3678 -0.4887 pedestrian
886 7.1373 0.3665 pedestrian
887 9.3678 -0.4887 pedestrian
887 7.1373 0.3665 pedestrian
888 9.3678 -0.4887 pedestrian
888 7.1373 0.3665 pedestrian
889 9.3678 -0.4887 pedestrian
889 7.1373 0.3665 pedestrian
890 9.3678 -0.4887 pedestrian
890 7.1373 0.3665 pedestrian
891 9.3678 -0.4887 pedestrian
891 7.1373 0.3665 pedestrian
892 9.3678 -0.4887 pedestrian
892 7.1373 0.3665 pedestrian
893 9.1447 -0.5061 pedestrian
893 7.1373 0.4189 pedestrian
894 9.1447 -0.5061 pedestrian
894 7.1373 0.4189 pedestrian
895 9.1447 -0.5061 pedestrian
895 7.1373 0.4189 pedestrian
896 9.1447 -0.5061 pedestrian
896 7.1373 0.4189 pedestrian
897 9.1447 -0.5061 pedestrian
897 7.1373 0.4189 pedestrian
898 9.1447 -0.5061 pedestrian
898 7.1373 0.4189 pedestrian
899 9.1447 -0.5061 pedestrian
899 6.9143 0.4189 pedestrian
