0 18.0664 0.1047 cyclist
1 17.8433 0.0873 cyclist
2 18.0664 0.1047 cyclist
3 18.0664 0.1047 cyclist
4 18.0664 0.1047 cyclist
5 18.0664 0.1047 cyclist
6 18.0664 0.1047 cyclist
7 18.0664 0.1047 cyclist
8 18.0664 0.1571 cyclist
9 18.0664 0.1571 cyclist
10 18.0664 0.1571 cyclist
11 18.0664 0.1571 cyclist
12 18.0664 0.1571 cyclist
13 18.0664 0.1571 cyclist
14 18.2894 0.1571 cyclist
15 18.0664 0.1571 cyclist
16 18.0664 0.1571 cyclist
17 18.2894 0.1745 cyclist
18 18.2894 0.1745 cyclist
19 18.2894 0.1745 cyclist
20 18.2894 0.1745 cyclist
21 18.7355 0.1571 cyclist
22 18.7355 0.1571 cyclist
23 18.7355 0.1571 cyclist
24 18.7355 0.1571 cyclist
25 18.7355 0.1571 cyclist
26 18.7355 0.1571 cyclist
27 18.7355 0.1571 cyclist
28 18.7355 0.1571 cyclist
29 18.7355 0.1571 cyclist
30 18.7355 0.1571 cyclist
31 18.7355 0.1571 cyclist
32 18.9586 0.1745 cyclist
33 18.9586 0.1745 cyclist
34 18.9586 0.1745 cyclist
35 18.9586 0.1745 cyclist
36 18.9586 0.1920 cyclist
37 18.9586 0.1920 cyclist
38 18.9586 0.1920 cyclist
39 19.4046 0.2094 cyclist
40 19.6277 0.2094 cyclist
41 19.6277 0.2094 cyclist
42 19.6277 0.2094 cyclist
43 19.6277 0.2094 cyclist
44 19.6277 0.2094 cyclist
45 19.6277 0.2094 cyclist
46 19.8507 0.1920 cyclist
47 19.8507 0.1920 cyclist
48 19.8507 0.1920 cyclist
49 19.8507 0.1920 cyclist
50 19.8507 0.1920 cyclist
51 19.8507 0.1920 cyclist
52 19.8507 0.1920 cyclist
53 20.0738 0.1920 cyclist
54 20.0738 0.1920 cyclist
55 20.0738 0.1920 cyclist
56 20.0738 0.1920 cyclist
57 20.0738 0.1920 cyclist
58 20.2968 0.1920 cyclist
59 20.2968 0.1920 cyclist
60 20.2968 0.1920 cyclist
61 20.2968 0.1920 cyclist
62 20.5198 0.1920 cyclist
63 20.5198 0.1920 cyclist
64 20.5198 0.1920 cyclist
65 20.5198 0.1920 cyclist
66 20.9659 0.1920 cyclist
67 20.9659 0.1920 cyclist
68 20.9659 0.1920 cyclist
69 20.9659 0.1920 cyclist
70 20.9659 0.1920 cyclist
71 20.9659 0.1920 cyclist
72 20.9659 0.1920 cyclist
73 21.4120 0.1745 cyclist
74 21.4120 0.1745 cyclist
75 21.4120 0.1745 cyclist
76 21.4120 0.1745 cyclist
77 21.4120 0.1745 cyclist
78 21.4120 0.1745 cyclist
79 21.4120 0.1745 cyclist
80 21.4120 0.1745 cyclist
81 21.4120 0.1571 cyclist
82 21.4120 0.1571 cyclist
83 21.4120 0.1571 cyclist
84 21.4120 0.1396 cyclist
85 21.6351 0.1047 cyclist
86 21.6351 0.1222 cyclist
87 21.6351 0.1222 cyclist
88 21.6351 0.1222 cyclist
89 21.6351 0.1222 cyclist
90 21.6351 0.1222 cyclist
91 21.6351 0.1222 cyclist
92 21.6351 0.1222 cyclist
93 21.6351 0.1047 cyclist
94 21.6351 0.1047 cyclist
95 21.6351 0.1047 cyclist
96 21.6351 0.1047 cyclist
97 21.6351 0.1047 cyclist
98 21.6351 0.1047 cyclist
99 21.6351 0.1047 cyclist
100 21.6351 0.1047 cyclist
101 21.6351 0.1047 cyclist
102 21.6351 0.0873 cyclist
103 21.6351 0.0873 cyclist
104 21.6351 0.0873 cyclist
105 21.6351 0.0873 cyclist
106 21.6351 0.0873 cyclist
107 21.6351 0.0873 cyclist
108 21.6351 0.0873 cyclist
109 21.4120 0.0524 cyclist
110 21.4120 0.0524 cyclist
111 21.4120 0.0524 cyclist
112 21.4120 0.0524 cyclist
113 21.4120 0.0524 cyclist
114 21.4120 0.0524 cyclist
115 21.4120 0.0524 cyclist
116 21.4120 0.0524 cyclist
117 21.4120 0.0349 cyclist
118 21.4120 0.0349 cyclist
119 21.4120 0.0349 cyclist
120 21.4120 0.0349 cyclist
121 21.4120 0.0349 cyclist
122 21.4120 0.0349 cyclist
123 21.4120 0.0349 cyclist
124 21.4120 0.0349 cyclist
125 21.4120 0.0349 cyclist
126 21.1890 0.0175 cyclist
127 21.1890 0.0175 cyclist
128 21.1890 0.0175 cyclist
129 21.1890 0.0175 cyclist
130 21.1890 0.0175 cyclist
131 21.1890 0.0175 cyclist
132 21.1890 0.0175 cyclist
133 21.1890 0.0175 cyclist
134 21.1890 0.0175 cyclist
135 21.1890 -0.0175 cyclist
136 21.1890 -0.0175 cyclist
137 21.1890 -0.0175 cyclist
138 21.1890 -0.0175 cyclist
139 21.1890 -0.0175 cyclist
140 21.1890 -0.0175 cyclist
141 21.1890 -0.0175 cyclist
142 21.1890 -0.0175 cyclist
143 21.1890 -0.0175 cyclist
144 21.1890 -0.0175 cyclist
145 21.1890 -0.0175 cyclist
146 21.1890 -0.0175 cyclist
147 21.1890 -0.0175 cyclist
148 21.1890 -0.0175 cyclist
149 21.1890 -0.0175 cyclist
150 21.1890 -0.0175 cyclist
151 21.1890 -0.0175 cyclist
152 21.1890 -0.0175 cyclist
153 21.1890 -0.0175 cyclist
154 21.1890 -0.0175 cyclist
155 21.1890 -0.0175 cyclist
156 21.1890 -0.0524 cyclist
157 21.1890 -0.0524 cyclist
158 21.1890 -0.0524 cyclist
159 21.1890 -0.0524 cyclist
160 21.1890 -0.0524 cyclist
161 21.1890 -0.0524 cyclist
162 21.1890 -0.0524 cyclist
163 21.1890 -0.0524 cyclist
164 21.1890 -0.0524 cyclist
165 21.1890 -0.0524 cyclist
166 21.1890 -0.0524 cyclist
167 21.4120 -0.0873 cyclist
168 21.4120 -0.0873 cyclist
169 21.4120 -0.0873 cyclist
170 21.4120 -0.0873 cyclist
171 21.4120 -0.0873 cyclist
172 21.4120 -0.0873 cyclist
173 21.4120 -0.0873 cyclist
174 21.4120 -0.0873 cyclist
175 21.4120 -0.0873 cyclist
176 21.4120 -0.0873 cyclist
177 21.4120 -0.0873 cyclist
178 21.4120 -0.0873 cyclist
179 21.4120 -0.0873 cyclist
180 21.4120 -0.0873 cyclist
181 21.4120 -0.0873 cyclist
182 21.4120 -0.0873 cyclist
183 21.6351 -0.1222 cyclist
184 21.6351 -0.1222 cyclist
185 21.6351 -0.1222 cyclist
186 21.6351 -0.1222 cyclist
187 21.6351 -0.1222 cyclist
188 21.6351 -0.1222 cyclist
189 21.6351 -0.1222 cyclist
190 21.6351 -0.1222 cyclist
191 21.4120 -0.1222 cyclist
192 21.4120 -0.1222 cyclist
193 21.4120 -0.1222 cyclist
194 21.4120 -0.1222 cyclist
195 21.4120 -0.1222 cyclist
196 21.6351 -0.1396 cyclist
197 21.6351 -0.1396 cyclist
198 21.4120 -0.1396 cyclist
199 21.4120 -0.1396 cyclist
200 21.4120 -0.1396 cyclist
201 21.4120 -0.1396 cyclist
202 21.4120 -0.1396 cyclist
203 21.4120 -0.1396 cyclist
204 21.4120 -0.1396 cyclist
205 21.4120 -0.1396 cyclist
206 21.1890 -0.1745 cyclist
207 21.1890 -0.1745 cyclist
208 21.1890 -0.1745 cyclist
209 21.1890 -0.1745 cyclist
210 21.1890 -0.1745 cyclist
211 21.1890 -0.1745 cyclist
212 21.1890 -0.1745 cyclist
213 21.1890 -0.1745 cyclist
214 21.1890 -0.1745 cyclist
215 21.1890 -0.1745 cyclist
216 21.1890 -0.1745 cyclist
217 21.1890 -0.1745 cyclist
218 21.1890 -0.1920 cyclist
219 21.1890 -0.1920 cyclist
220 21.1890 -0.1920 cyclist
221 21.1890 -0.1920 cyclist
222 21.1890 -0.1920 cyclist
223 21.1890 -0.1920 cyclist
224 21.1890 -0.1920 cyclist
225 20.9659 -0.2269 cyclist
226 21.1890 -0.1920 cyclist
227 20.9659 -0.2269 cyclist
228 20.9659 -0.2269 cyclist
229 20.9659 -0.2269 cyclist
230 20.9659 -0.2269 cyclist
231 20.9659 -0.2269 cyclist
232 20.7429 -0.2269 cyclist
233 20.7429 -0.2269 cyclist
234 20.7429 -0.2269 cyclist
235 20.7429 -0.2269 cyclist
236 20.7429 -0.2269 cyclist
237 20.2968 -0.2269 cyclist
238 20.2968 -0.2269 cyclist
239 20.2968 -0.2269 cyclist
240 20.2968 -0.2269 cyclist
241 20.2968 -0.2269 cyclist
242 20.2968 -0.2269 cyclist
243 20.2968 -0.2269 cyclist
244 20.5198 -0.2443 cyclist
245 20.5198 -0.2443 cyclist
246 20.0738 -0.2443 cyclist
247 20.0738 -0.2443 cyclist
248 20.0738 -0.2443 cyclist
249 20.0738 -0.2443 cyclist
250 20.0738 -0.2443 cyclist
251 20.2968 -0.2443 cyclist
252 19.6277 -0.2443 cyclist
253 19.6277 -0.2443 cyclist
254 19.6277 -0.2443 cyclist
255 19.6277 -0.2443 cyclist
256 19.6277 -0.2443 cyclist
257 19.6277 -0.2443 cyclist
258 19.1816 -0.2618 cyclist
259 19.1816 -0.2618 cyclist
260 19.1816 -0.2618 cyclist
261 19.1816 -0.2618 cyclist
262 19.1816 -0.2618 cyclist
263 19.1816 -0.2618 cyclist
264 19.1816 -0.2618 cyclist
265 19.1816 -0.2618 cyclist
266 18.7355 -0.2443 cyclist
267 18.7355 -0.2443 cyclist
268 18.7355 -0.2443 cyclist
269 18.7355 -0.2443 cyclist
270 18.7355 -0.2443 cyclist
271 18.7355 -0.2443 cyclist
272 18.7355 -0.2443 cyclist
273 18.7355 -0.2443 cyclist
274 18.7355 -0.2443 cyclist
275 18.7355 -0.2443 cyclist
276 18.7355 -0.2443 cyclist
277 18.5125 -0.2094 cyclist
278 18.5125 -0.2094 cyclist
279 18.5125 -0.2094 cyclist
280 18.5125 -0.2094 cyclist
281 18.5125 -0.2094 cyclist
282 18.5125 -0.2094 cyclist
283 18.5125 -0.2094 cyclist
284 18.5125 -0.2094 cyclist
285 18.5125 -0.2094 cyclist
286 18.2894 -0.1920 cyclist
287 18.2894 -0.1920 cyclist
288 18.2894 -0.1920 cyclist
289 18.2894 -0.1571 cyclist
290 18.2894 -0.1571 cyclist
291 18.0664 -0.1396 cyclist
292 18.0664 -0.1396 cyclist
293 18.0664 -0.1396 cyclist
294 18.0664 -0.1396 cyclist
295 18.0664 -0.1396 cyclist
296 18.0664 -0.1396 cyclist
297 18.0664 -0.1396 cyclist
298 18.0664 -0.1396 cyclist
299 18.0664 -0.1396 cyclist
300 18.0664 -0.1047 cyclist
301 18.0664 -0.1047 cyclist
302 18.0664 -0.1047 cyclist
303 18.0664 -0.1047 cyclist
304 18.0664 -0.1047 cyclist
305 18.0664 -0.1047 cyclist
306 18.0664 -0.1047 cyclist
307 18.0664 -0.1047 cyclist
308 18.0664 -0.1047 cyclist
309 18.0664 -0.1047 cyclist
310 18.0664 -0.1047 cyclist
311 18.0664 -0.1047 cyclist
312 18.0664 -0.1047 cyclist
313 18.0664 -0.1047 cyclist
314 18.0664 -0.1047 cyclist
315 18.0664 -0.1047 cyclist
316 18.0664 -0.1047 cyclist
317 18.0664 -0.1047 cyclist
318 18.0664 -0.1047 cyclist
319 18.0664 -0.1047 cyclist
320 17.8433 -0.0698 cyclist
321 17.8433 -0.0698 cyclist
322 17.8433 -0.0698 cyclist
323 17.8433 -0.0698 cyclist
324 17.8433 -0.0698 cyclist
325 17.8433 -0.0698 cyclist
326 17.8433 -0.0698 cyclist
327 17.8433 -0.0698 cyclist
328 17.8433 -0.0698 cyclist
329 17.8433 -0.0698 cyclist
330 17.8433 -0.0698 cyclist
331 17.6203 -0.0524 cyclist
332 17.6203 -0.0524 cyclist
333 17.6203 -0.0524 cyclist
334 17.6203 -0.0175 cyclist
335 17.6203 -0.0175 cyclist
336 17.6203 -0.0175 cyclist
337 17.6203 -0.0175 cyclist
338 17.6203 -0.0175 cyclist
339 17.6203 -0.0175 cyclist
340 17.6203 -0.0175 cyclist
341 17.6203 -0.0175 cyclist
342 17.6203 -0.0175 cyclist
343 17.6203 -0.0175 cyclist
344 17.6203 -0.0175 cyclist
345 17.6203 -0.0175 cyclist
346 17.6203 -0.0175 cyclist
347 17.6203 -0.0175 cyclist
348 17.6203 -0.0175 cyclist
349 17.3973 0.0000 cyclist
350 17.3973 0.0000 cyclist
351 17.3973 0.0000 cyclist
352 17.3973 0.0000 cyclist
353 17.3973 0.0000 cyclist
354 17.3973 0.0000 cyclist
355 17.3973 0.0175 cyclist
356 17.3973 0.0175 cyclist
357 17.3973 0.0175 cyclist
358 17.3973 0.0175 cyclist
359 17.3973 0.0175 cyclist
360 17.3973 0.0524 cyclist
361 17.3973 0.0524 cyclist
362 17.3973 0.0524 cyclist
363 17.3973 0.0524 cyclist
364 17.3973 0.0524 cyclist
365 17.3973 0.0698 cyclist
366 17.3973 0.0698 cyclist
367 17.3973 0.0698 cyclist
368 17.3973 0.0698 cyclist
369 17.3973 0.0698 cyclist
370 17.3973 0.0698 cyclist
371 17.3973 0.0698 cyclist
372 17.3973 0.0698 cyclist
373 17.3973 0.0698 cyclist
374 17.3973 0.0698 cyclist
375 17.3973 0.0698 cyclist
376 17.3973 0.0698 cyclist
377 17.3973 0.0698 cyclist
378 17.3973 0.0698 cyclist
379 17.3973 0.0698 cyclist
380 17.3973 0.0698 cyclist
381 17.3973 0.0698 cyclist
382 17.3973 0.0698 cyclist
383 17.3973 0.0698 cyclist
384 17.3973 0.0698 cyclist
385 17.3973 0.1047 cyclist
386 17.3973 0.1047 cyclist
387 17.3973 0.1047 cyclist
388 17.3973 0.1047 cyclist
389 17.3973 0.1047 cyclist
390 17.3973 0.1047 cyclist
391 17.3973 0.1047 cyclist
392 17.3973 0.1047 cyclist
393 17.3973 0.1396 cyclist
394 17.3973 0.1396 cyclist
395 17.3973 0.1396 cyclist
396 17.3973 0.1396 cyclist
397 17.3973 0.1396 cyclist
398 17.3973 0.1396 cyclist
399 17.3973 0.1396 cyclist
400 17.3973 0.1396 cyclist
401 17.3973 0.1396 cyclist
402 17.3973 0.1396 cyclist
403 17.6203 0.1745 cyclist
404 17.6203 0.1745 cyclist
405 17.6203 0.1745 cyclist
406 17.6203 0.1745 cyclist
407 17.6203 0.1745 cyclist
408 17.6203 0.1745 cyclist
409 17.8433 0.1920 cyclist
410 17.8433 0.1920 cyclist
411 17.8433 0.1920 cyclist
412 17.8433 0.1920 cyclist
413 17.8433 0.1920 cyclist
414 17.8433 0.2094 cyclist
415 17.8433 0.2094 cyclist
416 17.8433 0.2094 cyclist
417 17.8433 0.2094 cyclist
418 17.8433 0.2094 cyclist
419 17.8433 0.2094 cyclist
420 18.2894 0.2269 cyclist
421 18.2894 0.2269 cyclist
422 18.2894 0.2269 cyclist
423 18.2894 0.2269 cyclist
424 18.2894 0.2269 cyclist
425 18.2894 0.2269 cyclist
426 18.2894 0.2269 cyclist
427 18.7355 0.2269 cyclist
428 18.7355 0.2269 cyclist
429 18.7355 0.2269 cyclist
430 18.7355 0.2269 cyclist
431 18.7355 0.2269 cyclist
432 18.7355 0.2269 cyclist
433 18.7355 0.2269 cyclist
434 18.7355 0.2269 cyclist
435 18.7355 0.2269 cyclist
436 18.7355 0.2269 cyclist
437 18.7355 0.2269 cyclist
438 18.7355 0.2269 cyclist
439 18.7355 0.2269 cyclist
440 18.7355 0.2269 cyclist
441 18.9586 0.2269 cyclist
442 18.9586 0.2269 cyclist
443 18.9586 0.2269 cyclist
444 19.1816 0.2269 cyclist
445 19.1816 0.2269 cyclist
446 19.4046 0.2094 cyclist
447 19.4046 0.2094 cyclist
448 19.4046 0.2094 cyclist
449 19.4046 0.2094 cyclist
450 19.4046 0.2094 cyclist
451 19.4046 0.2094 cyclist
452 19.4046 0.2094 cyclist
453 19.6277 0.1920 cyclist
454 19.6277 0.1920 cyclist
455 19.6277 0.1920 cyclist
456 19.6277 0.1920 cyclist
457 19.6277 0.1920 cyclist
458 20.0738 0.1920 cyclist
459 20.0738 0.1920 cyclist
460 20.0738 0.1920 cyclist
461 20.0738 0.1920 cyclist
462 20.0738 0.1920 cyclist
463 20.0738 0.1920 cyclist
464 20.0738 0.1920 cyclist
465 20.0738 0.1920 cyclist
466 20.0738 0.1920 cyclist
467 20.0738 0.1920 cyclist
468 20.0738 0.1920 cyclist
469 20.0738 0.1920 cyclist
470 20.5198 0.1920 cyclist
471 20.5198 0.1920 cyclist
472 20.5198 0.1920 cyclist
473 20.5198 0.1920 cyclist
474 20.5198 0.1920 cyclist
475 20.5198 0.1920 cyclist
476 20.5198 0.1571 cyclist
477 20.7429 0.1396 cyclist
478 20.5198 0.1571 cyclist
479 20.5198 0.1571 cyclist
480 20.5198 0.1571 cyclist
481 20.5198 0.1571 cyclist
482 20.5198 0.1571 cyclist
483 20.5198 0.1222 cyclist
484 20.5198 0.1222 cyclist
485 20.5198 0.1222 cyclist
486 20.5198 0.1222 cyclist
487 20.5198 0.1222 cyclist
488 20.5198 0.1222 cyclist
489 20.5198 0.1222 cyclist
490 20.5198 0.1222 cyclist
491 20.5198 0.1222 cyclist
492 20.5198 0.1222 cyclist
493 20.7429 0.0873 cyclist
494 20.7429 0.0873 cyclist
495 20.7429 0.0873 cyclist
496 20.7429 0.0873 cyclist
497 20.7429 0.0873 cyclist
498 20.7429 0.0873 cyclist
499 20.7429 0.0873 cyclist
500 20.7429 0.0873 cyclist
501 20.7429 0.0873 cyclist
502 20.7429 0.0873 cyclist
503 20.7429 0.0873 cyclist
504 20.7429 0.0873 cyclist
505 20.7429 0.1222 cyclist
506 20.7429 0.1222 cyclist
507 20.7429 0.1222 cyclist
508 20.7429 0.1222 cyclist
509 20.7429 0.1222 cyclist
510 20.7429 0.0873 cyclist
511 20.7429 0.0873 cyclist
512 20.7429 0.0873 cyclist
513 20.7429 0.0873 cyclist
514 20.7429 0.0873 cyclist
515 20.7429 0.0873 cyclist
516 20.7429 0.0873 cyclist
517 20.7429 0.0873 cyclist
518 20.7429 0.0873 cyclist
519 20.7429 0.0873 cyclist
520 20.7429 0.0698 cyclist
521 20.7429 0.0698 cyclist
522 20.7429 0.0698 cyclist
523 20.7429 0.0698 cyclist
524 20.7429 0.0698 cyclist
525 20.7429 0.0698 cyclist
526 20.7429 0.0698 cyclist
527 20.7429 0.0698 cyclist
528 20.7429 0.0698 cyclist
529 20.7429 0.0698 cyclist
530 20.7429 0.0698 cyclist
531 20.7429 0.0698 cyclist
532 20.7429 0.0698 cyclist
533 20.7429 0.0698 cyclist
534 20.7429 0.0698 cyclist
535 20.9659 0.0349 cyclist
536 20.9659 0.0349 cyclist
537 20.9659 0.0349 cyclist
538 20.9659 0.0349 cyclist
539 20.9659 0.0349 cyclist
540 20.9659 0.0349 cyclist
541 21.1890 0.0000 cyclist
542 21.1890 0.0000 cyclist
543 21.1890 0.0000 cyclist
544 21.1890 0.0000 cyclist
545 21.1890 0.0000 cyclist
546 21.1890 0.0000 cyclist
547 21.1890 0.0000 cyclist
548 21.1890 0.0000 cyclist
549 21.1890 0.0000 cyclist
550 21.1890 0.0000 cyclist
551 21.1890 0.0000 cyclist
552 21.1890 -0.0175 cyclist
553 21.1890 -0.0175 cyclist
554 21.1890 -0.0175 cyclist
555 21.1890 -0.0175 cyclist
556 21.1890 -0.0175 cyclist
557 21.1890 -0.0175 cyclist
558 21.1890 -0.0349 cyclist
559 21.4120 -0.0349 cyclist
560 21.4120 -0.0349 cyclist
561 21.4120 -0.0349 cyclist
562 21.4120 -0.0349 cyclist
563 21.4120 -0.0349 cyclist
564 21.4120 -0.0349 cyclist
565 21.4120 -0.0349 cyclist
566 21.4120 -0.0349 cyclist
567 21.4120 -0.0349 cyclist
568 21.4120 -0.0349 cyclist
569 21.4120 -0.0349 cyclist
570 21.6351 -0.0698 cyclist
571 21.6351 -0.0698 cyclist
572 21.6351 -0.0698 cyclist
573 21.6351 -0.0698 cyclist
574 21.6351 -0.0698 cyclist
575 21.6351 -0.0698 cyclist
576 21.6351 -0.0698 cyclist
577 21.6351 -0.0698 cyclist
578 21.6351 -0.0698 cyclist
579 21.6351 -0.0698 cyclist
580 21.6351 -0.0698 cyclist
581 21.6351 -0.0698 cyclist
582 21.8581 -0.0873 cyclist
583 21.8581 -0.0873 cyclist
584 21.8581 -0.0873 cyclist
585 21.8581 -0.0873 cyclist
586 21.8581 -0.0873 cyclist
587 21.8581 -0.0873 cyclist
588 21.8581 -0.0873 cyclist
589 21.8581 -0.0873 cyclist
590 21.8581 -0.0873 cyclist
591 21.8581 -0.0873 cyclist
592 21.8581 -0.0873 cyclist
593 21.8581 -0.0873 cyclist
594 21.8581 -0.0873 cyclist
595 21.8581 -0.0873 cyclist
596 21.8581 -0.0873 cyclist
597 21.8581 -0.0873 cyclist
598 21.6351 -0.0873 cyclist
599 21.6351 -0.0873 cyclist
600 21.6351 -0.0873 cyclist
601 21.8581 -0.1047 cyclist
602 21.8581 -0.1047 cyclist
603 21.8581 -0.1047 cyclist
604 21.8581 -0.1047 cyclist
605 21.8581 -0.1047 cyclist
606 21.8581 -0.1047 cyclist
607 21.8581 -0.1047 cyclist
608 21.8581 -0.1047 cyclist
609 21.6351 -0.1222 cyclist
610 21.6351 -0.1222 cyclist
611 21.6351 -0.1222 cyclist
612 21.6351 -0.1222 cyclist
613 21.6351 -0.1571 cyclist
614 21.6351 -0.1571 cyclist
615 21.6351 -0.1571 cyclist
616 21.6351 -0.1571 cyclist
617 21.6351 -0.1571 cyclist
618 21.6351 -0.1571 cyclist
619 21.6351 -0.1571 cyclist
620 21.6351 -0.1571 cyclist
621 21.4120 -0.1745 cyclist
622 21.4120 -0.1745 cyclist
623 21.4120 -0.1745 cyclist
624 21.4120 -0.1745 cyclist
625 21.4120 -0.1745 cyclist
626 21.4120 -0.1745 cyclist
627 21.4120 -0.1745 cyclist
628 21.1890 -0.1745 cyclist
629 21.1890 -0.1745 cyclist
630 21.1890 -0.1745 cyclist
631 21.1890 -0.1745 cyclist
632 21.1890 -0.1745 cyclist
633 21.1890 -0.1745 cyclist
634 21.1890 -0.1745 cyclist
635 21.1890 -0.1745 cyclist
636 20.9659 -0.1920 cyclist
637 20.9659 -0.1920 cyclist
638 20.9659 -0.1920 cyclist
639 20.9659 -0.1920 cyclist
640 20.9659 -0.1920 cyclist
641 20.5198 -0.2094 cyclist
642 20.5198 -0.2094 cyclist
643 20.5198 -0.2094 cyclist
644 20.5198 -0.2094 cyclist
645 20.0738 -0.2269 cyclist
646 20.0738 -0.2269 cyclist
647 20.0738 -0.2269 cyclist
648 20.2968 -0.2094 cyclist
649 20.2968 -0.2094 cyclist
650 20.2968 -0.2094 cyclist
651 20.2968 -0.2094 cyclist
652 20.2968 -0.2094 cyclist
653 20.2968 -0.2094 cyclist
654 20.2968 -0.2094 cyclist
655 19.8507 -0.2269 cyclist
656 19.8507 -0.2269 cyclist
657 19.8507 -0.2269 cyclist
658 19.8507 -0.2269 cyclist
659 19.8507 -0.2269 cyclist
660 19.4046 -0.2269 cyclist
661 19.4046 -0.2269 cyclist
662 19.4046 -0.2269 cyclist
663 19.4046 -0.2269 cyclist
664 19.4046 -0.2269 cyclist
665 19.4046 -0.2269 cyclist
666 19.4046 -0.2269 cyclist
667 19.4046 -0.2269 cyclist
668 19.1816 -0.2269 cyclist
669 19.1816 -0.2269 cyclist
670 19.1816 -0.2269 cyclist
671 19.1816 -0.2269 cyclist
672 19.1816 -0.2269 cyclist
673 19.1816 -0.2269 cyclist
674 18.7355 -0.2443 cyclist
675 18.7355 -0.2443 cyclist
676 18.7355 -0.2443 cyclist
677 18.7355 -0.2443 cyclist
678 18.7355 -0.2443 cyclist
679 18.7355 -0.2443 cyclist
680 18.7355 -0.2443 cyclist
681 18.7355 -0.2443 cyclist
682 18.7355 -0.2443 cyclist
683 18.7355 -0.2443 cyclist
684 18.7355 -0.2443 cyclist
685 18.7355 -0.2443 cyclist
686 18.7355 -0.2443 cyclist
687 18.5125 -0.2269 cyclist
688 18.5125 -0.2269 cyclist
689 18.2894 -0.2269 cyclist
690 18.2894 -0.2269 cyclist
691 18.7355 -0.2094 cyclist
692 18.2894 -0.2269 cyclist
693 18.2894 -0.2269 cyclist
694 18.2894 -0.2269 cyclist
695 18.2894 -0.2269 cyclist
696 18.2894 -0.2269 cyclist
697 18.2894 -0.2269 cyclist
698 17.8433 -0.2094 cyclist
699 17.8433 -0.2094 cyclist
700 17.8433 -0.2094 cyclist
701 17.8433 -0.2094 cyclist
702 17.8433 -0.2094 cyclist
703 17.8433 -0.2094 cyclist
704 17.8433 -0.2094 cyclist
705 17.3973 -0.2094 cyclist
706 17.3973 -0.2094 cyclist
707 17.3973 -0.2094 cyclist
708 17.3973 -0.2094 cyclist
709 17.3973 -0.2094 cyclist
710 17.3973 -0.2094 cyclist
711 17.3973 -0.2094 cyclist
712 17.3973 -0.2094 cyclist
713 17.3973 -0.2094 cyclist
714 17.1742 -0.1920 cyclist
715 17.3973 -0.2094 cyclist
716 17.3973 -0.2094 cyclist
717 16.9512 -0.1920 cyclist
718 16.9512 -0.1920 cyclist
719 16.9512 -0.1920 cyclist
720 16.9512 -0.1920 cyclist
721 16.9512 -0.1920 cyclist
722 16.9512 -0.1920 cyclist
723 16.7281 -0.1571 cyclist
724 16.7281 -0.1571 cyclist
725 16.7281 -0.1571 cyclist
726 16.7281 -0.1571 cyclist
727 16.9512 -0.1396 cyclist
728 16.9512 -0.1396 cyclist
729 16.9512 -0.1396 cyclist
730 16.9512 -0.1396 cyclist
731 16.9512 -0.1396 cyclist
732 16.9512 -0.1396 cyclist
733 16.9512 -0.1396 cyclist
734 16.9512 -0.1396 cyclist
735 16.9512 -0.1396 cyclist
736 16.9512 -0.1396 cyclist
737 16.7281 -0.1222 cyclist
738 16.7281 -0.1222 cyclist
739 16.7281 -0.1222 cyclist
740 16.7281 -0.1222 cyclist
741 16.7281 -0.1222 cyclist
742 16.7281 -0.1222 cyclist
743 16.7281 -0.1222 cyclist
744 16.7281 -0.1222 cyclist
745 16.7281 -0.1222 cyclist
746 16.7281 -0.0873 cyclist
747 16.7281 -0.0873 cyclist
748 16.7281 -0.0873 cyclist
749 16.7281 -0.0873 cyclist
750 16.7281 -0.0873 cyclist
751 16.7281 -0.0873 cyclist
752 16.7281 -0.0873 cyclist
753 16.7281 -0.0873 cyclist
754 16.7281 -0.0873 cyclist
755 16.7281 -0.0873 cyclist
756 16.7281 -0.0873 cyclist
757 16.7281 -0.0698 cyclist
758 16.7281 -0.0698 cyclist
759 16.7281 -0.0698 cyclist
760 16.7281 -0.0698 cyclist
761 16.7281 -0.0698 cyclist
762 16.7281 -0.0698 cyclist
763 16.7281 -0.0698 cyclist
764 16.7281 -0.0698 cyclist
765 16.7281 -0.0698 cyclist
766 16.7281 -0.0698 cyclist
767 16.7281 -0.0524 cyclist
768 16.7281 -0.0524 cyclist
769 16.7281 -0.0524 cyclist
770 16.7281 -0.0524 cyclist
771 16.7281 -0.0524 cyclist
772 16.7281 -0.0524 cyclist
773 16.7281 -0.0524 cyclist
774 16.7281 -0.0524 cyclist
775 16.7281 -0.0524 cyclist
776 16.7281 -0.0175 cyclist
777 16.7281 -0.0175 cyclist
778 16.7281 -0.0175 cyclist
779 16.7281 -0.0175 cyclist
780 16.7281 -0.0175 cyclist
781 16.7281 -0.0175 cyclist
782 16.7281 -0.0175 cyclist
783 16.7281 0.0175 cyclist
784 16.7281 0.0175 cyclist
785 16.7281 0.0524 cyclist
786 16.7281 0.0175 cyclist
787 16.7281 0.0175 cyclist
788 16.9512 0.0524 cyclist
789 16.9512 0.0524 cyclist
790 16.9512 0.0524 cyclist
791 16.9512 0.0524 cyclist
792 16.9512 0.0524 cyclist
793 16.9512 0.0524 cyclist
794 16.9512 0.0524 cyclist
795 16.9512 0.0524 cyclist
796 16.9512 0.0524 cyclist
797 16.9512 0.0698 cyclist
798 16.9512 0.0698 cyclist
799 17.1742 0.0873 cyclist
800 17.1742 0.0873 cyclist
801 17.1742 0.0873 cyclist
802 17.1742 0.0873 cyclist
803 17.1742 0.0873 cyclist
804 17.1742 0.0873 cyclist
805 17.1742 0.0873 cyclist
806 17.1742 0.0873 cyclist
807 17.1742 0.0873 cyclist
808 17.1742 0.0873 cyclist
809 17.3973 0.1047 cyclist
810 17.3973 0.1047 cyclist
811 17.3973 0.1222 cyclist
812 17.3973 0.1222 cyclist
813 17.3973 0.1222 cyclist
814 17.3973 0.1222 cyclist
815 17.6203 0.1396 cyclist
816 17.6203 0.1396 cyclist
817 17.6203 0.1396 cyclist
818 17.6203 0.1047 cyclist
819 17.6203 0.1047 cyclist
820 17.8433 0.1396 cyclist
821 17.8433 0.1396 cyclist
822 17.8433 0.1396 cyclist
823 17.8433 0.1396 cyclist
824 17.8433 0.1396 cyclist
825 17.8433 0.1396 cyclist
826 17.8433 0.1396 cyclist
827 17.8433 0.1396 cyclist
828 17.8433 0.1396 cyclist
829 18.0664 0.1396 cyclist
830 18.0664 0.1396 cyclist
831 18.0664 0.1396 cyclist
832 18.2894 0.1571 cyclist
833 18.2894 0.1571 cyclist
834 18.2894 0.1571 cyclist
835 18.2894 0.1571 cyclist
836 18.2894 0.1571 cyclist
837 18.2894 0.1571 cyclist
838 18.2894 0.1571 cyclist
839 18.7355 0.1571 cyclist
840 18.7355 0.1571 cyclist
841 18.7355 0.1571 cyclist
842 18.7355 0.1571 cyclist
843 18.9586 0.1745 cyclist
844 18.9586 0.1745 cyclist
845 18.9586 0.1745 cyclist
846 18.9586 0.1745 cyclist
847 18.9586 0.1745 cyclist
848 18.9586 0.1745 cyclist
849 18.9586 0.1745 cyclist
850 18.9586 0.1745 cyclist
851 18.9586 0.1745 cyclist
852 18.9586 0.1745 cyclist
853 18.9586 0.1745 cyclist
854 19.4046 0.1745 cyclist
855 19.4046 0.1745 cyclist
856 19.4046 0.1745 cyclist
857 19.4046 0.1745 cyclist
858 19.4046 0.1745 cyclist
859 19.4046 0.1745 cyclist
860 19.4046 0.1745 cyclist
861 19.4046 0.1745 cyclist
862 19.4046 0.1745 cyclist
863 19.4046 0.1745 cyclist
864 19.6277 0.1571 cyclist
865 19.6277 0.1571 cyclist
866 19.6277 0.1571 cyclist
867 19.8507 0.1745 cyclist
868 19.8507 0.1745 cyclist
869 19.8507 0.1745 cyclist
870 19.8507 0.1745 cyclist
871 19.8507 0.1745 cyclist
872 19.8507 0.1745 cyclist
873 20.2968 0.1745 cyclist
874 20.2968 0.1745 cyclist
875 20.2968 0.1745 cyclist
876 20.2968 0.1745 cyclist
877 20.2968 0.1745 cyclist
878 20.2968 0.1745 cyclist
879 20.2968 0.1745 cyclist
880 20.5198 0.1745 cyclist
881 20.9659 0.1745 cyclist
882 20.9659 0.1745 cyclist
883 20.9659 0.1745 cyclist
884 20.9659 0.1745 cyclist
885 20.9659 0.1745 cyclist
886 20.9659 0.1745 cyclist
887 20.9659 0.1745 cyclist
888 20.9659 0.1396 cyclist
889 20.9659 0.1396 cyclist
890 20.9659 0.1396 cyclist
891 21.1890 0.1222 cyclist
892 21.1890 0.1222 cyclist
893 21.1890 0.1222 cyclist
894 21.1890 0.1222 cyclist
895 21.1890 0.1222 cyclist
896 21.1890 0.1047 cyclist
897 21.1890 0.1047 cyclist
898 21.4120 0.0873 cyclist
899 21.4120 0.0873 cyclist
