0 14.0516 -0.1920 pedestrian
0 15.8360 0.0000 pedestrian
1 14.0516 -0.1920 pedestrian
1 15.8360 0.0000 pedestrian
2 14.0516 -0.1920 pedestrian
2 15.8360 0.0000 pedestrian
3 14.0516 -0.1920 pedestrian
3 15.8360 0.0000 pedestrian
4 14.0516 -0.1920 pedestrian
4 15.8360 0.0000 pedestrian
5 14.0516 -0.1920 pedestrian
5 15.8360 0.0000 pedestrian
6 14.0516 -0.1920 pedestrian
6 15.8360 0.0000 pedestrian
7 14.0516 -0.1920 pedestrian
7 15.8360 0.0000 pedestrian
8 14.0516 -0.1920 pedestrian
8 15.8360 0.0000 pedestrian
9 14.0516 -0.1920 pedestrian
9 15.8360 0.0000 pedestrian
10 14.0516 -0.1920 pedestrian
10 15.8360 0.0000 pedestrian
11 14.0516 -0.1920 pedestrian
11 15.8360 0.0000 pedestrian
12 14.0516 -0.1920 pedestrian
12 15.8360 0.0000 pedestrian
13 14.0516 -0.1920 pedestrian
13 15.8360 0.0000 pedestrian
14 14.0516 -0.1920 pedestrian
14 15.8360 0.0000 pedestrian
15 14.0516 -0.1920 pedestrian
15 15.8360 0.0000 pedestrian
16 14.0516 -0.1920 pedestrian
16 15.8360 0.0000 pedestrian
17 14.0516 -0.1920 pedestrian
17 15.8360 0.0000 pedestrian
18 14.0516 -0.1920 pedestrian
18 15.8360 0.0000 pedestrian
19 14.0516 -0.1920 pedestrian
19 15.8360 0.0000 pedestrian
20 14.0516 -0.1920 pedestrian
20 15.8360 0.0000 pedestrian
21 14.0516 -0.1920 pedestrian
21 15.8360 0.0000 pedestrian
22 14.2747 -0.1920 pedestrian
22 15.8360 0.0000 pedestrian
23 14.2747 -0.1920 pedestrian
23 15.8360 0.0000 pedestrian
24 14.2747 -0.1920 pedestrian
24 15.8360 0.0000 pedestrian
25 14.2747 -0.1920 pedestrian
25 15.8360 0.0000 pedestrian
26 14.2747 -0.1920 pedestrian
26 15.8360 0.0000 pedestrian
27 14.2747 -0.1920 pedestrian
27 15.8360 0.0000 pedestrian
28 14.2747 -0.1920 pedestrian
28 15.8360 0.0000 pedestrian
29 14.2747 -0.1920 pedestrian
29 15.8360 0.0000 pedestrian
30 14.2747 -0.1920 pedestrian
30 15.8360 0.0000 pedestrian
31 14.2747 -0.1745 pedestrian
31 15.8360 0.0000 pedestrian
32 14.2747 -0.1745 pedestrian
32 15.8360 0.0000 pedestrian
33 14.2747 -0.1745 pedestrian
33 15.8360 0.0000 pedestrian
34 14.2747 -0.1745 pedestrian
34 15.8360 0.0000 pedestrian
35 14.2747 -0.1745 pedestrian
35 15.8360 0.0000 pedestrian
36 14.4977 -0.1745 pedestrian
36 15.8360 0.0000 pedestrian
37 14.4977 -0.1745 pedestrian
37 15.8360 0.0000 pedestrian
38 14.4977 -0.1745 pedestrian
38 15.8360 0.0000 pedestrian
39 14.4977 -0.1745 pedestrian
39 15.8360 0.0000 pedestrian
40 14.4977 -0.1745 pedestrian
40 15.8360 0.0000 pedestrian
41 14.4977 -0.1745 pedestrian
41 15.8360 0.0000 pedestrian
42 14.4977 -0.1745 pedestrian
42 15.8360 0.0000 pedestrian
43 14.4977 -0.1745 pedestrian
43 15.8360 0.0000 pedestrian
44 14.4977 -0.1745 pedestrian
44 15.8360 0.0000 pedestrian
45 14.4977 -0.1745 pedestrian
45 15.8360 0.0000 pedestrian
46 14.4977 -0.1745 pedestrian
46 15.8360 0.0000 pedestrian
47 14.4977 -0.1745 pedestrian
47 15.8360 0.0000 pedestrian
48 14.4977 -0.1745 pedestrian
48 15.8360 0.0000 pedestrian
49 14.4977 -0.1745 pedestrian
49 15.8360 0.0000 pedestrian
50 14.4977 -0.1745 pedestrian
50 15.8360 0.0000 pedestrian
51 14.7208 -0.1396 pedestrian
51 15.8360 -0.0175 pedestrian
52 14.7208 -0.1396 pedestrian
52 15.8360 -0.0175 pedestrian
53 14.7208 -0.1396 pedestrian
53 15.8360 -0.0175 pedestrian
54 14.7208 -0.1396 pedestrian
54 15.8360 -0.0175 pedestrian
55 14.7208 -0.1396 pedestrian
55 15.8360 -0.0175 pedestrian
56 14.7208 -0.1396 pedestrian
56 15.8360 -0.0175 pedestrian
57 14.7208 -0.1396 pedestrian
57 15.8360 -0.0175 pedestrian
58 14.9438 -0.1396 pedestrian
58 15.6129 -0.0175 pedestrian
59 14.9438 -0.1396 pedestrian
59 15.6129 -0.0175 pedestrian
60 14.9438 -0.1396 pedestrian
60 15.6129 -0.0175 pedestrian
61 14.9438 -0.1396 pedestrian
61 15.6129 -0.0175 pedestrian
62 14.9438 -0.1396 pedestrian
62 15.6129 -0.0175 pedestrian
63 15.1668 -0.1396 pedestrian
63 15.3899 -0.0175 pedestrian
64 15.1668 -0.1396 pedestrian
64 15.3899 -0.0175 pedestrian
65 15.1668 -0.1396 pedestrian
65 15.3899 -0.0175 pedestrian
66 15.1668 -0.1396 pedestrian
66 15.3899 -0.0175 pedestrian
67 15.1668 -0.1396 pedestrian
67 15.3899 -0.0175 pedestrian
68 15.1668 -0.1396 pedestrian
68 15.3899 -0.0175 pedestrian
69 15.1668 -0.1396 pedestrian
69 15.3899 -0.0175 pedestrian
70 15.1668 -0.1396 pedestrian
70 15.3899 -0.0175 pedestrian
71 15.1668 -0.1396 pedestrian
71 15.3899 -0.0175 pedestrian
72 15.3899 -0.1396 pedestrian
72 15.3899 -0.0175 pedestrian
73 15.3899 -0.1396 pedestrian
73 15.3899 -0.0175 pedestrian
74 15.3899 -0.1396 pedestrian
74 15.3899 -0.0175 pedestrian
75 15.6129 -0.1222 pedestrian
75 14.9438 0.0000 pedestrian
76 15.6129 -0.1222 pedestrian
76 14.9438 0.0000 pedestrian
77 15.6129 -0.1222 pedestrian
77 14.9438 0.0000 pedestrian
78 15.6129 -0.1222 pedestrian
78 14.9438 0.0000 pedestrian
79 15.6129 -0.1222 pedestrian
79 14.9438 0.0000 pedestrian
80 15.6129 -0.1222 pedestrian
80 14.9438 0.0000 pedestrian
81 15.6129 -0.1222 pedestrian
81 14.9438 0.0000 pedestrian
82 15.6129 -0.1222 pedestrian
82 14.9438 0.0000 pedestrian
83 15.6129 -0.1222 pedestrian
83 14.9438 0.0000 pedestrian
84 15.6129 -0.0873 pedestrian
84 14.9438 0.0000 pedestrian
85 15.6129 -0.0873 pedestrian
85 14.9438 0.0000 pedestrian
86 15.8360 -0.0873 pedestrian
86 14.7208 0.0000 pedestrian
87 15.8360 -0.0873 pedestrian
87 14.7208 0.0000 pedestrian
88 15.8360 -0.0873 pedestrian
88 14.7208 0.0000 pedestrian
89 15.8360 -0.0873 pedestrian
89 14.7208 0.0000 pedestrian
90 15.8360 -0.0873 pedestrian
90 14.7208 0.0000 pedestrian
91 15.8360 -0.0873 pedestrian
91 14.7208 0.0000 pedestrian
92 15.8360 -0.0873 pedestrian
92 14.7208 0.0000 pedestrian
93 15.8360 -0.0873 pedestrian
93 14.7208 0.0000 pedestrian
94 15.8360 -0.0873 pedestrian
94 14.7208 0.0000 pedestrian
95 15.8360 -0.0698 pedestrian
95 14.7208 0.0175 pedestrian
96 15.8360 -0.0698 pedestrian
96 14.7208 0.0175 pedestrian
97 16.0590 -0.0873 pedestrian
97 14.4977 0.0349 pedestrian
98 16.0590 -0.0873 pedestrian
98 14.4977 0.0349 pedestrian
99 16.0590 -0.0873 pedestrian
99 14.4977 0.0349 pedestrian
100 16.0590 -0.0873 pedestrian
100 14.4977 0.0349 pedestrian
101 16.0590 -0.0873 pedestrian
101 14.4977 0.0349 pedestrian
102 16.0590 -0.0873 pedestrian
102 14.4977 0.0349 pedestrian
103 16.0590 -0.0873 pedestrian
103 14.4977 0.0349 pedestrian
104 16.0590 -0.0873 pedestrian
104 14.4977 0.0349 pedestrian
105 16.0590 -0.0873 pedestrian
105 14.4977 0.0349 pedestrian
106 16.2821 -0.0873 pedestrian
106 14.4977 0.0524 pedestrian
107 16.2821 -0.0873 pedestrian
107 14.4977 0.0524 pedestrian
108 16.2821 -0.0873 pedestrian
108 14.4977 0.0524 pedestrian
109 16.2821 -0.0873 pedestrian
109 14.4977 0.0524 pedestrian
110 16.2821 -0.0873 pedestrian
110 14.4977 0.0524 pedestrian
111 16.2821 -0.0873 pedestrian
111 14.4977 0.0524 pedestrian
112 16.2821 -0.0873 pedestrian
112 14.4977 0.0524 pedestrian
113 16.5051 -0.1047 pedestrian
113 14.4977 0.0524 pedestrian
114 16.5051 -0.1047 pedestrian
114 14.4977 0.0524 pedestrian
115 16.5051 -0.1047 pedestrian
115 14.4977 0.0524 pedestrian
116 16.5051 -0.1047 pedestrian
116 14.4977 0.0524 pedestrian
117 16.5051 -0.1047 pedestrian
117 14.4977 0.0524 pedestrian
118 16.5051 -0.1047 pedestrian
118 14.4977 0.0698 pedestrian
119 16.5051 -0.1047 pedestrian
119 14.4977 0.0698 pedestrian
120 16.5051 -0.1047 pedestrian
120 14.4977 0.0698 pedestrian
121 16.5051 -0.1047 pedestrian
121 14.4977 0.0698 pedestrian
122 16.5051 -0.1047 pedestrian
122 14.4977 0.0698 pedestrian
123 16.5051 -0.1047 pedestrian
123 14.4977 0.0698 pedestrian
124 16.5051 -0.1047 pedestrian
124 14.4977 0.0698 pedestrian
125 16.7281 -0.1222 pedestrian
125 14.4977 0.0873 pedestrian
126 16.7281 -0.1222 pedestrian
126 14.4977 0.0873 pedestrian
127 16.7281 -0.1222 pedestrian
127 14.4977 0.0873 pedestrian
128 16.7281 -0.1222 pedestrian
128 14.4977 0.0873 pedestrian
129 16.7281 -0.1222 pedestrian
129 14.4977 0.0873 pedestrian
130 16.7281 -0.1396 pedestrian
130 14.7208 0.1222 pedestrian
131 16.7281 -0.1396 pedestrian
131 14.7208 0.1222 pedestrian
132 16.7281 -0.1396 pedestrian
132 14.7208 0.1222 pedestrian
133 16.7281 -0.1396 pedestrian
133 14.7208 0.1222 pedestrian
134 16.7281 -0.1396 pedestrian
134 14.7208 0.1222 pedestrian
135 16.7281 -0.1396 pedestrian
135 14.7208 0.1222 pedestrian
136 16.7281 -0.1396 pedestrian
136 14.7208 0.1222 pedestrian
137 16.7281 -0.1396 pedestrian
137 14.7208 0.1222 pedestrian
138 16.5051 -0.1571 pedestrian
138 14.7208 0.1222 pedestrian
139 16.5051 -0.1571 pedestrian
139 14.9438 0.1222 pedestrian
140 16.5051 -0.1571 pedestrian
140 14.9438 0.1222 pedestrian
141 16.5051 -0.1571 pedestrian
141 14.9438 0.1222 pedestrian
142 16.5051 -0.1571 pedestrian
142 14.9438 0.1222 pedestrian
143 16.5051 -0.1571 pedestrian
143 14.9438 0.1222 pedestrian
144 16.5051 -0.1571 pedestrian
144 14.9438 0.1222 pedestrian
145 16.5051 -0.1571 pedestrian
145 14.9438 0.1222 pedestrian
146 16.5051 -0.1571 pedestrian
146 15.1668 0.1222 pedestrian
147 16.5051 -0.1571 pedestrian
147 15.1668 0.1222 pedestrian
148 16.5051 -0.1571 pedestrian
148 15.1668 0.1222 pedestrian
149 16.5051 -0.1571 pedestrian
149 15.1668 0.1222 pedestrian
150 16.2821 -0.1745 pedestrian
150 15.3899 0.1222 pedestrian
151 16.2821 -0.1745 pedestrian
151 15.3899 0.1222 pedestrian
152 16.2821 -0.1745 pedestrian
152 15.3899 0.1222 pedestrian
153 16.2821 -0.1745 pedestrian
153 15.3899 0.1222 pedestrian
154 16.2821 -0.1745 pedestrian
154 15.3899 0.1222 pedestrian
155 16.2821 -0.1745 pedestrian
155 15.3899 0.1222 pedestrian
156 16.2821 -0.1745 pedestrian
156 15.3899 0.1222 pedestrian
157 16.2821 -0.1745 pedestrian
157 15.3899 0.1222 pedestrian
158 16.2821 -0.1745 pedestrian
158 15.3899 0.1222 pedestrian
159 16.2821 -0.1745 pedestrian
159 15.3899 0.1222 pedestrian
160 16.2821 -0.1745 pedestrian
160 15.3899 0.1222 pedestrian
161 16.2821 -0.2094 pedestrian
161 15.8360 0.1396 pedestrian
162 16.2821 -0.2094 pedestrian
162 15.8360 0.1396 pedestrian
163 16.2821 -0.2094 pedestrian
163 15.8360 0.1396 pedestrian
164 16.2821 -0.2094 pedestrian
164 15.8360 0.1396 pedestrian
165 16.2821 -0.2094 pedestrian
165 15.8360 0.1396 pedestrian
166 16.2821 -0.2094 pedestrian
166 15.8360 0.1396 pedestrian
167 16.2821 -0.2094 pedestrian
167 15.8360 0.1396 pedestrian
168 16.2821 -0.2094 pedestrian
168 15.8360 0.1396 pedestrian
169 16.0590 -0.2269 pedestrian
169 16.0590 0.1396 pedestrian
170 16.0590 -0.2269 pedestrian
170 16.0590 0.1396 pedestrian
171 16.0590 -0.2269 pedestrian
171 16.0590 0.1396 pedestrian
172 16.0590 -0.2269 pedestrian
172 16.0590 0.1396 pedestrian
173 16.0590 -0.2269 pedestrian
173 16.2821 0.1396 pedestrian
174 16.0590 -0.2269 pedestrian
174 16.2821 0.1396 pedestrian
175 16.0590 -0.2269 pedestrian
175 16.2821 0.1396 pedestrian
176 16.0590 -0.2269 pedestrian
176 16.2821 0.1396 pedestrian
177 16.0590 -0.2269 pedestrian
177 16.2821 0.1396 pedestrian
178 16.0590 -0.2269 pedestrian
178 16.2821 0.1396 pedestrian
179 16.0590 -0.2269 pedestrian
179 16.5051 0.1396 pedestrian
180 16.0590 -0.2269 pedestrian
180 16.5051 0.1396 pedestrian
181 16.0590 -0.2269 pedestrian
181 16.5051 0.1396 pedestrian
182 16.0590 -0.2269 pedestrian
182 16.5051 0.1396 pedestrian
183 15.8360 -0.2443 pedestrian
183 16.7281 0.1396 pedestrian
184 15.8360 -0.2443 pedestrian
184 16.7281 0.1396 pedestrian
185 15.8360 -0.2443 pedestrian
185 16.7281 0.1396 pedestrian
186 15.8360 -0.2443 pedestrian
186 16.7281 0.1396 pedestrian
187 15.8360 -0.2443 pedestrian
187 16.7281 0.1396 pedestrian
188 15.8360 -0.2443 pedestrian
188 16.7281 0.1396 pedestrian
189 15.8360 -0.2443 pedestrian
189 16.7281 0.1396 pedestrian
190 15.8360 -0.2443 pedestrian
190 16.7281 0.1396 pedestrian
191 15.8360 -0.2443 pedestrian
191 16.7281 0.1396 pedestrian
192 15.8360 -0.2443 pedestrian
192 16.7281 0.1396 pedestrian
193 15.8360 -0.2443 pedestrian
193 16.9512 0.1396 pedestrian
194 15.8360 -0.2443 pedestrian
194 16.9512 0.1396 pedestrian
195 15.8360 -0.2443 pedestrian
195 16.9512 0.1396 pedestrian
196 16.0590 -0.2618 pedestrian
196 17.1742 0.1396 pedestrian
197 16.0590 -0.2618 pedestrian
197 17.1742 0.1396 pedestrian
198 16.0590 -0.2618 pedestrian
198 17.1742 0.1396 pedestrian
199 16.0590 -0.2618 pedestrian
199 17.1742 0.1396 pedestrian
200 16.0590 -0.2618 pedestrian
200 17.1742 0.1396 pedestrian
201 16.0590 -0.2618 pedestrian
201 17.1742 0.1396 pedestrian
202 16.0590 -0.2618 pedestrian
202 17.1742 0.1396 pedestrian
203 16.0590 -0.2618 pedestrian
203 17.1742 0.1396 pedestrian
204 16.0590 -0.2618 pedestrian
204 17.1742 0.1396 pedestrian
205 16.0590 -0.2618 pedestrian
205 17.3973 0.1222 pedestrian
206 16.0590 -0.2618 pedestrian
206 17.3973 0.1222 pedestrian
207 16.0590 -0.2618 pedestrian
207 17.3973 0.1222 pedestrian
208 16.0590 -0.2618 pedestrian
208 17.3973 0.1222 pedestrian
209 16.2821 -0.2618 pedestrian
209 17.6203 0.1222 pedestrian
210 16.2821 -0.2618 pedestrian
210 17.6203 0.1222 pedestrian
211 16.2821 -0.2618 pedestrian
211 17.6203 0.1222 pedestrian
212 16.2821 -0.2618 pedestrian
212 17.6203 0.1222 pedestrian
213 16.2821 -0.2618 pedestrian
213 17.6203 0.1222 pedestrian
214 16.2821 -0.2618 pedestrian
214 17.6203 0.1222 pedestrian
215 16.2821 -0.2618 pedestrian
215 17.6203 0.1222 pedestrian
216 16.5051 -0.2793 pedestrian
216 17.8433 0.1222 pedestrian
217 16.5051 -0.2793 pedestrian
217 17.8433 0.1222 pedestrian
218 16.5051 -0.2793 pedestrian
218 17.8433 0.1222 pedestrian
219 16.5051 -0.2793 pedestrian
219 17.8433 0.1222 pedestrian
220 16.5051 -0.2793 pedestrian
220 17.8433 0.1222 pedestrian
221 16.5051 -0.2793 pedestrian
221 18.0664 0.1222 pedestrian
222 16.5051 -0.2793 pedestrian
222 18.0664 0.1222 pedestrian
223 16.5051 -0.2793 pedestrian
223 18.0664 0.1222 pedestrian
224 16.5051 -0.2793 pedestrian
224 18.0664 0.1222 pedestrian
225 16.5051 -0.2793 pedestrian
225 18.0664 0.1222 pedestrian
226 16.5051 -0.2793 pedestrian
226 18.0664 0.1222 pedestrian
227 16.5051 -0.2793 pedestrian
227 18.0664 0.1222 pedestrian
228 16.5051 -0.2793 pedestrian
228 18.0664 0.1222 pedestrian
229 16.5051 -0.2793 pedestrian
229 18.0664 0.1222 pedestrian
230 16.5051 -0.2793 pedestrian
230 18.2894 0.1222 pedestrian
231 16.5051 -0.2793 pedestrian
231 18.2894 0.1222 pedestrian
232 16.5051 -0.2793 pedestrian
232 18.2894 0.1222 pedestrian
233 16.5051 -0.2793 pedestrian
233 18.2894 0.1222 pedestrian
234 16.5051 -0.2793 pedestrian
234 18.2894 0.1222 pedestrian
235 16.7281 -0.2618 pedestrian
235 18.5125 0.1047 pedestrian
236 16.7281 -0.2618 pedestrian
236 18.5125 0.1047 pedestrian
237 16.7281 -0.2618 pedestrian
237 18.5125 0.1047 pedestrian
238 16.7281 -0.2618 pedestrian
238 18.5125 0.1047 pedestrian
239 16.7281 -0.2618 pedestrian
239 18.5125 0.1047 pedestrian
240 16.7281 -0.2618 pedestrian
240 18.5125 0.1047 pedestrian
241 16.7281 -0.2618 pedestrian
241 18.5125 0.1047 pedestrian
242 16.7281 -0.2618 pedestrian
242 18.5125 0.1047 pedestrian
243 16.7281 -0.2618 pedestrian
243 18.5125 0.1047 pedestrian
244 16.7281 -0.2618 pedestrian
244 18.5125 0.1047 pedestrian
245 16.7281 -0.2618 pedestrian
245 18.5125 0.1047 pedestrian
246 16.7281 -0.2618 pedestrian
246 18.5125 0.1047 pedestrian
247 16.7281 -0.2618 pedestrian
247 18.7355 0.1047 pedestrian
248 16.7281 -0.2618 pedestrian
248 18.7355 0.1047 pedestrian
249 16.7281 -0.2618 pedestrian
249 18.7355 0.1047 pedestrian
250 16.7281 -0.2618 pedestrian
250 18.7355 0.1047 pedestrian
251 16.7281 -0.2618 pedestrian
251 18.7355 0.1047 pedestrian
252 16.7281 -0.2618 pedestrian
252 18.7355 0.1047 pedestrian
253 16.7281 -0.2443 pedestrian
253 18.9586 0.1047 pedestrian
254 16.7281 -0.2443 pedestrian
254 18.9586 0.1047 pedestrian
255 16.7281 -0.2443 pedestrian
255 18.9586 0.1047 pedestrian
256 16.7281 -0.2443 pedestrian
256 18.9586 0.1047 pedestrian
257 16.7281 -0.2443 pedestrian
257 18.9586 0.1047 pedestrian
258 16.7281 -0.2443 pedestrian
258 18.9586 0.1047 pedestrian
259 16.7281 -0.2443 pedestrian
259 18.9586 0.1047 pedestrian
260 16.7281 -0.2443 pedestrian
260 18.9586 0.1047 pedestrian
261 16.7281 -0.2094 pedestrian
261 19.1816 0.1047 pedestrian
262 16.7281 -0.2094 pedestrian
262 19.1816 0.1047 pedestrian
263 16.7281 -0.2094 pedestrian
263 19.1816 0.1047 pedestrian
264 16.7281 -0.2094 pedestrian
264 19.1816 0.1047 pedestrian
265 16.7281 -0.2094 pedestrian
265 19.1816 0.1047 pedestrian
266 16.7281 -0.2094 pedestrian
266 19.4046 0.0698 pedestrian
267 16.7281 -0.2094 pedestrian
267 19.4046 0.0698 pedestrian
268 16.7281 -0.2094 pedestrian
268 19.4046 0.0698 pedestrian
269 16.7281 -0.2094 pedestrian
269 19.4046 0.0698 pedestrian
270 16.7281 -0.1745 pedestrian
270 19.4046 0.0698 pedestrian
271 16.7281 -0.1745 pedestrian
271 19.4046 0.0698 pedestrian
272 16.7281 -0.1745 pedestrian
272 19.4046 0.0698 pedestrian
273 16.7281 -0.1745 pedestrian
273 19.4046 0.0698 pedestrian
274 16.7281 -0.1745 pedestrian
274 19.4046 0.0698 pedestrian
275 16.7281 -0.1745 pedestrian
275 19.4046 0.0698 pedestrian
276 16.7281 -0.1745 pedestrian
276 19.4046 0.0698 pedestrian
277 16.7281 -0.1745 pedestrian
277 19.8507 0.0698 pedestrian
278 16.7281 -0.1745 pedestrian
278 19.8507 0.0698 pedestrian
279 16.7281 -0.1745 pedestrian
279 19.8507 0.0698 pedestrian
280 16.7281 -0.1745 pedestrian
280 19.8507 0.0698 pedestrian
281 16.7281 -0.1745 pedestrian
281 19.8507 0.0698 pedestrian
282 16.7281 -0.1745 pedestrian
282 19.8507 0.0698 pedestrian
283 16.7281 -0.1745 pedestrian
283 19.8507 0.0698 pedestrian
284 16.7281 -0.1745 pedestrian
284 19.8507 0.0698 pedestrian
285 16.7281 -0.1745 pedestrian
285 20.0738 0.0873 pedestrian
286 16.7281 -0.1745 pedestrian
286 20.0738 0.0873 pedestrian
287 16.7281 -0.1745 pedestrian
287 20.0738 0.0873 pedestrian
288 16.5051 -0.1571 pedestrian
288 20.0738 0.0873 pedestrian
289 16.5051 -0.1571 pedestrian
289 20.0738 0.0873 pedestrian
290 16.5051 -0.1571 pedestrian
290 20.0738 0.0873 pedestrian
291 16.5051 -0.1571 pedestrian
291 20.0738 0.0873 pedestrian
292 16.5051 -0.1571 pedestrian
292 20.0738 0.0873 pedestrian
293 16.5051 -0.1571 pedestrian
293 20.0738 0.0873 pedestrian
294 16.5051 -0.1571 pedestrian
294 20.0738 0.0873 pedestrian
295 16.2821 -0.1396 pedestrian
295 20.2968 0.0698 pedestrian
296 16.2821 -0.1396 pedestrian
296 20.2968 0.0698 pedestrian
297 16.2821 -0.1396 pedestrian
297 20.2968 0.0698 pedestrian
298 16.2821 -0.1396 pedestrian
298 20.2968 0.0698 pedestrian
299 16.2821 -0.1396 pedestrian
299 20.2968 0.0698 pedestrian
300 16.2821 -0.1396 pedestrian
300 20.2968 0.0698 pedestrian
301 16.2821 -0.1396 pedestrian
301 20.2968 0.0698 pedestrian
302 16.2821 -0.1396 pedestrian
302 20.2968 0.0698 pedestrian
303 16.2821 -0.1396 pedestrian
303 20.2968 0.0698 pedestrian
304 16.2821 -0.1222 pedestrian
304 20.5198 0.0698 pedestrian
305 16.2821 -0.1222 pedestrian
305 20.5198 0.0698 pedestrian
306 16.2821 -0.1222 pedestrian
306 20.5198 0.0698 pedestrian
307 16.2821 -0.1222 pedestrian
307 20.5198 0.0698 pedestrian
308 16.2821 -0.1222 pedestrian
308 20.5198 0.0698 pedestrian
309 16.2821 -0.1222 pedestrian
309 20.5198 0.0698 pedestrian
310 16.2821 -0.1222 pedestrian
310 20.5198 0.0698 pedestrian
311 16.2821 -0.1222 pedestrian
311 20.5198 0.0698 pedestrian
312 16.0590 -0.1047 pedestrian
312 20.7429 0.0698 pedestrian
313 16.0590 -0.1047 pedestrian
313 20.7429 0.0698 pedestrian
314 16.0590 -0.1047 pedestrian
314 20.7429 0.0698 pedestrian
315 16.0590 -0.1047 pedestrian
315 20.7429 0.0698 pedestrian
316 16.0590 -0.1047 pedestrian
316 20.7429 0.0698 pedestrian
317 16.0590 -0.1047 pedestrian
317 20.9659 0.0698 pedestrian
318 16.0590 -0.0873 pedestrian
318 20.9659 0.0524 pedestrian
319 16.0590 -0.0873 pedestrian
319 20.9659 0.0524 pedestrian
320 16.0590 -0.0873 pedestrian
320 20.9659 0.0524 pedestrian
321 16.0590 -0.0873 pedestrian
321 20.9659 0.0524 pedestrian
322 16.0590 -0.0873 pedestrian
322 20.9659 0.0524 pedestrian
323 16.0590 -0.0873 pedestrian
323 20.9659 0.0524 pedestrian
324 15.8360 -0.0873 pedestrian
324 21.1890 0.0524 pedestrian
325 15.8360 -0.0873 pedestrian
325 21.1890 0.0524 pedestrian
326 15.8360 -0.0873 pedestrian
326 21.1890 0.0524 pedestrian
327 15.8360 -0.0873 pedestrian
327 21.1890 0.0524 pedestrian
328 15.8360 -0.0873 pedestrian
328 21.1890 0.0524 pedestrian
329 15.6129 -0.0698 pedestrian
329 21.1890 0.0349 pedestrian
330 15.6129 -0.0698 pedestrian
330 21.1890 0.0349 pedestrian
331 15.6129 -0.0698 pedestrian
331 21.1890 0.0349 pedestrian
332 15.6129 -0.0698 pedestrian
332 21.1890 0.0349 pedestrian
333 15.6129 -0.0698 pedestrian
333 21.1890 0.0349 pedestrian
334 15.6129 -0.0698 pedestrian
334 21.1890 0.0349 pedestrian
335 15.3899 -0.0524 pedestrian
335 21.1890 0.0349 pedestrian
336 15.3899 -0.0524 pedestrian
336 21.1890 0.0349 pedestrian
337 15.3899 -0.0524 pedestrian
337 21.1890 0.0349 pedestrian
338 15.3899 -0.0524 pedestrian
338 21.1890 0.0349 pedestrian
339 15.3899 -0.0524 pedestrian
339 21.1890 0.0349 pedestrian
340 15.3899 -0.0349 pedestrian
340 21.4120 0.0000 pedestrian
341 15.3899 -0.0349 pedestrian
341 21.4120 0.0000 pedestrian
342 15.3899 -0.0349 pedestrian
342 21.4120 0.0000 pedestrian
343 15.3899 -0.0349 pedestrian
343 21.4120 0.0000 pedestrian
344 15.3899 -0.0349 pedestrian
344 21.4120 0.0000 pedestrian
345 15.3899 -0.0349 pedestrian
345 21.4120 0.0000 pedestrian
346 15.3899 -0.0349 pedestrian
346 21.4120 0.0000 pedestrian
347 15.3899 -0.0349 pedestrian
347 21.4120 0.0000 pedestrian
348 15.3899 -0.0349 pedestrian
348 21.4120 0.0000 pedestrian
349 15.3899 -0.0349 pedestrian
349 21.4120 0.0000 pedestrian
350 15.3899 -0.0349 pedestrian
350 21.4120 0.0000 pedestrian
351 15.3899 -0.0349 pedestrian
351 21.4120 0.0000 pedestrian
352 15.3899 -0.0349 pedestrian
352 21.4120 0.0000 pedestrian
353 15.1668 -0.0175 pedestrian
353 21.4120 0.0000 pedestrian
354 15.1668 -0.0175 pedestrian
354 21.4120 0.0000 pedestrian
355 15.1668 -0.0175 pedestrian
355 21.4120 0.0000 pedestrian
356 15.1668 -0.0175 pedestrian
356 21.4120 0.0000 pedestrian
357 15.1668 -0.0175 pedestrian
357 21.4120 0.0000 pedestrian
358 15.1668 0.0175 pedestrian
358 21.4120 -0.0349 pedestrian
359 15.1668 0.0175 pedestrian
359 21.4120 -0.0349 pedestrian
360 15.1668 0.0175 pedestrian
360 21.4120 -0.0349 pedestrian
361 15.1668 0.0175 pedestrian
361 21.4120 -0.0349 pedestrian
362 15.1668 0.0175 pedestrian
362 21.4120 -0.0349 pedestrian
363 15.1668 0.0175 pedestrian
363 21.4120 -0.0349 pedestrian
364 15.1668 0.0175 pedestrian
364 21.4120 -0.0349 pedestrian
365 15.1668 0.0175 pedestrian
365 21.4120 -0.0349 pedestrian
366 14.9438 0.0349 pedestrian
366 21.1890 -0.0175 pedestrian
367 14.9438 0.0349 pedestrian
367 21.1890 -0.0175 pedestrian
368 14.9438 0.0349 pedestrian
368 21.1890 -0.0175 pedestrian
369 14.9438 0.0349 pedestrian
369 21.1890 -0.0175 pedestrian
370 14.9438 0.0349 pedestrian
370 21.1890 -0.0175 pedestrian
371 14.9438 0.0349 pedestrian
371 21.1890 -0.0175 pedestrian
372 14.9438 0.0349 pedestrian
372 21.1890 -0.0175 pedestrian
373 14.9438 0.0349 pedestrian
373 21.1890 -0.0175 pedestrian
374 14.9438 0.0349 pedestrian
374 21.1890 -0.0175 pedestrian
375 14.9438 0.0349 pedestrian
375 21.1890 -0.0175 pedestrian
376 14.9438 0.0349 pedestrian
376 21.1890 -0.0349 pedestrian
377 14.9438 0.0349 pedestrian
377 21.1890 -0.0349 pedestrian
378 14.9438 0.0349 pedestrian
378 21.1890 -0.0349 pedestrian
379 15.1668 0.0698 pedestrian
379 21.1890 -0.0349 pedestrian
380 15.1668 0.0698 pedestrian
380 21.1890 -0.0349 pedestrian
381 15.1668 0.0698 pedestrian
381 21.1890 -0.0349 pedestrian
382 15.1668 0.0698 pedestrian
382 21.1890 -0.0349 pedestrian
383 15.1668 0.0698 pedestrian
383 20.9659 -0.0349 pedestrian
384 15.1668 0.0698 pedestrian
384 20.9659 -0.0349 pedestrian
385 15.1668 0.0698 pedestrian
385 20.9659 -0.0349 pedestrian
386 15.1668 0.0698 pedestrian
386 20.9659 -0.0349 pedestrian
387 15.1668 0.0698 pedestrian
387 20.9659 -0.0349 pedestrian
388 15.1668 0.0698 pedestrian
388 20.9659 -0.0349 pedestrian
389 15.1668 0.0698 pedestrian
389 20.9659 -0.0349 pedestrian
390 15.3899 0.1047 pedestrian
390 20.7429 -0.0698 pedestrian
391 15.3899 0.1047 pedestrian
391 20.7429 -0.0698 pedestrian
392 15.3899 0.1047 pedestrian
392 20.7429 -0.0698 pedestrian
393 15.3899 0.1047 pedestrian
393 20.7429 -0.0698 pedestrian
394 15.6129 0.1222 pedestrian
394 20.7429 -0.0349 pedestrian
395 15.6129 0.1222 pedestrian
395 20.7429 -0.0349 pedestrian
396 15.6129 0.1222 pedestrian
396 20.7429 -0.0349 pedestrian
397 15.6129 0.1222 pedestrian
397 20.7429 -0.0349 pedestrian
398 15.6129 0.1222 pedestrian
398 20.5198 -0.0524 pedestrian
399 15.6129 0.1222 pedestrian
399 20.5198 -0.0524 pedestrian
400 15.6129 0.1222 pedestrian
400 20.5198 -0.0524 pedestrian
401 15.6129 0.1222 pedestrian
401 20.5198 -0.0524 pedestrian
402 15.6129 0.1222 pedestrian
402 20.5198 -0.0524 pedestrian
403 15.6129 0.1222 pedestrian
403 20.5198 -0.0524 pedestrian
404 15.6129 0.1222 pedestrian
404 20.5198 -0.0524 pedestrian
405 15.6129 0.1222 pedestrian
405 20.5198 -0.0524 pedestrian
406 15.6129 0.1222 pedestrian
406 20.5198 -0.0524 pedestrian
407 15.6129 0.1222 pedestrian
407 20.5198 -0.0524 pedestrian
408 15.8360 0.1396 pedestrian
408 20.2968 -0.0698 pedestrian
409 15.8360 0.1396 pedestrian
409 20.2968 -0.0698 pedestrian
410 15.8360 0.1396 pedestrian
410 20.2968 -0.0698 pedestrian
411 15.8360 0.1396 pedestrian
411 20.2968 -0.0698 pedestrian
412 15.8360 0.1396 pedestrian
412 20.2968 -0.0698 pedestrian
413 15.8360 0.1396 pedestrian
413 20.2968 -0.0698 pedestrian
414 15.8360 0.1396 pedestrian
414 20.2968 -0.0698 pedestrian
415 16.2821 0.1396 pedestrian
415 20.0738 -0.0698 pedestrian
416 16.2821 0.1396 pedestrian
416 20.0738 -0.0698 pedestrian
417 16.2821 0.1396 pedestrian
417 20.0738 -0.0698 pedestrian
418 16.2821 0.1396 pedestrian
418 20.0738 -0.0698 pedestrian
419 16.2821 0.1396 pedestrian
419 20.0738 -0.0698 pedestrian
420 16.2821 0.1396 pedestrian
420 20.0738 -0.0698 pedestrian
421 16.2821 0.1396 pedestrian
421 20.0738 -0.0698 pedestrian
422 16.2821 0.1396 pedestrian
422 20.0738 -0.0698 pedestrian
423 16.2821 0.1396 pedestrian
423 20.0738 -0.0698 pedestrian
424 16.5051 0.1396 pedestrian
424 19.8507 -0.0873 pedestrian
425 16.5051 0.1396 pedestrian
425 19.8507 -0.0873 pedestrian
426 16.5051 0.1396 pedestrian
426 19.8507 -0.0873 pedestrian
427 16.5051 0.1396 pedestrian
427 19.8507 -0.0873 pedestrian
428 16.7281 0.1396 pedestrian
428 19.8507 -0.0873 pedestrian
429 16.7281 0.1396 pedestrian
429 19.8507 -0.0873 pedestrian
430 16.7281 0.1396 pedestrian
430 19.8507 -0.0873 pedestrian
431 16.7281 0.1396 pedestrian
431 19.8507 -0.0873 pedestrian
432 16.7281 0.1396 pedestrian
432 19.8507 -0.0873 pedestrian
433 16.7281 0.1396 pedestrian
433 19.6277 -0.0873 pedestrian
434 16.7281 0.1396 pedestrian
434 19.6277 -0.0873 pedestrian
435 16.9512 0.1571 pedestrian
435 19.6277 -0.0873 pedestrian
436 16.9512 0.1571 pedestrian
436 19.6277 -0.0873 pedestrian
437 16.9512 0.1571 pedestrian
437 19.6277 -0.0873 pedestrian
438 16.9512 0.1571 pedestrian
438 19.6277 -0.0873 pedestrian
439 16.9512 0.1571 pedestrian
439 19.6277 -0.0873 pedestrian
440 17.1742 0.1571 pedestrian
440 19.4046 -0.0524 pedestrian
441 17.1742 0.1571 pedestrian
441 19.4046 -0.0524 pedestrian
442 17.1742 0.1571 pedestrian
442 19.4046 -0.0524 pedestrian
443 17.1742 0.1571 pedestrian
443 19.4046 -0.0524 pedestrian
444 17.3973 0.1571 pedestrian
444 19.4046 -0.0524 pedestrian
445 17.3973 0.1571 pedestrian
445 19.4046 -0.0524 pedestrian
446 17.6203 0.1571 pedestrian
446 19.1816 -0.0698 pedestrian
447 17.6203 0.1571 pedestrian
447 19.1816 -0.0698 pedestrian
448 17.6203 0.1571 pedestrian
448 19.1816 -0.0698 pedestrian
449 17.6203 0.1571 pedestrian
449 19.1816 -0.0698 pedestrian
450 17.6203 0.1571 pedestrian
450 19.1816 -0.0698 pedestrian
451 17.6203 0.1571 pedestrian
451 19.1816 -0.0698 pedestrian
452 17.6203 0.1571 pedestrian
452 19.1816 -0.0698 pedestrian
453 17.6203 0.1571 pedestrian
453 19.1816 -0.0698 pedestrian
454 17.6203 0.1571 pedestrian
454 19.1816 -0.0698 pedestrian
455 17.6203 0.1571 pedestrian
455 19.1816 -0.0698 pedestrian
456 17.8433 0.1571 pedestrian
456 18.9586 -0.0698 pedestrian
457 17.8433 0.1571 pedestrian
457 18.9586 -0.0698 pedestrian
458 17.8433 0.1571 pedestrian
458 18.9586 -0.0698 pedestrian
459 17.8433 0.1571 pedestrian
459 18.9586 -0.0698 pedestrian
460 18.0664 0.1571 pedestrian
460 18.9586 -0.0698 pedestrian
461 18.0664 0.1571 pedestrian
461 18.9586 -0.0698 pedestrian
462 18.0664 0.1571 pedestrian
462 18.9586 -0.0698 pedestrian
463 18.0664 0.1571 pedestrian
463 18.9586 -0.0698 pedestrian
464 18.0664 0.1571 pedestrian
464 18.9586 -0.0698 pedestrian
465 18.0664 0.1571 pedestrian
465 18.9586 -0.0698 pedestrian
466 18.2894 0.1571 pedestrian
466 18.7355 -0.0698 pedestrian
467 18.2894 0.1571 pedestrian
467 18.9586 -0.0175 pedestrian
468 18.2894 0.1571 pedestrian
468 18.9586 -0.0175 pedestrian
469 18.2894 0.1571 pedestrian
469 18.9586 -0.0175 pedestrian
470 18.2894 0.1571 pedestrian
470 18.7355 -0.0349 pedestrian
471 18.2894 0.1571 pedestrian
471 18.7355 -0.0349 pedestrian
472 18.2894 0.1571 pedestrian
472 18.7355 -0.0349 pedestrian
473 18.2894 0.1571 pedestrian
473 18.7355 -0.0349 pedestrian
474 18.5125 0.1571 pedestrian
474 18.5125 -0.0349 pedestrian
475 18.5125 0.1571 pedestrian
475 18.5125 -0.0349 pedestrian
476 18.5125 0.1571 pedestrian
476 18.5125 -0.0349 pedestrian
477 18.5125 0.1571 pedestrian
477 18.5125 -0.0349 pedestrian
478 18.5125 0.1571 pedestrian
478 18.5125 -0.0349 pedestrian
479 18.7355 0.1571 pedestrian
479 18.5125 -0.0175 pedestrian
480 18.7355 0.1571 pedestrian
480 18.5125 -0.0175 pedestrian
481 18.7355 0.1571 pedestrian
481 18.5125 -0.0175 pedestrian
482 18.7355 0.1571 pedestrian
482 18.5125 -0.0175 pedestrian
483 18.7355 0.1571 pedestrian
483 18.5125 -0.0175 pedestrian
484 18.7355 0.1571 pedestrian
484 18.5125 -0.0175 pedestrian
485 18.7355 0.1571 pedestrian
485 18.5125 -0.0175 pedestrian
486 18.7355 0.1571 pedestrian
486 18.5125 -0.0175 pedestrian
487 18.7355 0.1571 pedestrian
487 18.5125 -0.0175 pedestrian
488 18.7355 0.1571 pedestrian
488 18.5125 -0.0175 pedestrian
489 18.7355 0.1571 pedestrian
489 18.5125 -0.0175 pedestrian
490 18.7355 0.1571 pedestrian
490 18.5125 -0.0175 pedestrian
491 18.7355 0.1571 pedestrian
491 18.5125 -0.0175 pedestrian
492 18.7355 0.1571 pedestrian
492 18.5125 -0.0175 pedestrian
493 18.7355 0.1571 pedestrian
493 18.5125 -0.0175 pedestrian
494 18.7355 0.1571 pedestrian
494 18.5125 -0.0175 pedestrian
495 18.7355 0.1571 pedestrian
495 18.5125 -0.0175 pedestrian
496 18.7355 0.1571 pedestrian
496 18.5125 -0.0175 pedestrian
497 18.7355 0.1571 pedestrian
497 18.5125 -0.0175 pedestrian
498 18.7355 0.2094 pedestrian
498 18.5125 0.0175 pedestrian
499 18.7355 0.2094 pedestrian
499 18.5125 0.0175 pedestrian
500 18.7355 0.2094 pedestrian
500 18.5125 0.0175 pedestrian
501 18.7355 0.2094 pedestrian
501 18.5125 0.0175 pedestrian
502 18.7355 0.2094 pedestrian
502 18.5125 0.0175 pedestrian
503 18.7355 0.2094 pedestrian
503 18.5125 0.0175 pedestrian
504 18.7355 0.2094 pedestrian
504 18.5125 0.0175 pedestrian
505 18.7355 0.2094 pedestrian
505 18.5125 0.0175 pedestrian
506 18.7355 0.2094 pedestrian
506 18.5125 0.0175 pedestrian
507 18.7355 0.2094 pedestrian
507 18.5125 0.0175 pedestrian
508 18.7355 0.2094 pedestrian
508 18.5125 0.0175 pedestrian
509 18.7355 0.2094 pedestrian
509 18.5125 0.0175 pedestrian
510 18.7355 0.2094 pedestrian
510 18.5125 0.0175 pedestrian
511 18.7355 0.2094 pedestrian
511 18.5125 0.0175 pedestrian
512 18.7355 0.2094 pedestrian
512 18.5125 0.0175 pedestrian
513 18.7355 0.2094 pedestrian
513 18.5125 0.0175 pedestrian
514 18.7355 0.2094 pedestrian
514 18.5125 0.0175 pedestrian
515 18.7355 0.2094 pedestrian
515 18.5125 0.0175 pedestrian
516 18.7355 0.2094 pedestrian
516 18.5125 0.0175 pedestrian
517 18.2894 0.2443 pedestrian
517 18.7355 0.0524 pedestrian
518 18.2894 0.2443 pedestrian
518 18.7355 0.0524 pedestrian
519 18.2894 0.2443 pedestrian
519 18.7355 0.0524 pedestrian
520 18.2894 0.2443 pedestrian
520 18.7355 0.0524 pedestrian
521 18.2894 0.2443 pedestrian
521 18.7355 0.0524 pedestrian
522 18.2894 0.2443 pedestrian
522 18.7355 0.0524 pedestrian
523 18.2894 0.2443 pedestrian
523 18.7355 0.0524 pedestrian
524 18.2894 0.2443 pedestrian
524 18.7355 0.0524 pedestrian
525 18.2894 0.2443 pedestrian
525 18.7355 0.0524 pedestrian
526 18.2894 0.2443 pedestrian
526 18.7355 0.0524 pedestrian
527 18.2894 0.2443 pedestrian
527 18.7355 0.0524 pedestrian
528 18.2894 0.2443 pedestrian
528 18.9586 0.0698 pedestrian
529 18.2894 0.2443 pedestrian
529 18.9586 0.0698 pedestrian
530 18.2894 0.2443 pedestrian
530 18.9586 0.0698 pedestrian
531 18.2894 0.2443 pedestrian
531 18.9586 0.0698 pedestrian
532 18.2894 0.2443 pedestrian
532 18.9586 0.0698 pedestrian
533 18.2894 0.2443 pedestrian
533 18.9586 0.0698 pedestrian
534 18.2894 0.2443 pedestrian
534 19.1816 0.0698 pedestrian
535 18.2894 0.2443 pedestrian
535 19.1816 0.0698 pedestrian
536 18.2894 0.2443 pedestrian
536 19.1816 0.0698 pedestrian
537 18.2894 0.2443 pedestrian
537 19.1816 0.0698 pedestrian
538 18.2894 0.2443 pedestrian
538 19.1816 0.0698 pedestrian
539 18.2894 0.2443 pedestrian
539 19.1816 0.0698 pedestrian
540 18.2894 0.2443 pedestrian
540 19.1816 0.0698 pedestrian
541 18.0664 0.2443 pedestrian
541 19.4046 0.0873 pedestrian
542 18.0664 0.2443 pedestrian
542 19.4046 0.0873 pedestrian
543 18.0664 0.2443 pedestrian
543 19.4046 0.0873 pedestrian
544 18.0664 0.2443 pedestrian
544 19.4046 0.0873 pedestrian
545 18.0664 0.2443 pedestrian
545 19.4046 0.0873 pedestrian
546 18.0664 0.2443 pedestrian
546 19.4046 0.0873 pedestrian
547 18.0664 0.2094 pedestrian
547 19.4046 0.0873 pedestrian
548 18.0664 0.2094 pedestrian
548 19.4046 0.0873 pedestrian
549 18.0664 0.2094 pedestrian
549 19.4046 0.0873 pedestrian
550 18.0664 0.2094 pedestrian
550 19.4046 0.0873 pedestrian
551 18.0664 0.2094 pedestrian
551 19.4046 0.0873 pedestrian
552 18.0664 0.2094 pedestrian
552 19.4046 0.0873 pedestrian
553 17.6203 0.2094 pedestrian
553 19.6277 0.0873 pedestrian
554 17.6203 0.2094 pedestrian
554 19.6277 0.0873 pedestrian
555 17.6203 0.2094 pedestrian
555 19.6277 0.0873 pedestrian
556 17.6203 0.2094 pedestrian
556 19.6277 0.0873 pedestrian
557 17.6203 0.2094 pedestrian
557 19.6277 0.0873 pedestrian
558 17.6203 0.2094 pedestrian
558 19.6277 0.0873 pedestrian
559 17.6203 0.2094 pedestrian
559 19.8507 0.0873 pedestrian
560 17.6203 0.2094 pedestrian
560 19.8507 0.0873 pedestrian
561 17.6203 0.2094 pedestrian
561 19.8507 0.0873 pedestrian
562 17.6203 0.2094 pedestrian
562 19.8507 0.0873 pedestrian
563 17.6203 0.2094 pedestrian
563 20.0738 0.0873 pedestrian
564 17.6203 0.2094 pedestrian
564 20.0738 0.0873 pedestrian
565 17.6203 0.2094 pedestrian
565 20.0738 0.0873 pedestrian
566 17.6203 0.2094 pedestrian
566 20.0738 0.0873 pedestrian
567 17.6203 0.2094 pedestrian
567 20.0738 0.0873 pedestrian
568 17.6203 0.2094 pedestrian
568 20.0738 0.0873 pedestrian
569 17.6203 0.2094 pedestrian
569 20.2968 0.1047 pedestrian
570 17.6203 0.2094 pedestrian
570 20.2968 0.1047 pedestrian
571 17.6203 0.2094 pedestrian
571 20.2968 0.1047 pedestrian
572 17.3973 0.2094 pedestrian
572 20.2968 0.1047 pedestrian
573 17.3973 0.2094 pedestrian
573 20.2968 0.1047 pedestrian
574 17.3973 0.2094 pedestrian
574 20.2968 0.1047 pedestrian
575 17.3973 0.2094 pedestrian
575 20.2968 0.1047 pedestrian
576 16.9512 0.2094 pedestrian
576 20.2968 0.1047 pedestrian
577 16.9512 0.2094 pedestrian
577 20.2968 0.1047 pedestrian
578 16.9512 0.2094 pedestrian
578 20.2968 0.1047 pedestrian
579 16.9512 0.2094 pedestrian
579 20.2968 0.1047 pedestrian
580 17.1742 0.2094 pedestrian
580 20.5198 0.1047 pedestrian
581 17.1742 0.2094 pedestrian
581 20.5198 0.1047 pedestrian
582 17.1742 0.2094 pedestrian
582 20.5198 0.1047 pedestrian
583 17.1742 0.1745 pedestrian
583 20.7429 0.1222 pedestrian
584 17.1742 0.1745 pedestrian
584 20.7429 0.1222 pedestrian
585 17.1742 0.1745 pedestrian
585 20.7429 0.1047 pedestrian
586 17.1742 0.1745 pedestrian
586 20.7429 0.1047 pedestrian
587 17.1742 0.1745 pedestrian
587 20.7429 0.1047 pedestrian
588 17.1742 0.1745 pedestrian
588 20.7429 0.1047 pedestrian
589 17.1742 0.1745 pedestrian
589 20.7429 0.1047 pedestrian
590 17.1742 0.1745 pedestrian
590 20.7429 0.1047 pedestrian
591 17.1742 0.1745 pedestrian
591 20.7429 0.1047 pedestrian
592 16.9512 0.1745 pedestrian
592 20.7429 0.1047 pedestrian
593 16.9512 0.1745 pedestrian
593 20.7429 0.1047 pedestrian
594 16.9512 0.1745 pedestrian
594 20.7429 0.1047 pedestrian
595 16.9512 0.1745 pedestrian
595 20.9659 0.1047 pedestrian
596 16.9512 0.1745 pedestrian
596 20.9659 0.1047 pedestrian
597 16.9512 0.1745 pedestrian
597 20.9659 0.1047 pedestrian
598 16.9512 0.1745 pedestrian
598 20.9659 0.1047 pedestrian
599 16.9512 0.1745 pedestrian
599 20.9659 0.1047 pedestrian
600 16.9512 0.1396 pedestrian
600 21.1890 0.1047 pedestrian
601 16.9512 0.1396 pedestrian
601 21.1890 0.1047 pedestrian
602 16.9512 0.1396 pedestrian
602 21.1890 0.1047 pedestrian
603 16.9512 0.1396 pedestrian
603 21.1890 0.1047 pedestrian
604 16.7281 0.1396 pedestrian
604 21.1890 0.1047 pedestrian
605 16.7281 0.1396 pedestrian
605 21.1890 0.1047 pedestrian
606 16.7281 0.1396 pedestrian
606 21.1890 0.1047 pedestrian
607 16.7281 0.1396 pedestrian
607 21.1890 0.1047 pedestrian
608 16.7281 0.1396 pedestrian
608 21.1890 0.1047 pedestrian
609 16.7281 0.1396 pedestrian
609 21.1890 0.1047 pedestrian
610 16.7281 0.1396 pedestrian
610 21.1890 0.1047 pedestrian
611 16.7281 0.1396 pedestrian
611 21.4120 0.0873 pedestrian
612 16.7281 0.1396 pedestrian
612 21.4120 0.0873 pedestrian
613 16.7281 0.1396 pedestrian
613 21.4120 0.0873 pedestrian
614 16.7281 0.1396 pedestrian
614 21.4120 0.0873 pedestrian
615 16.7281 0.1396 pedestrian
615 21.6351 0.0873 pedestrian
616 16.7281 0.1396 pedestrian
616 21.6351 0.0873 pedestrian
617 16.7281 0.1396 pedestrian
617 21.6351 0.0873 pedestrian
618 16.7281 0.1396 pedestrian
618 21.6351 0.0873 pedestrian
619 16.7281 0.1396 pedestrian
619 21.6351 0.0873 pedestrian
620 16.7281 0.1047 pedestrian
620 21.6351 0.0873 pedestrian
621 16.7281 0.1047 pedestrian
621 21.6351 0.0873 pedestrian
622 16.7281 0.1047 pedestrian
622 21.6351 0.0873 pedestrian
623 16.7281 0.1047 pedestrian
623 21.6351 0.0873 pedestrian
624 16.7281 0.1047 pedestrian
624 21.6351 0.0873 pedestrian
625 16.7281 0.1047 pedestrian
625 21.6351 0.0873 pedestrian
626 16.7281 0.1047 pedestrian
626 21.6351 0.0873 pedestrian
627 16.7281 0.1047 pedestrian
627 21.6351 0.0873 pedestrian
628 16.7281 0.1047 pedestrian
628 21.8581 0.0873 pedestrian
629 16.7281 0.1047 pedestrian
629 21.8581 0.0873 pedestrian
630 16.7281 0.1047 pedestrian
630 21.8581 0.0873 pedestrian
631 16.7281 0.1047 pedestrian
631 21.8581 0.0873 pedestrian
632 16.7281 0.1047 pedestrian
632 21.8581 0.0873 pedestrian
633 16.7281 0.1047 pedestrian
633 21.8581 0.0873 pedestrian
634 16.7281 0.1047 pedestrian
634 21.8581 0.0873 pedestrian
635 16.7281 0.1047 pedestrian
635 22.0811 0.0698 pedestrian
636 16.7281 0.1047 pedestrian
636 22.0811 0.0698 pedestrian
637 16.7281 0.1047 pedestrian
637 22.0811 0.0698 pedestrian
638 16.7281 0.1047 pedestrian
638 22.0811 0.0698 pedestrian
639 16.7281 0.0873 pedestrian
639 22.0811 0.0698 pedestrian
640 16.7281 0.0873 pedestrian
640 22.0811 0.0698 pedestrian
641 16.7281 0.0873 pedestrian
641 22.0811 0.0698 pedestrian
642 16.7281 0.0873 pedestrian
642 22.0811 0.0698 pedestrian
643 16.7281 0.0873 pedestrian
643 22.0811 0.0698 pedestrian
644 16.7281 0.0873 pedestrian
644 22.0811 0.0698 pedestrian
645 16.7281 0.0873 pedestrian
645 22.0811 0.0698 pedestrian
646 16.7281 0.0524 pedestrian
646 22.0811 0.0524 pedestrian
647 16.7281 0.0524 pedestrian
647 22.0811 0.0524 pedestrian
648 16.7281 0.0524 pedestrian
648 22.0811 0.0524 pedestrian
649 16.7281 0.0524 pedestrian
649 22.0811 0.0524 pedestrian
650 16.7281 0.0524 pedestrian
650 22.0811 0.0524 pedestrian
651 16.7281 0.0524 pedestrian
651 22.3042 0.0349 pedestrian
652 16.7281 0.0524 pedestrian
652 22.3042 0.0349 pedestrian
653 16.7281 0.0524 pedestrian
653 22.3042 0.0349 pedestrian
654 16.7281 0.0524 pedestrian
654 22.3042 0.0349 pedestrian
655 16.7281 0.0524 pedestrian
655 22.3042 0.0349 pedestrian
656 16.7281 0.0524 pedestrian
656 22.3042 0.0349 pedestrian
657 16.7281 0.0524 pedestrian
657 22.3042 0.0349 pedestrian
658 16.7281 0.0524 pedestrian
658 22.3042 0.0349 pedestrian
659 16.7281 0.0524 pedestrian
659 22.0811 0.0000 pedestrian
660 16.7281 0.0524 pedestrian
660 22.0811 0.0000 pedestrian
661 16.7281 0.0524 pedestrian
661 22.0811 0.0000 pedestrian
662 16.7281 0.0175 pedestrian
662 22.3042 0.0000 pedestrian
663 16.7281 0.0175 pedestrian
663 22.3042 0.0000 pedestrian
664 16.7281 0.0175 pedestrian
664 22.3042 0.0000 pedestrian
665 16.7281 0.0175 pedestrian
665 22.3042 0.0000 pedestrian
666 16.7281 0.0175 pedestrian
666 22.3042 0.0000 pedestrian
667 16.7281 0.0175 pedestrian
667 22.3042 0.0000 pedestrian
668 16.7281 0.0175 pedestrian
668 22.3042 0.0000 pedestrian
669 16.7281 0.0175 pedestrian
669 22.3042 0.0000 pedestrian
670 16.7281 0.0175 pedestrian
670 22.3042 0.0000 pedestrian
671 16.7281 0.0175 pedestrian
671 22.3042 0.0000 pedestrian
672 16.7281 0.0175 pedestrian
672 22.3042 0.0000 pedestrian
673 16.7281 0.0175 pedestrian
673 22.3042 0.0000 pedestrian
674 16.7281 0.0175 pedestrian
674 22.3042 0.0000 pedestrian
675 16.9512 0.0175 pedestrian
675 22.3042 0.0000 pedestrian
676 16.9512 0.0175 pedestrian
676 22.3042 0.0000 pedestrian
677 16.9512 0.0175 pedestrian
677 22.3042 0.0000 pedestrian
678 16.9512 0.0175 pedestrian
678 22.3042 0.0000 pedestrian
679 16.9512 0.0175 pedestrian
679 22.3042 0.0000 pedestrian
680 17.1742 0.0000 pedestrian
680 22.3042 -0.0349 pedestrian
681 17.1742 0.0000 pedestrian
681 22.3042 -0.0349 pedestrian
682 17.1742 0.0000 pedestrian
682 22.3042 -0.0349 pedestrian
683 17.1742 0.0000 pedestrian
683 22.3042 -0.0349 pedestrian
684 17.1742 0.0000 pedestrian
684 22.3042 -0.0349 pedestrian
685 17.1742 -0.0175 pedestrian
685 22.3042 0.0000 pedestrian
686 17.1742 -0.0175 pedestrian
686 22.3042 0.0000 pedestrian
687 17.1742 -0.0175 pedestrian
687 22.3042 0.0000 pedestrian
688 17.1742 -0.0175 pedestrian
688 22.3042 0.0000 pedestrian
689 17.1742 -0.0175 pedestrian
689 22.3042 0.0000 pedestrian
690 17.1742 -0.0175 pedestrian
690 22.3042 0.0000 pedestrian
691 17.1742 -0.0175 pedestrian
691 22.3042 0.0000 pedestrian
692 17.1742 -0.0175 pedestrian
692 22.0811 0.0000 pedestrian
693 17.1742 -0.0175 pedestrian
693 22.0811 0.0000 pedestrian
694 17.1742 -0.0175 pedestrian
694 22.0811 0.0000 pedestrian
695 17.1742 -0.0175 pedestrian
695 22.0811 0.0000 pedestrian
696 17.1742 -0.0175 pedestrian
696 22.0811 0.0000 pedestrian
697 17.1742 -0.0175 pedestrian
697 22.0811 0.0000 pedestrian
698 17.1742 -0.0175 pedestrian
698 22.0811 0.0000 pedestrian
699 17.3973 0.0175 pedestrian
699 22.0811 -0.0175 pedestrian
700 17.3973 0.0175 pedestrian
700 22.0811 -0.0175 pedestrian
701 17.3973 0.0175 pedestrian
701 22.0811 -0.0175 pedestrian
702 17.3973 0.0175 pedestrian
702 22.0811 -0.0175 pedestrian
703 17.3973 0.0175 pedestrian
703 22.0811 -0.0175 pedestrian
704 17.3973 0.0175 pedestrian
704 22.0811 -0.0175 pedestrian
705 17.3973 0.0175 pedestrian
705 22.0811 -0.0175 pedestrian
706 17.3973 0.0175 pedestrian
706 22.0811 -0.0175 pedestrian
707 17.6203 0.0000 pedestrian
707 21.8581 -0.0349 pedestrian
708 17.6203 0.0000 pedestrian
708 21.8581 -0.0349 pedestrian
709 17.6203 0.0000 pedestrian
709 21.8581 -0.0349 pedestrian
710 17.6203 0.0000 pedestrian
710 21.6351 -0.0349 pedestrian
711 17.6203 0.0000 pedestrian
711 21.6351 -0.0349 pedestrian
712 17.6203 0.0000 pedestrian
712 21.6351 -0.0349 pedestrian
713 17.6203 0.0000 pedestrian
713 21.6351 -0.0349 pedestrian
714 17.6203 0.0000 pedestrian
714 21.6351 -0.0349 pedestrian
715 17.6203 0.0000 pedestrian
715 21.6351 -0.0349 pedestrian
716 17.6203 0.0000 pedestrian
716 21.6351 -0.0349 pedestrian
717 17.6203 0.0000 pedestrian
717 21.4120 -0.0349 pedestrian
718 17.6203 0.0000 pedestrian
718 21.4120 -0.0349 pedestrian
719 17.6203 0.0000 pedestrian
719 21.4120 -0.0349 pedestrian
720 17.8433 0.0175 pedestrian
720 21.4120 -0.0349 pedestrian
721 17.8433 0.0175 pedestrian
721 21.4120 -0.0349 pedestrian
722 17.8433 0.0175 pedestrian
722 21.4120 -0.0349 pedestrian
723 17.8433 0.0175 pedestrian
723 21.4120 -0.0349 pedestrian
724 17.8433 0.0175 pedestrian
724 21.4120 -0.0349 pedestrian
725 17.8433 0.0175 pedestrian
725 21.4120 -0.0349 pedestrian
726 17.8433 0.0175 pedestrian
726 21.4120 -0.0349 pedestrian
727 17.8433 0.0175 pedestrian
727 21.1890 -0.0175 pedestrian
728 17.8433 0.0175 pedestrian
728 21.1890 -0.0175 pedestrian
729 17.8433 0.0175 pedestrian
729 21.1890 -0.0175 pedestrian
730 17.8433 0.0175 pedestrian
730 21.1890 -0.0175 pedestrian
731 17.8433 0.0175 pedestrian
731 21.1890 -0.0175 pedestrian
732 17.8433 0.0175 pedestrian
732 21.1890 -0.0175 pedestrian
733 17.8433 0.0175 pedestrian
733 21.1890 -0.0175 pedestrian
734 17.8433 0.0175 pedestrian
734 21.1890 -0.0175 pedestrian
735 17.8433 0.0175 pedestrian
735 21.1890 -0.0175 pedestrian
736 17.8433 0.0175 pedestrian
736 21.1890 -0.0175 pedestrian
737 18.0664 0.0349 pedestrian
737 20.9659 -0.0175 pedestrian
738 18.0664 0.0349 pedestrian
738 20.9659 -0.0175 pedestrian
739 18.0664 0.0349 pedestrian
739 21.1890 0.0000 pedestrian
740 18.0664 0.0349 pedestrian
740 21.1890 0.0000 pedestrian
741 18.0664 0.0349 pedestrian
741 20.9659 0.0000 pedestrian
742 18.0664 0.0349 pedestrian
742 20.9659 0.0000 pedestrian
743 17.8433 0.0349 pedestrian
743 20.9659 0.0000 pedestrian
744 17.8433 0.0349 pedestrian
744 20.9659 0.0000 pedestrian
745 17.8433 0.0349 pedestrian
745 20.9659 0.0000 pedestrian
746 17.8433 0.0349 pedestrian
746 20.9659 0.0000 pedestrian
747 17.8433 0.0524 pedestrian
747 20.7429 0.0000 pedestrian
748 17.8433 0.0524 pedestrian
748 20.7429 0.0000 pedestrian
749 17.8433 0.0524 pedestrian
749 20.7429 0.0000 pedestrian
750 17.8433 0.0524 pedestrian
750 20.7429 0.0000 pedestrian
751 17.8433 0.0524 pedestrian
751 20.7429 0.0000 pedestrian
752 17.8433 0.0524 pedestrian
752 20.7429 0.0000 pedestrian
753 17.8433 0.0524 pedestrian
753 20.7429 0.0000 pedestrian
754 17.8433 0.0524 pedestrian
754 20.7429 0.0000 pedestrian
755 17.8433 0.0698 pedestrian
755 20.5198 0.0175 pedestrian
756 17.8433 0.0698 pedestrian
756 20.5198 0.0175 pedestrian
757 17.6203 0.0698 pedestrian
757 20.5198 0.0175 pedestrian
758 17.6203 0.0698 pedestrian
758 20.5198 0.0175 pedestrian
759 17.6203 0.0698 pedestrian
759 20.5198 0.0175 pedestrian
760 17.6203 0.0698 pedestrian
760 20.5198 0.0175 pedestrian
761 17.6203 0.0698 pedestrian
761 20.5198 0.0175 pedestrian
762 17.6203 0.0698 pedestrian
762 20.5198 0.0175 pedestrian
763 17.6203 0.0698 pedestrian
763 20.5198 0.0175 pedestrian
764 17.6203 0.0698 pedestrian
764 20.5198 0.0175 pedestrian
765 17.6203 0.0873 pedestrian
765 20.5198 0.0349 pedestrian
766 17.6203 0.0873 pedestrian
766 20.5198 0.0349 pedestrian
767 17.6203 0.0873 pedestrian
767 20.2968 0.0349 pedestrian
768 17.6203 0.0873 pedestrian
768 20.2968 0.0349 pedestrian
769 17.6203 0.0873 pedestrian
769 20.2968 0.0349 pedestrian
770 17.3973 0.1047 pedestrian
770 20.2968 0.0349 pedestrian
771 17.3973 0.1047 pedestrian
771 20.2968 0.0349 pedestrian
772 17.3973 0.1047 pedestrian
772 20.2968 0.0349 pedestrian
773 17.3973 0.1047 pedestrian
773 20.2968 0.0349 pedestrian
774 17.3973 0.1047 pedestrian
774 20.2968 0.0349 pedestrian
775 17.3973 0.1047 pedestrian
775 20.2968 0.0349 pedestrian
776 17.3973 0.1047 pedestrian
776 20.2968 0.0349 pedestrian
777 17.3973 0.1047 pedestrian
777 20.0738 0.0524 pedestrian
778 17.3973 0.1047 pedestrian
778 20.0738 0.0524 pedestrian
779 17.3973 0.1047 pedestrian
779 20.0738 0.0524 pedestrian
780 17.3973 0.1047 pedestrian
780 20.0738 0.0524 pedestrian
781 17.3973 0.1047 pedestrian
781 20.0738 0.0524 pedestrian
782 17.3973 0.1047 pedestrian
782 20.0738 0.0524 pedestrian
783 17.3973 0.1047 pedestrian
783 20.0738 0.0524 pedestrian
784 17.1742 0.1396 pedestrian
784 20.0738 0.0524 pedestrian
785 17.1742 0.1396 pedestrian
785 20.0738 0.0524 pedestrian
786 17.1742 0.1396 pedestrian
786 19.8507 0.0524 pedestrian
787 17.1742 0.1396 pedestrian
787 19.8507 0.0524 pedestrian
788 17.1742 0.1396 pedestrian
788 19.8507 0.0524 pedestrian
789 17.1742 0.1396 pedestrian
789 19.8507 0.0524 pedestrian
790 17.1742 0.1396 pedestrian
790 19.8507 0.0524 pedestrian
791 17.1742 0.1396 pedestrian
791 19.8507 0.0524 pedestrian
792 17.1742 0.1396 pedestrian
792 19.8507 0.0524 pedestrian
793 17.1742 0.1396 pedestrian
793 19.8507 0.0524 pedestrian
794 17.1742 0.1396 pedestrian
794 19.8507 0.0524 pedestrian
795 17.1742 0.1396 pedestrian
795 19.8507 0.0524 pedestrian
796 17.1742 0.1571 pedestrian
796 19.8507 0.0698 pedestrian
797 17.1742 0.1571 pedestrian
797 19.8507 0.0698 pedestrian
798 17.1742 0.1571 pedestrian
798 19.8507 0.0698 pedestrian
799 17.1742 0.1571 pedestrian
799 19.8507 0.0698 pedestrian
800 17.1742 0.1745 pedestrian
800 19.6277 0.0873 pedestrian
801 17.1742 0.1745 pedestrian
801 19.6277 0.0873 pedestrian
802 17.1742 0.1745 pedestrian
802 19.6277 0.0873 pedestrian
803 17.1742 0.1745 pedestrian
803 19.6277 0.0873 pedestrian
804 17.1742 0.1745 pedestrian
804 19.6277 0.0873 pedestrian
805 16.9512 0.1920 pedestrian
805 19.4046 0.0873 pedestrian
805 17.1742 0.1745 pedestrian
805 19.6277 0.0873 pedestrian
806 17.1742 0.1745 pedestrian
806 19.6277 0.0873 pedestrian
807 16.9512 0.1920 pedestrian
807 19.6277 0.0873 pedestrian
808 16.9512 0.1920 pedestrian
808 19.6277 0.0873 pedestrian
809 16.9512 0.1920 pedestrian
809 19.4046 0.0698 pedestrian
810 16.9512 0.1920 pedestrian
810 19.4046 0.0698 pedestrian
811 16.9512 0.1920 pedestrian
811 19.4046 0.0698 pedestrian
812 16.9512 0.1920 pedestrian
812 19.4046 0.0698 pedestrian
813 16.9512 0.1920 pedestrian
813 19.4046 0.0698 pedestrian
814 16.9512 0.1920 pedestrian
814 19.4046 0.0698 pedestrian
815 16.9512 0.2094 pedestrian
815 19.4046 0.0698 pedestrian
816 16.9512 0.2094 pedestrian
816 19.4046 0.0698 pedestrian
817 16.9512 0.2094 pedestrian
817 19.1816 0.0698 pedestrian
818 16.9512 0.2094 pedestrian
818 19.1816 0.0698 pedestrian
819 16.9512 0.2094 pedestrian
819 19.1816 0.0698 pedestrian
820 16.9512 0.2094 pedestrian
820 19.1816 0.0698 pedestrian
821 16.9512 0.2094 pedestrian
821 19.1816 0.0698 pedestrian
822 16.9512 0.2094 pedestrian
822 19.1816 0.0698 pedestrian
823 16.9512 0.2094 pedestrian
823 19.1816 0.0698 pedestrian
824 16.9512 0.2094 pedestrian
824 19.1816 0.0698 pedestrian
825 16.9512 0.2094 pedestrian
825 19.1816 0.0698 pedestrian
826 16.7281 0.2269 pedestrian
826 18.9586 0.0524 pedestrian
827 16.7281 0.2269 pedestrian
827 18.9586 0.0524 pedestrian
828 16.7281 0.2269 pedestrian
828 18.9586 0.0524 pedestrian
829 16.9512 0.2269 pedestrian
829 18.9586 0.0524 pedestrian
830 16.9512 0.2269 pedestrian
830 18.9586 0.0524 pedestrian
831 16.9512 0.2269 pedestrian
831 18.9586 0.0524 pedestrian
832 16.9512 0.2269 pedestrian
832 18.7355 0.0698 pedestrian
833 16.9512 0.2269 pedestrian
833 18.7355 0.0698 pedestrian
834 16.9512 0.2269 pedestrian
834 18.7355 0.0698 pedestrian
835 16.9512 0.2618 pedestrian
835 18.7355 0.0698 pedestrian
836 16.9512 0.2618 pedestrian
836 18.7355 0.0698 pedestrian
837 16.9512 0.2618 pedestrian
837 18.7355 0.0698 pedestrian
838 16.9512 0.2618 pedestrian
838 18.7355 0.0698 pedestrian
839 17.1742 0.2793 pedestrian
839 18.5125 0.0524 pedestrian
840 17.1742 0.2793 pedestrian
840 18.5125 0.0524 pedestrian
841 17.1742 0.2793 pedestrian
841 18.5125 0.0524 pedestrian
842 17.1742 0.2793 pedestrian
842 18.5125 0.0524 pedestrian
843 17.1742 0.2793 pedestrian
843 18.5125 0.0524 pedestrian
844 17.1742 0.2793 pedestrian
844 18.5125 0.0524 pedestrian
845 17.1742 0.2793 pedestrian
845 18.5125 0.0524 pedestrian
846 17.1742 0.2793 pedestrian
846 18.5125 0.0524 pedestrian
847 17.1742 0.2793 pedestrian
847 18.5125 0.0524 pedestrian
848 17.1742 0.2793 pedestrian
848 18.5125 0.0524 pedestrian
849 17.1742 0.2793 pedestrian
849 18.5125 0.0524 pedestrian
850 17.1742 0.2793 pedestrian
850 18.5125 0.0524 pedestrian
851 17.1742 0.2793 pedestrian
851 18.5125 0.0524 pedestrian
852 17.1742 0.2793 pedestrian
852 18.5125 0.0524 pedestrian
853 17.3973 0.2793 pedestrian
853 18.5125 0.0524 pedestrian
854 17.3973 0.2793 pedestrian
854 18.5125 0.0524 pedestrian
855 17.3973 0.2793 pedestrian
855 18.5125 0.0524 pedestrian
856 17.3973 0.2793 pedestrian
856 18.5125 0.0524 pedestrian
857 17.3973 0.2793 pedestrian
857 18.5125 0.0524 pedestrian
858 17.3973 0.2793 pedestrian
858 18.5125 0.0349 pedestrian
859 17.3973 0.2793 pedestrian
859 18.5125 0.0349 pedestrian
860 17.3973 0.2793 pedestrian
860 18.5125 0.0349 pedestrian
861 17.3973 0.2793 pedestrian
861 18.5125 0.0349 pedestrian
862 17.3973 0.2793 pedestrian
862 18.5125 0.0349 pedestrian
863 17.3973 0.2793 pedestrian
863 18.7355 0.0349 pedestrian
864 17.3973 0.2793 pedestrian
864 18.7355 0.0349 pedestrian
865 17.3973 0.2793 pedestrian
865 18.7355 0.0349 pedestrian
866 17.3973 0.2793 pedestrian
866 18.7355 0.0349 pedestrian
867 17.3973 0.2793 pedestrian
867 18.7355 0.0349 pedestrian
868 17.3973 0.2793 pedestrian
868 18.7355 0.0349 pedestrian
869 17.3973 0.2793 pedestrian
869 18.7355 0.0349 pedestrian
870 17.3973 0.2793 pedestrian
870 18.7355 0.0349 pedestrian
871 17.3973 0.2793 pedestrian
871 18.7355 0.0349 pedestrian
872 17.6203 0.2967 pedestrian
872 18.7355 0.0000 pedestrian
873 17.6203 0.2967 pedestrian
873 18.7355 0.0000 pedestrian
874 17.6203 0.2967 pedestrian
874 18.7355 0.0000 pedestrian
875 17.6203 0.2618 pedestrian
875 18.9586 0.0175 pedestrian
876 17.6203 0.2618 pedestrian
876 18.9586 0.0175 pedestrian
877 17.6203 0.2618 pedestrian
877 18.9586 0.0175 pedestrian
878 17.6203 0.2618 pedestrian
878 18.9586 0.0175 pedestrian
879 17.6203 0.2618 pedestrian
879 18.9586 0.0175 pedestrian
880 17.6203 0.2618 pedestrian
880 18.9586 0.0175 pedestrian
881 17.6203 0.2618 pedestrian
881 18.9586 0.0175 pedestrian
882 17.6203 0.2618 pedestrian
882 18.9586 0.0175 pedestrian
883 17.6203 0.2618 pedestrian
883 18.9586 0.0175 pedestrian
884 17.8433 0.2793 pedestrian
884 18.9586 0.0000 pedestrian
885 17.6203 0.2618 pedestrian
885 19.1816 0.0175 pedestrian
886 17.6203 0.2618 pedestrian
886 19.1816 0.0175 pedestrian
887 17.6203 0.2618 pedestrian
887 19.1816 0.0175 pedestrian
888 17.6203 0.2618 pedestrian
888 19.1816 0.0175 pedestrian
889 17.8433 0.2793 pedestrian
889 19.1816 0.0175 pedestrian
890 17.8433 0.2793 pedestrian
890 19.1816 0.0175 pedestrian
891 17.8433 0.2793 pedestrian
891 19.1816 0.0175 pedestrian
892 17.8433 0.2793 pedestrian
892 19.1816 0.0175 pedestrian
893 17.8433 0.2793 pedestrian
893 19.4046 0.0000 pedestrian
894 17.8433 0.2793 pedestrian
894 19.4046 0.0000 pedestrian
895 17.8433 0.2793 pedestrian
895 19.4046 0.0000 pedestrian
896 17.8433 0.2793 pedestrian
896 19.4046 0.0000 pedestrian
897 17.8433 0.2618 pedestrian
897 19.4046 0.0000 pedestrian
898 17.8433 0.2618 pedestrian
898 19.4046 0.0000 pedestrian
899 17.8433 0.2443 pedestrian
899 19.4046 0.0000 pedestrian
