0 4.4608 0.1745 cyclist
0 7.8065 0.2793 pedestrian
1 4.4608 0.1745 cyclist
1 7.8065 0.2793 pedestrian
2 4.4608 0.1745 cyclist
2 7.8065 0.2793 pedestrian
3 4.6839 0.1571 cyclist
3 8.0295 0.2793 pedestrian
4 4.6839 0.1571 cyclist
4 8.0295 0.2793 pedestrian
4 3.3456 -0.9076 car
5 4.6839 0.1571 cyclist
5 8.0295 0.2793 pedestrian
5 3.3456 -0.9076 car
6 4.6839 0.1571 cyclist
6 8.0295 0.2793 pedestrian
6 3.3456 -0.9076 car
7 4.6839 0.1571 cyclist
7 8.0295 0.2793 pedestrian
7 3.3456 -0.8203 car
8 4.9069 0.1571 cyclist
8 8.0295 0.2793 pedestrian
8 3.5687 -0.7679 car
9 4.9069 0.1571 cyclist
9 8.0295 0.2793 pedestrian
9 3.5687 -0.7156 car
10 4.9069 0.1571 cyclist
10 8.2525 0.2443 pedestrian
10 3.5687 -0.7156 car
11 4.9069 0.1571 cyclist
11 8.2525 0.2443 pedestrian
11 3.7917 -0.6283 car
12 4.9069 0.1571 cyclist
12 8.2525 0.2443 pedestrian
12 4.0148 -0.5760 car
13 4.9069 0.1571 cyclist
13 8.2525 0.2443 pedestrian
13 4.0148 -0.5760 car
14 4.9069 0.1571 cyclist
14 8.2525 0.2443 pedestrian
14 4.0148 -0.5760 car
15 5.1300 0.1571 cyclist
15 8.2525 0.2443 pedestrian
15 4.0148 -0.5760 car
16 5.1300 0.1571 cyclist
16 8.2525 0.2443 pedestrian
16 4.2378 -0.5236 car
17 5.1300 0.1571 cyclist
17 8.2525 0.2443 pedestrian
17 4.4608 -0.4887 car
18 5.1300 0.1571 cyclist
18 8.4756 0.2443 pedestrian
18 4.4608 -0.4887 car
19 5.3530 0.1396 cyclist
19 8.4756 0.2443 pedestrian
19 4.4608 -0.4887 car
20 5.3530 0.1396 cyclist
20 8.4756 0.2443 pedestrian
20 4.2378 -0.5760 car
21 5.3530 0.1396 cyclist
21 8.4756 0.2443 pedestrian
21 4.2378 -0.5411 car
22 5.5760 0.1222 cyclist
22 8.4756 0.2443 pedestrian
22 4.4608 -0.5411 car
23 5.5760 0.1222 cyclist
23 8.4756 0.2443 pedestrian
23 4.4608 -0.5411 car
24 5.5760 0.1222 cyclist
24 8.4756 0.2443 pedestrian
24 4.4608 -0.5411 car
25 5.5760 0.1222 cyclist
25 8.4756 0.2443 pedestrian
25 4.4608 -0.5411 car
26 5.5760 0.1222 cyclist
26 8.4756 0.2443 pedestrian
26 4.4608 -0.5411 car
27 5.5760 0.1222 cyclist
27 8.4756 0.2443 pedestrian
27 4.4608 -0.5411 car
28 5.7991 0.1047 cyclist
28 8.4756 0.2443 pedestrian
28 4.4608 -0.5236 car
29 5.7991 0.1047 cyclist
29 8.4756 0.2443 pedestrian
29 4.4608 -0.5236 car
30 6.2452 0.1222 cyclist
30 8.6986 0.2269 pedestrian
30 4.4608 -0.4887 car
31 6.2452 0.1222 cyclist
31 8.6986 0.2269 pedestrian
31 4.4608 -0.4887 car
32 6.2452 0.1222 cyclist
32 8.6986 0.2269 pedestrian
32 4.4608 -0.4887 car
33 6.2452 0.1222 cyclist
33 8.6986 0.2269 pedestrian
33 4.4608 -0.4887 car
34 6.2452 0.1222 cyclist
34 8.6986 0.2269 pedestrian
34 4.9069 -0.4538 car
35 6.2452 0.1222 cyclist
35 8.6986 0.2269 pedestrian
35 4.9069 -0.4538 car
36 6.2452 0.1222 cyclist
36 8.6986 0.2269 pedestrian
36 5.3530 -0.3840 car
37 6.2452 0.1222 cyclist
37 8.6986 0.2269 pedestrian
37 5.3530 -0.3840 car
38 6.2452 0.1222 cyclist
38 8.6986 0.2269 pedestrian
38 5.3530 -0.3840 car
39 6.2452 0.1222 cyclist
39 8.6986 0.2269 pedestrian
39 5.7991 -0.3142 car
40 6.2452 0.1222 cyclist
40 8.6986 0.2269 pedestrian
40 5.7991 -0.3142 car
41 6.6913 0.1222 cyclist
41 8.6986 0.2269 pedestrian
41 6.0221 -0.2618 car
42 6.6913 0.1222 cyclist
42 8.6986 0.2269 pedestrian
42 6.0221 -0.2618 car
43 6.6913 0.1222 cyclist
43 8.6986 0.2443 pedestrian
43 6.0221 -0.2618 car
44 6.6913 0.1222 cyclist
44 8.9217 0.2618 pedestrian
44 6.6913 -0.2443 car
45 6.6913 0.1222 cyclist
45 8.9217 0.2618 pedestrian
45 6.6913 -0.2443 car
46 6.6913 0.1222 cyclist
46 8.9217 0.2618 pedestrian
46 6.6913 -0.2443 car
47 6.6913 0.1222 cyclist
47 8.9217 0.2618 pedestrian
47 6.6913 -0.2443 car
48 7.1373 0.1222 cyclist
48 8.9217 0.2618 pedestrian
48 7.3604 -0.2094 car
49 7.1373 0.1222 cyclist
49 8.9217 0.2618 pedestrian
49 7.3604 -0.2094 car
50 7.1373 0.1222 cyclist
50 8.9217 0.2618 pedestrian
50 7.3604 -0.2094 car
51 7.1373 0.1222 cyclist
51 8.9217 0.2618 pedestrian
51 7.3604 -0.2094 car
52 7.1373 0.1222 cyclist
52 8.9217 0.2618 pedestrian
52 7.5834 -0.1745 car
53 7.1373 0.1222 cyclist
53 8.9217 0.2618 pedestrian
53 7.5834 -0.1745 car
54 7.1373 0.1222 cyclist
54 8.9217 0.2618 pedestrian
54 7.5834 -0.1745 car
55 7.1373 0.1222 cyclist
55 8.9217 0.2618 pedestrian
55 8.0295 -0.1920 car
56 7.1373 0.1222 cyclist
56 8.9217 0.2618 pedestrian
56 8.0295 -0.1920 car
57 7.1373 0.1222 cyclist
57 8.9217 0.2618 pedestrian
57 8.0295 -0.1920 car
58 7.5834 0.1396 cyclist
58 8.9217 0.2618 pedestrian
58 8.6986 -0.1745 car
59 7.5834 0.1396 cyclist
59 8.9217 0.2618 pedestrian
59 8.6986 -0.1745 car
60 7.5834 0.1396 cyclist
60 8.9217 0.2618 pedestrian
60 8.9217 -0.1396 car
61 7.5834 0.1396 cyclist
61 8.9217 0.2618 pedestrian
61 8.9217 -0.1396 car
62 7.5834 0.1396 cyclist
62 8.9217 0.2618 pedestrian
62 9.3678 -0.1222 car
63 7.5834 0.1396 cyclist
63 8.9217 0.2618 pedestrian
63 9.3678 -0.1222 car
64 7.5834 0.1396 cyclist
64 8.9217 0.2618 pedestrian
64 9.3678 -0.1222 car
65 7.5834 0.1396 cyclist
65 8.9217 0.2618 pedestrian
65 9.3678 -0.1222 car
66 7.5834 0.1396 cyclist
66 8.9217 0.2618 pedestrian
66 10.0369 -0.0873 car
67 7.5834 0.1396 cyclist
67 8.9217 0.2618 pedestrian
67 10.2599 -0.0873 car
68 7.5834 0.1396 cyclist
68 8.9217 0.2618 pedestrian
68 10.2599 -0.0873 car
69 8.2525 0.1047 cyclist
69 8.9217 0.2618 pedestrian
69 10.2599 -0.0873 car
70 8.0295 0.0873 cyclist
70 8.6986 0.2618 pedestrian
70 10.9290 -0.0873 car
71 8.0295 0.0873 cyclist
71 8.6986 0.2618 pedestrian
71 10.9290 -0.0873 car
72 8.0295 0.0873 cyclist
72 8.6986 0.2618 pedestrian
72 10.9290 -0.0873 car
73 8.0295 0.0873 cyclist
73 8.6986 0.2618 pedestrian
73 11.5982 -0.0524 car
74 8.0295 0.0873 cyclist
74 8.6986 0.2618 pedestrian
74 11.5982 -0.0524 car
75 8.0295 0.0873 cyclist
75 8.6986 0.2618 pedestrian
75 12.0443 -0.0349 car
76 8.0295 0.0873 cyclist
76 8.6986 0.2618 pedestrian
76 12.0443 -0.0175 car
77 8.4756 0.1047 cyclist
77 8.6986 0.2618 pedestrian
77 12.4903 -0.0349 car
78 8.4756 0.1047 cyclist
78 8.6986 0.2618 pedestrian
78 12.4903 -0.0349 car
79 8.4756 0.1396 cyclist
79 8.6986 0.2618 pedestrian
79 12.7134 -0.0349 car
80 8.4756 0.1396 cyclist
80 8.6986 0.2618 pedestrian
80 12.7134 -0.0349 car
81 8.4756 0.1396 cyclist
81 8.6986 0.2618 pedestrian
81 13.3825 -0.0175 car
82 8.4756 0.1396 cyclist
82 8.6986 0.2618 pedestrian
82 13.3825 -0.0175 car
83 8.9217 0.1222 cyclist
83 8.6986 0.2618 pedestrian
83 14.0516 0.0175 car
84 8.9217 0.1222 cyclist
84 8.6986 0.2618 pedestrian
84 14.0516 0.0175 car
85 8.9217 0.1222 cyclist
85 8.6986 0.2618 pedestrian
85 14.0516 0.0175 car
86 8.9217 0.1222 cyclist
86 8.6986 0.2618 pedestrian
86 14.0516 0.0175 car
87 8.9217 0.1222 cyclist
87 8.6986 0.2618 pedestrian
87 14.7208 0.0349 car
88 8.9217 0.1222 cyclist
88 8.6986 0.2618 pedestrian
88 14.7208 0.0349 car
89 9.1447 0.1571 cyclist
89 8.6986 0.2618 pedestrian
89 15.3899 0.0349 car
90 9.1447 0.1571 cyclist
90 8.6986 0.2618 pedestrian
90 15.3899 0.0349 car
91 9.1447 0.1571 cyclist
91 8.6986 0.2618 pedestrian
91 15.3899 0.0349 car
92 9.1447 0.1571 cyclist
92 8.6986 0.2618 pedestrian
92 15.3899 0.0349 car
93 9.1447 0.1571 cyclist
93 8.6986 0.2618 pedestrian
93 16.0590 0.0349 car
94 9.1447 0.1571 cyclist
94 8.6986 0.2618 pedestrian
94 16.5051 0.0524 car
95 9.1447 0.1571 cyclist
95 8.6986 0.2618 pedestrian
95 16.5051 0.0524 car
96 9.3678 0.1396 cyclist
96 8.6986 0.2618 pedestrian
96 16.5051 0.0524 car
97 9.3678 0.1396 cyclist
97 8.6986 0.2618 pedestrian
97 16.5051 0.0524 car
98 9.8138 0.1396 cyclist
98 8.6986 0.2618 pedestrian
98 17.1742 0.0524 car
99 9.8138 0.1396 cyclist
99 8.6986 0.2618 pedestrian
99 17.1742 0.0524 car
100 9.8138 0.1396 cyclist
100 8.6986 0.2618 pedestrian
100 17.8433 0.0524 car
101 9.8138 0.1396 cyclist
101 8.6986 0.2618 pedestrian
101 18.0664 0.0698 car
102 9.8138 0.1396 cyclist
102 8.6986 0.2618 pedestrian
102 18.0664 0.0698 car
103 10.0369 0.1396 cyclist
103 8.9217 0.2793 pedestrian
103 18.5125 0.0698 car
104 10.0369 0.1396 cyclist
104 8.9217 0.2793 pedestrian
104 18.5125 0.0698 car
105 10.0369 0.1396 cyclist
105 8.9217 0.2793 pedestrian
105 19.4046 0.0873 car
106 10.0369 0.1396 cyclist
106 8.9217 0.2793 pedestrian
106 19.4046 0.0873 car
107 10.0369 0.1396 cyclist
107 8.9217 0.2793 pedestrian
107 19.4046 0.0873 car
108 10.0369 0.1396 cyclist
108 8.9217 0.2793 pedestrian
108 19.4046 0.0873 car
109 10.4830 0.1396 cyclist
109 9.1447 0.2793 pedestrian
109 20.0738 0.0873 car
110 10.4830 0.1396 cyclist
110 9.1447 0.2793 pedestrian
110 20.0738 0.0873 car
111 10.4830 0.1396 cyclist
111 9.1447 0.2793 pedestrian
111 20.7429 0.1222 car
112 10.4830 0.1396 cyclist
112 9.1447 0.2793 pedestrian
112 20.7429 0.1222 car
113 10.4830 0.1396 cyclist
113 9.1447 0.2793 pedestrian
113 20.7429 0.1222 car
114 10.4830 0.1396 cyclist
114 9.1447 0.2793 pedestrian
114 21.4120 0.1222 car
115 10.4830 0.1396 cyclist
115 9.1447 0.2793 pedestrian
115 21.4120 0.1222 car
116 10.4830 0.1396 cyclist
116 9.1447 0.2793 pedestrian
116 21.4120 0.1222 car
117 10.4830 0.1396 cyclist
117 9.1447 0.2793 pedestrian
117 22.0811 0.1222 car
118 10.4830 0.1396 cyclist
118 9.1447 0.2793 pedestrian
118 22.0811 0.1222 car
119 10.4830 0.1396 cyclist
119 9.1447 0.2793 pedestrian
119 22.5272 0.1222 car
120 10.4830 0.1396 cyclist
120 9.1447 0.2793 pedestrian
120 22.5272 0.1222 car
121 10.4830 0.1396 cyclist
121 9.1447 0.2793 pedestrian
121 22.5272 0.1222 car
122 10.4830 0.1396 cyclist
122 9.1447 0.2793 pedestrian
122 23.1963 0.1222 car
123 10.4830 0.1396 cyclist
123 9.1447 0.2793 pedestrian
123 23.4194 0.1222 car
124 10.4830 0.1396 cyclist
124 9.3678 0.2443 pedestrian
124 23.8655 0.1047 car
125 10.9290 0.1571 cyclist
125 9.3678 0.2443 pedestrian
125 23.8655 0.1222 car
126 10.9290 0.1571 cyclist
126 9.3678 0.2443 pedestrian
126 23.8655 0.1222 car
127 10.9290 0.1571 cyclist
127 9.3678 0.2443 pedestrian
127 24.5346 0.1222 car
128 10.9290 0.1571 cyclist
128 9.3678 0.2443 pedestrian
128 24.7576 0.1222 car
129 10.9290 0.1571 cyclist
129 9.3678 0.2443 pedestrian
130 10.9290 0.1571 cyclist
130 9.3678 0.2443 pedestrian
131 11.1521 0.1920 cyclist
131 9.3678 0.2443 pedestrian
132 11.1521 0.1920 cyclist
132 9.3678 0.2443 pedestrian
133 11.1521 0.1920 cyclist
133 9.5908 0.2443 pedestrian
134 11.1521 0.1920 cyclist
134 9.5908 0.2443 pedestrian
135 11.1521 0.1920 cyclist
135 9.5908 0.2443 pedestrian
136 11.1521 0.1920 cyclist
136 9.5908 0.2094 pedestrian
137 11.1521 0.1920 cyclist
137 9.5908 0.2094 pedestrian
138 11.1521 0.1920 cyclist
138 9.5908 0.2094 pedestrian
139 11.1521 0.1920 cyclist
139 9.5908 0.2094 pedestrian
140 11.1521 0.1920 cyclist
140 9.5908 0.2094 pedestrian
141 11.5982 0.1920 cyclist
141 9.5908 0.2094 pedestrian
142 11.5982 0.1920 cyclist
142 9.5908 0.2094 pedestrian
143 11.5982 0.1920 cyclist
143 9.5908 0.2094 pedestrian
144 11.5982 0.1920 cyclist
144 9.5908 0.2094 pedestrian
145 11.5982 0.2443 cyclist
145 9.5908 0.2094 pedestrian
146 11.8212 0.2618 cyclist
146 9.8138 0.2094 pedestrian
147 11.8212 0.2618 cyclist
147 9.8138 0.2094 pedestrian
148 11.8212 0.2618 cyclist
148 9.8138 0.2094 pedestrian
149 11.8212 0.2618 cyclist
149 9.8138 0.2094 pedestrian
150 11.8212 0.2618 cyclist
150 9.8138 0.2094 pedestrian
151 11.8212 0.2618 cyclist
151 9.8138 0.2094 pedestrian
152 11.8212 0.2618 cyclist
152 9.8138 0.2094 pedestrian
153 11.8212 0.2618 cyclist
153 9.8138 0.2094 pedestrian
154 12.0443 0.2618 cyclist
154 10.0369 0.1920 pedestrian
155 12.0443 0.2618 cyclist
155 10.0369 0.1920 pedestrian
156 12.0443 0.2618 cyclist
156 10.0369 0.1920 pedestrian
157 12.0443 0.2618 cyclist
157 10.0369 0.1920 pedestrian
158 11.8212 0.2269 cyclist
158 10.0369 0.1920 pedestrian
159 11.8212 0.2269 cyclist
159 10.0369 0.1920 pedestrian
160 11.8212 0.2269 cyclist
160 10.0369 0.1920 pedestrian
161 11.8212 0.2269 cyclist
161 10.0369 0.1920 pedestrian
162 11.8212 0.2269 cyclist
162 10.0369 0.1920 pedestrian
163 11.8212 0.2269 cyclist
163 10.0369 0.1920 pedestrian
164 12.0443 0.2269 cyclist
164 10.2599 0.1571 pedestrian
165 12.0443 0.2269 cyclist
165 10.2599 0.1571 pedestrian
166 12.0443 0.2269 cyclist
166 10.2599 0.1571 pedestrian
167 12.0443 0.2269 cyclist
167 10.2599 0.1571 pedestrian
168 12.0443 0.2269 cyclist
168 10.2599 0.1571 pedestrian
169 12.0443 0.2269 cyclist
169 10.2599 0.1571 pedestrian
170 12.0443 0.2269 cyclist
170 10.2599 0.1571 pedestrian
171 12.0443 0.2269 cyclist
171 10.2599 0.1571 pedestrian
172 12.0443 0.2269 cyclist
172 10.2599 0.1571 pedestrian
173 12.0443 0.2269 cyclist
173 10.2599 0.1571 pedestrian
174 11.5982 0.2443 cyclist
174 10.4830 0.1222 pedestrian
175 11.5982 0.2443 cyclist
175 10.4830 0.1222 pedestrian
176 11.5982 0.2443 cyclist
176 10.4830 0.1222 pedestrian
177 11.8212 0.2443 cyclist
177 10.4830 0.1222 pedestrian
178 11.8212 0.2443 cyclist
178 10.4830 0.1222 pedestrian
179 11.8212 0.2443 cyclist
179 10.4830 0.1222 pedestrian
180 11.8212 0.2443 cyclist
180 10.4830 0.1222 pedestrian
181 11.8212 0.2443 cyclist
181 10.4830 0.1222 pedestrian
182 11.8212 0.2443 cyclist
182 10.4830 0.1222 pedestrian
183 11.8212 0.2443 cyclist
183 10.4830 0.1222 pedestrian
184 11.8212 0.2443 cyclist
184 10.7060 0.1222 pedestrian
185 11.8212 0.2443 cyclist
185 10.7060 0.1222 pedestrian
186 11.8212 0.2443 cyclist
186 10.7060 0.1222 pedestrian
187 12.0443 0.2443 cyclist
187 10.7060 0.1222 pedestrian
188 12.0443 0.2443 cyclist
188 10.7060 0.1222 pedestrian
189 12.0443 0.2443 cyclist
189 10.7060 0.1222 pedestrian
190 12.0443 0.2443 cyclist
190 10.7060 0.1222 pedestrian
191 12.0443 0.2443 cyclist
191 10.7060 0.1222 pedestrian
192 12.0443 0.2443 cyclist
192 10.7060 0.1222 pedestrian
193 12.0443 0.2443 cyclist
193 10.9290 0.1047 pedestrian
194 12.0443 0.2443 cyclist
194 10.9290 0.1047 pedestrian
195 12.0443 0.2443 cyclist
195 10.9290 0.1047 pedestrian
196 12.0443 0.2443 cyclist
196 10.9290 0.1047 pedestrian
197 12.0443 0.2443 cyclist
197 10.9290 0.1047 pedestrian
198 12.0443 0.2443 cyclist
198 10.9290 0.1047 pedestrian
199 12.0443 0.2443 cyclist
199 10.9290 0.1047 pedestrian
200 12.0443 0.2443 cyclist
200 10.9290 0.1047 pedestrian
201 12.0443 0.2443 cyclist
201 10.9290 0.1047 pedestrian
202 12.0443 0.2443 cyclist
202 10.9290 0.1047 pedestrian
203 12.0443 0.2443 cyclist
203 10.9290 0.1047 pedestrian
204 12.2673 0.2443 cyclist
204 10.9290 0.1047 pedestrian
205 12.2673 0.2443 cyclist
205 11.1521 0.0873 pedestrian
206 12.2673 0.2443 cyclist
206 11.1521 0.0873 pedestrian
207 12.2673 0.2443 cyclist
207 11.1521 0.0873 pedestrian
208 12.2673 0.2443 cyclist
208 11.1521 0.0873 pedestrian
209 12.2673 0.2443 cyclist
209 11.1521 0.0873 pedestrian
210 12.0443 0.2443 cyclist
210 11.1521 0.0873 pedestrian
211 12.0443 0.2443 cyclist
211 11.1521 0.0873 pedestrian
212 12.0443 0.2443 cyclist
212 11.1521 0.0873 pedestrian
213 12.0443 0.2443 cyclist
213 11.1521 0.0873 pedestrian
214 12.0443 0.2443 cyclist
214 11.1521 0.0873 pedestrian
215 12.2673 0.2269 cyclist
215 11.1521 0.0873 pedestrian
216 12.2673 0.2269 cyclist
216 11.1521 0.0873 pedestrian
217 12.2673 0.2269 cyclist
217 11.1521 0.0873 pedestrian
218 12.2673 0.2269 cyclist
218 11.1521 0.0873 pedestrian
219 12.2673 0.2269 cyclist
219 11.1521 0.0873 pedestrian
220 12.2673 0.2269 cyclist
220 11.1521 0.0873 pedestrian
221 12.2673 0.2269 cyclist
221 11.1521 0.0873 pedestrian
222 12.2673 0.2269 cyclist
222 11.1521 0.0873 pedestrian
223 12.2673 0.2269 cyclist
223 11.1521 0.0873 pedestrian
224 12.2673 0.2269 cyclist
224 11.1521 0.0873 pedestrian
225 12.2673 0.2269 cyclist
225 11.1521 0.0873 pedestrian
226 12.0443 0.2443 cyclist
226 11.1521 0.0873 pedestrian
227 12.0443 0.2443 cyclist
227 11.1521 0.0873 pedestrian
228 12.0443 0.2443 cyclist
228 11.1521 0.0873 pedestrian
229 12.0443 0.2443 cyclist
229 11.1521 0.0873 pedestrian
230 12.0443 0.2443 cyclist
230 11.1521 0.0873 pedestrian
231 12.0443 0.2443 cyclist
231 11.1521 0.0873 pedestrian
232 12.0443 0.2443 cyclist
232 11.1521 0.0873 pedestrian
233 12.0443 0.2443 cyclist
233 11.1521 0.0873 pedestrian
234 12.0443 0.2443 cyclist
234 11.1521 0.0873 pedestrian
235 12.0443 0.2269 cyclist
235 11.1521 0.0873 pedestrian
236 12.0443 0.2269 cyclist
236 11.1521 0.0873 pedestrian
237 11.8212 0.2269 cyclist
237 11.1521 0.0873 pedestrian
238 11.8212 0.2269 cyclist
238 11.1521 0.0873 pedestrian
239 11.8212 0.2269 cyclist
239 11.1521 0.0873 pedestrian
240 11.8212 0.2269 cyclist
240 11.1521 0.0873 pedestrian
241 11.8212 0.2269 cyclist
241 11.1521 0.0873 pedestrian
242 11.8212 0.2269 cyclist
242 11.1521 0.0873 pedestrian
243 11.8212 0.2269 cyclist
243 11.1521 0.0873 pedestrian
244 11.8212 0.2269 cyclist
244 11.1521 0.0873 pedestrian
245 11.8212 0.2269 cyclist
245 11.1521 0.0873 pedestrian
246 11.8212 0.2269 cyclist
246 11.1521 0.0873 pedestrian
247 11.8212 0.2269 cyclist
247 11.1521 0.0873 pedestrian
248 11.8212 0.2269 cyclist
248 11.1521 0.0873 pedestrian
249 11.5982 0.2618 cyclist
249 11.1521 0.0873 pedestrian
250 11.5982 0.2618 cyclist
250 11.1521 0.0873 pedestrian
251 11.5982 0.2618 cyclist
251 11.1521 0.0873 pedestrian
252 11.5982 0.2618 cyclist
252 11.1521 0.0873 pedestrian
253 11.5982 0.2618 cyclist
253 11.1521 0.0873 pedestrian
254 11.5982 0.2618 cyclist
254 11.1521 0.0873 pedestrian
255 11.5982 0.2618 cyclist
255 10.9290 0.0873 pedestrian
256 11.5982 0.2618 cyclist
256 10.9290 0.0873 pedestrian
257 11.5982 0.2618 cyclist
257 10.9290 0.0873 pedestrian
258 11.5982 0.2618 cyclist
258 10.9290 0.0873 pedestrian
259 11.5982 0.2618 cyclist
259 10.9290 0.0873 pedestrian
260 11.5982 0.2618 cyclist
260 10.9290 0.0873 pedestrian
261 11.3751 0.2793 cyclist
261 10.9290 0.0873 pedestrian
262 11.3751 0.2793 cyclist
262 10.9290 0.0873 pedestrian
263 11.3751 0.2793 cyclist
263 10.9290 0.0873 pedestrian
264 11.1521 0.2793 cyclist
264 10.9290 0.0873 pedestrian
265 11.1521 0.2793 cyclist
265 10.9290 0.0873 pedestrian
266 11.1521 0.2793 cyclist
266 10.9290 0.0873 pedestrian
267 11.1521 0.2793 cyclist
267 10.9290 0.0873 pedestrian
268 11.1521 0.2793 cyclist
268 10.9290 0.0873 pedestrian
269 10.9290 0.2967 cyclist
269 10.9290 0.0873 pedestrian
270 10.9290 0.2967 cyclist
270 10.9290 0.0873 pedestrian
271 10.9290 0.2967 cyclist
271 10.9290 0.0873 pedestrian
272 10.9290 0.2967 cyclist
272 10.7060 0.1047 pedestrian
273 10.4830 0.2967 cyclist
273 10.7060 0.1047 pedestrian
274 10.4830 0.2967 cyclist
274 10.7060 0.1047 pedestrian
275 10.4830 0.2967 cyclist
275 10.7060 0.1047 pedestrian
276 10.2599 0.3142 cyclist
276 10.4830 0.1047 pedestrian
277 10.2599 0.3142 cyclist
277 10.4830 0.1047 pedestrian
278 10.2599 0.3142 cyclist
278 10.4830 0.1047 pedestrian
279 9.8138 0.2967 cyclist
279 10.4830 0.1047 pedestrian
280 9.8138 0.2967 cyclist
280 10.4830 0.1047 pedestrian
281 9.8138 0.2967 cyclist
281 10.4830 0.1047 pedestrian
282 9.8138 0.2967 cyclist
282 10.4830 0.1047 pedestrian
283 9.8138 0.2967 cyclist
283 10.4830 0.1047 pedestrian
284 9.8138 0.2967 cyclist
284 10.4830 0.1047 pedestrian
285 9.8138 0.2967 cyclist
285 10.4830 0.1047 pedestrian
286 9.5908 0.2793 cyclist
286 10.4830 0.1047 pedestrian
287 9.5908 0.2793 cyclist
287 10.4830 0.1047 pedestrian
288 9.5908 0.2793 cyclist
288 10.4830 0.1047 pedestrian
289 9.5908 0.2793 cyclist
289 10.4830 0.1047 pedestrian
290 9.3678 0.2967 cyclist
290 10.0369 0.1047 pedestrian
291 9.3678 0.2967 cyclist
291 10.0369 0.1047 pedestrian
292 9.3678 0.2967 cyclist
292 10.0369 0.1047 pedestrian
293 9.1447 0.2793 cyclist
293 10.0369 0.1047 pedestrian
294 9.1447 0.2793 cyclist
294 10.0369 0.1047 pedestrian
295 9.1447 0.2793 cyclist
295 10.0369 0.1047 pedestrian
296 9.1447 0.2793 cyclist
296 10.0369 0.1047 pedestrian
297 8.9217 0.2793 cyclist
297 10.0369 0.1047 pedestrian
298 8.9217 0.2793 cyclist
298 10.0369 0.1047 pedestrian
299 8.6986 0.2967 cyclist
299 9.8138 0.1222 pedestrian
300 8.6986 0.2967 cyclist
300 9.8138 0.1222 pedestrian
301 8.6986 0.2967 cyclist
301 9.8138 0.1222 pedestrian
302 8.4756 0.2967 cyclist
302 9.5908 0.1396 pedestrian
303 8.4756 0.2967 cyclist
303 9.5908 0.1396 pedestrian
304 8.4756 0.2967 cyclist
304 9.5908 0.1396 pedestrian
305 8.4756 0.2967 cyclist
305 9.5908 0.1396 pedestrian
306 8.4756 0.2967 cyclist
306 9.5908 0.1396 pedestrian
307 8.0295 0.2793 cyclist
307 9.5908 0.1396 pedestrian
308 8.0295 0.2793 cyclist
308 9.5908 0.1396 pedestrian
309 7.5834 0.2967 cyclist
309 9.3678 0.1222 pedestrian
310 7.5834 0.2967 cyclist
310 9.3678 0.1222 pedestrian
311 7.5834 0.2967 cyclist
311 9.3678 0.1222 pedestrian
312 7.5834 0.2967 cyclist
312 9.3678 0.1222 pedestrian
313 7.5834 0.2967 cyclist
313 9.3678 0.1222 pedestrian
314 7.5834 0.2967 cyclist
314 9.3678 0.1222 pedestrian
315 7.1373 0.2967 cyclist
315 9.1447 0.1222 pedestrian
316 7.1373 0.2967 cyclist
316 9.1447 0.1222 pedestrian
317 7.1373 0.2967 cyclist
317 9.1447 0.1222 pedestrian
318 7.1373 0.2967 cyclist
318 9.1447 0.1222 pedestrian
319 6.6913 0.2793 cyclist
319 9.1447 0.1222 pedestrian
320 6.6913 0.2793 cyclist
320 9.1447 0.1222 pedestrian
321 6.6913 0.2793 cyclist
321 9.1447 0.1222 pedestrian
322 6.6913 0.2793 cyclist
322 9.1447 0.1222 pedestrian
323 6.6913 0.2793 cyclist
323 9.1447 0.1222 pedestrian
324 6.6913 0.2793 cyclist
324 9.1447 0.1222 pedestrian
325 6.4682 0.2967 cyclist
325 9.1447 0.1222 pedestrian
326 6.4682 0.2967 cyclist
326 8.6986 0.1222 pedestrian
327 6.4682 0.2967 cyclist
327 8.6986 0.1222 pedestrian
328 6.0221 0.3142 cyclist
328 8.6986 0.1222 pedestrian
329 6.0221 0.3142 cyclist
329 8.6986 0.1222 pedestrian
330 6.0221 0.3142 cyclist
330 8.6986 0.1222 pedestrian
331 6.0221 0.3142 cyclist
331 8.6986 0.1222 pedestrian
332 5.5760 0.3142 cyclist
332 8.6986 0.1222 pedestrian
333 5.5760 0.3142 cyclist
333 8.6986 0.1222 pedestrian
334 5.5760 0.3142 cyclist
334 8.6986 0.1222 pedestrian
335 5.5760 0.3142 cyclist
335 8.6986 0.1222 pedestrian
336 5.5760 0.3142 cyclist
336 8.6986 0.1222 pedestrian
337 5.5760 0.3142 cyclist
337 8.6986 0.1222 pedestrian
338 5.1300 0.2967 cyclist
338 8.4756 0.1047 pedestrian
339 5.1300 0.2967 cyclist
339 8.4756 0.1047 pedestrian
340 5.1300 0.2967 cyclist
340 8.4756 0.1047 pedestrian
341 5.1300 0.2967 cyclist
341 8.4756 0.1047 pedestrian
342 4.9069 0.3142 cyclist
342 8.4756 0.1047 pedestrian
343 4.9069 0.3491 cyclist
343 8.2525 0.0873 pedestrian
344 4.9069 0.3491 cyclist
344 8.2525 0.0873 pedestrian
345 4.9069 0.3491 cyclist
345 8.2525 0.0873 pedestrian
346 4.6839 0.3665 cyclist
346 8.2525 0.0873 pedestrian
347 4.6839 0.3665 cyclist
347 8.2525 0.0873 pedestrian
348 4.6839 0.3665 cyclist
348 8.2525 0.0873 pedestrian
349 4.6839 0.3665 cyclist
349 8.2525 0.0873 pedestrian
350 4.2378 0.3491 cyclist
350 8.0295 0.0698 pedestrian
351 4.2378 0.3491 cyclist
351 8.0295 0.0698 pedestrian
352 4.2378 0.3491 cyclist
352 8.0295 0.0698 pedestrian
353 4.2378 0.3491 cyclist
353 8.0295 0.0698 pedestrian
354 4.0148 0.3840 cyclist
354 7.8065 0.0698 pedestrian
355 4.0148 0.3840 cyclist
355 7.8065 0.0698 pedestrian
356 3.7917 0.3840 cyclist
356 7.8065 0.0698 pedestrian
357 3.7917 0.3840 cyclist
357 7.8065 0.0698 pedestrian
358 3.7917 0.3840 cyclist
358 7.8065 0.0698 pedestrian
359 3.7917 0.3840 cyclist
359 7.8065 0.0698 pedestrian
360 3.5687 0.4014 cyclist
360 7.5834 0.0524 pedestrian
361 3.5687 0.4014 cyclist
361 7.5834 0.0524 pedestrian
362 3.3456 0.4363 cyclist
362 7.5834 0.0524 pedestrian
363 3.3456 0.4363 cyclist
363 7.5834 0.0524 pedestrian
364 3.3456 0.4363 cyclist
364 7.5834 0.0524 pedestrian
365 3.3456 0.4363 cyclist
365 7.5834 0.0524 pedestrian
366 3.1226 0.4887 cyclist
366 7.3604 0.0349 pedestrian
367 3.1226 0.4887 cyclist
367 7.3604 0.0349 pedestrian
368 3.1226 0.4887 cyclist
368 7.3604 0.0349 pedestrian
369 2.8995 0.5061 cyclist
369 7.1373 0.0524 pedestrian
370 2.8995 0.5061 cyclist
370 7.1373 0.0524 pedestrian
371 2.8995 0.5061 cyclist
371 7.1373 0.0524 pedestrian
372 2.8995 0.5585 cyclist
372 7.1373 0.0524 pedestrian
373 2.8995 0.5585 cyclist
373 7.1373 0.0524 pedestrian
374 2.6765 0.5934 cyclist
374 7.1373 0.0524 pedestrian
375 2.6765 0.5934 cyclist
375 7.1373 0.0524 pedestrian
376 2.4535 0.6458 cyclist
376 6.9143 0.0524 pedestrian
377 2.4535 0.6458 cyclist
377 6.9143 0.0524 pedestrian
378 2.4535 0.6458 cyclist
378 6.9143 0.0524 pedestrian
379 2.4535 0.6458 cyclist
379 6.9143 0.0524 pedestrian
380 2.2304 0.6632 cyclist
380 6.9143 0.0524 pedestrian
381 2.2304 0.6632 cyclist
381 6.9143 0.0524 pedestrian
382 2.0074 0.6807 cyclist
382 6.9143 0.0524 pedestrian
383 2.0074 0.6807 cyclist
383 6.4682 0.0698 pedestrian
384 2.0074 0.6807 cyclist
384 6.4682 0.0698 pedestrian
385 2.0074 0.7679 cyclist
385 6.4682 0.0698 pedestrian
386 2.0074 0.7679 cyclist
386 6.4682 0.0698 pedestrian
387 1.7843 0.8203 cyclist
387 6.4682 0.0698 pedestrian
388 1.7843 0.8203 cyclist
388 6.4682 0.0698 pedestrian
389 1.7843 0.8203 cyclist
389 6.4682 0.0698 pedestrian
390 1.7843 0.8203 cyclist
390 6.4682 0.0698 pedestrian
391 1.7843 0.9076 cyclist
391 6.4682 0.0873 pedestrian
392 1.7843 0.9076 cyclist
392 6.4682 0.0873 pedestrian
393 1.7843 0.9076 cyclist
393 6.4682 0.0873 pedestrian
394 1.5613 0.9599 cyclist
394 6.2452 0.1047 pedestrian
395 1.5613 0.9599 cyclist
395 6.2452 0.1047 pedestrian
396 1.5613 1.0123 cyclist
396 6.2452 0.1047 pedestrian
397 6.2452 0.1047 pedestrian
398 6.2452 0.1047 pedestrian
399 6.0221 0.1047 pedestrian
400 6.0221 0.1047 pedestrian
401 6.0221 0.1047 pedestrian
402 6.0221 0.1047 pedestrian
403 6.0221 0.1396 pedestrian
404 6.0221 0.1396 pedestrian
405 6.0221 0.1396 pedestrian
406 6.0221 0.1396 pedestrian
407 5.7991 0.1745 pedestrian
408 5.7991 0.1745 pedestrian
409 5.7991 0.1745 pedestrian
410 5.7991 0.1745 pedestrian
411 5.7991 0.1745 pedestrian
412 5.7991 0.1745 pedestrian
413 5.7991 0.1745 pedestrian
414 5.7991 0.2094 pedestrian
415 5.7991 0.2094 pedestrian
416 5.7991 0.2094 pedestrian
417 5.7991 0.2094 pedestrian
418 5.7991 0.2094 pedestrian
419 5.7991 0.2094 pedestrian
420 5.5760 0.2618 pedestrian
421 5.5760 0.2618 pedestrian
422 5.5760 0.2618 pedestrian
423 5.5760 0.2618 pedestrian
424 5.5760 0.2618 pedestrian
425 5.5760 0.2618 pedestrian
426 5.5760 0.2618 pedestrian
427 5.5760 0.2618 pedestrian
428 5.5760 0.2967 pedestrian
429 5.5760 0.3142 pedestrian
430 5.5760 0.3142 pedestrian
431 5.5760 0.3142 pedestrian
432 5.5760 0.3142 pedestrian
433 5.5760 0.3142 pedestrian
434 5.5760 0.3142 pedestrian
435 5.5760 0.3142 pedestrian
436 5.5760 0.3142 pedestrian
437 5.7991 0.3491 pedestrian
438 5.7991 0.3491 pedestrian
439 5.7991 0.3491 pedestrian
440 5.7991 0.3491 pedestrian
441 5.7991 0.3840 pedestrian
442 5.7991 0.3840 pedestrian
443 5.7991 0.3840 pedestrian
444 5.5760 0.3840 pedestrian
445 5.5760 0.3840 pedestrian
446 5.7991 0.4014 pedestrian
447 5.7991 0.4014 pedestrian
448 5.7991 0.4014 pedestrian
449 5.7991 0.4014 pedestrian
450 5.7991 0.4014 pedestrian
451 5.7991 0.4014 pedestrian
452 5.7991 0.4014 pedestrian
453 5.7991 0.4014 pedestrian
454 6.0221 0.4189 pedestrian
455 6.0221 0.4189 pedestrian
456 6.0221 0.4189 pedestrian
457 6.0221 0.4189 pedestrian
458 6.0221 0.4189 pedestrian
459 6.0221 0.4189 pedestrian
460 6.0221 0.4189 pedestrian
461 6.0221 0.4189 pedestrian
462 6.2452 0.4189 pedestrian
463 6.2452 0.4189 pedestrian
464 6.2452 0.4189 pedestrian
465 6.2452 0.4189 pedestrian
466 6.2452 0.4189 pedestrian
467 6.2452 0.4189 pedestrian
468 6.4682 0.4189 pedestrian
469 6.4682 0.4189 pedestrian
470 6.4682 0.4189 pedestrian
471 6.4682 0.4189 pedestrian
472 6.4682 0.4189 pedestrian
473 6.4682 0.4189 pedestrian
474 6.4682 0.4189 pedestrian
475 6.4682 0.4189 pedestrian
476 6.4682 0.4189 pedestrian
477 6.6913 0.4189 pedestrian
478 6.6913 0.4189 pedestrian
479 6.6913 0.4189 pedestrian
480 6.6913 0.4189 pedestrian
481 6.9143 0.4014 pedestrian
482 6.9143 0.4014 pedestrian
483 6.9143 0.4014 pedestrian
484 6.9143 0.4014 pedestrian
485 6.9143 0.4014 pedestrian
486 6.9143 0.4014 pedestrian
487 7.1373 0.3840 pedestrian
488 7.1373 0.3840 pedestrian
489 7.1373 0.3840 pedestrian
490 7.1373 0.3840 pedestrian
491 7.1373 0.3840 pedestrian
492 7.1373 0.3840 pedestrian
493 7.1373 0.3491 pedestrian
494 7.1373 0.3491 pedestrian
495 7.1373 0.3491 pedestrian
496 7.1373 0.3491 pedestrian
497 7.1373 0.3316 pedestrian
498 7.1373 0.3316 pedestrian
499 7.1373 0.3316 pedestrian
500 7.1373 0.2793 pedestrian
501 7.1373 0.2793 pedestrian
502 7.1373 0.2793 pedestrian
503 7.1373 0.2793 pedestrian
504 7.1373 0.2793 pedestrian
505 7.1373 0.2793 pedestrian
506 7.3604 0.2793 pedestrian
507 7.3604 0.2793 pedestrian
508 7.3604 0.2793 pedestrian
509 7.3604 0.2793 pedestrian
510 7.3604 0.2793 pedestrian
511 7.3604 0.2793 pedestrian
512 7.3604 0.2443 pedestrian
513 7.3604 0.2443 pedestrian
514 7.3604 0.2443 pedestrian
515 7.3604 0.2443 pedestrian
516 7.3604 0.2443 pedestrian
517 7.5834 0.2269 pedestrian
518 7.5834 0.2269 pedestrian
519 7.5834 0.2269 pedestrian
520 7.5834 0.2269 pedestrian
521 7.5834 0.2269 pedestrian
522 7.5834 0.1920 pedestrian
523 7.5834 0.1920 pedestrian
524 7.5834 0.1920 pedestrian
525 7.5834 0.1920 pedestrian
526 7.5834 0.1920 pedestrian
527 7.8065 0.1920 pedestrian
528 7.8065 0.1920 pedestrian
529 7.8065 0.1920 pedestrian
530 7.8065 0.1920 pedestrian
531 7.8065 0.1571 pedestrian
532 7.8065 0.1571 pedestrian
533 7.8065 0.1571 pedestrian
534 8.0295 0.1396 pedestrian
535 8.0295 0.1396 pedestrian
536 8.0295 0.1396 pedestrian
537 8.0295 0.1396 pedestrian
538 8.0295 0.1396 pedestrian
539 8.0295 0.1396 pedestrian
540 8.0295 0.1396 pedestrian
541 8.0295 0.1396 pedestrian
542 8.2525 0.1047 pedestrian
543 8.2525 0.1047 pedestrian
544 8.2525 0.1047 pedestrian
545 8.2525 0.1047 pedestrian
546 8.2525 0.1047 pedestrian
547 8.2525 0.1047 pedestrian
548 8.2525 0.1047 pedestrian
549 8.2525 0.1047 pedestrian
550 8.4756 0.1222 pedestrian
551 8.4756 0.1222 pedestrian
552 8.4756 0.1222 pedestrian
553 8.4756 0.1222 pedestrian
554 8.4756 0.1222 pedestrian
555 8.6986 0.1047 pedestrian
556 8.6986 0.1047 pedestrian
557 8.6986 0.1047 pedestrian
558 8.6986 0.1047 pedestrian
559 8.6986 0.1047 pedestrian
560 8.6986 0.1047 pedestrian
561 8.9217 0.1047 pedestrian
562 8.9217 0.1047 pedestrian
563 8.9217 0.1047 pedestrian
564 8.9217 0.1047 pedestrian
565 8.9217 0.1047 pedestrian
566 8.9217 0.1047 pedestrian
567 8.9217 0.1047 pedestrian
568 9.1447 0.0873 pedestrian
569 9.1447 0.0873 pedestrian
570 9.1447 0.0873 pedestrian
571 9.1447 0.0873 pedestrian
572 9.1447 0.0873 pedestrian
573 9.3678 0.0873 pedestrian
574 9.3678 0.0873 pedestrian
575 9.3678 0.0873 pedestrian
576 9.3678 0.0873 pedestrian
577 9.3678 0.0873 pedestrian
578 9.3678 0.0873 pedestrian
579 9.3678 0.0873 pedestrian
580 9.3678 0.0873 pedestrian
581 9.5908 0.0873 pedestrian
582 9.5908 0.0873 pedestrian
583 9.5908 0.0873 pedestrian
584 9.5908 0.0873 pedestrian
585 9.5908 0.0873 pedestrian
586 9.5908 0.0873 pedestrian
587 9.8138 0.0873 pedestrian
588 9.8138 0.0873 pedestrian
589 9.8138 0.0873 pedestrian
590 9.8138 0.0873 pedestrian
591 9.8138 0.0873 pedestrian
592 10.0369 0.1047 pedestrian
593 10.0369 0.1047 pedestrian
594 10.0369 0.1047 pedestrian
595 10.0369 0.1047 pedestrian
596 10.0369 0.1047 pedestrian
597 10.0369 0.1047 pedestrian
598 10.0369 0.1047 pedestrian
599 10.0369 0.1047 pedestrian
600 10.0369 0.1047 pedestrian
601 10.0369 0.1047 pedestrian
602 10.0369 0.1047 pedestrian
603 10.0369 0.1047 pedestrian
604 10.0369 0.1047 pedestrian
605 10.2599 0.1222 pedestrian
606 10.2599 0.1222 pedestrian
607 10.2599 0.1222 pedestrian
608 10.2599 0.1222 pedestrian
609 10.2599 0.1222 pedestrian
610 10.2599 0.1222 pedestrian
611 10.2599 0.1222 pedestrian
612 10.2599 0.1222 pedestrian
613 10.2599 0.1222 pedestrian
614 10.4830 0.1222 pedestrian
615 10.4830 0.1222 pedestrian
616 10.4830 0.1222 pedestrian
617 10.4830 0.1222 pedestrian
618 10.4830 0.1222 pedestrian
619 10.4830 0.1222 pedestrian
620 10.4830 0.1222 pedestrian
621 10.7060 0.1571 pedestrian
622 10.7060 0.1571 pedestrian
623 10.7060 0.1571 pedestrian
624 10.7060 0.1571 pedestrian
625 10.7060 0.1571 pedestrian
626 10.7060 0.1571 pedestrian
627 10.7060 0.1571 pedestrian
628 10.7060 0.1571 pedestrian
629 10.7060 0.1571 pedestrian
630 10.7060 0.1745 pedestrian
631 10.7060 0.1745 pedestrian
632 10.7060 0.1745 pedestrian
633 10.7060 0.1745 pedestrian
634 10.4830 0.1920 pedestrian
635 10.4830 0.1920 pedestrian
636 10.4830 0.1920 pedestrian
637 10.4830 0.1920 pedestrian
638 10.4830 0.1920 pedestrian
639 10.4830 0.2269 pedestrian
640 10.4830 0.2269 pedestrian
641 10.4830 0.2269 pedestrian
642 10.4830 0.2269 pedestrian
643 10.4830 0.2269 pedestrian
644 10.4830 0.2269 pedestrian
645 10.4830 0.2269 pedestrian
646 10.4830 0.2269 pedestrian
647 10.4830 0.2269 pedestrian
648 10.4830 0.2269 pedestrian
649 10.4830 0.2269 pedestrian
650 10.4830 0.2269 pedestrian
651 10.2599 0.2269 pedestrian
652 10.2599 0.2269 pedestrian
653 10.2599 0.2269 pedestrian
654 10.2599 0.2269 pedestrian
655 10.2599 0.2269 pedestrian
656 10.2599 0.2269 pedestrian
657 10.2599 0.2269 pedestrian
658 10.0369 0.2269 pedestrian
659 10.0369 0.2269 pedestrian
660 10.0369 0.2269 pedestrian
661 10.0369 0.2269 pedestrian
662 10.0369 0.2269 pedestrian
663 9.8138 0.2443 pedestrian
664 9.8138 0.2443 pedestrian
665 9.8138 0.2443 pedestrian
666 9.5908 0.2443 pedestrian
667 9.5908 0.2443 pedestrian
668 9.5908 0.2443 pedestrian
669 9.5908 0.2443 pedestrian
670 9.5908 0.2443 pedestrian
671 9.5908 0.2443 pedestrian
672 9.5908 0.2443 pedestrian
673 9.5908 0.2443 pedestrian
674 9.5908 0.2443 pedestrian
675 9.3678 0.2618 pedestrian
676 9.3678 0.2618 pedestrian
677 9.3678 0.2618 pedestrian
678 9.3678 0.2618 pedestrian
679 9.3678 0.2618 pedestrian
680 9.1447 0.2443 pedestrian
681 9.1447 0.2443 pedestrian
682 9.1447 0.2443 pedestrian
683 9.1447 0.2443 pedestrian
684 9.1447 0.2443 pedestrian
685 8.9217 0.2618 pedestrian
686 8.9217 0.2618 pedestrian
687 8.9217 0.2618 pedestrian
688 8.9217 0.2618 pedestrian
689 8.9217 0.2618 pedestrian
690 8.9217 0.2618 pedestrian
691 8.6986 0.2618 pedestrian
692 8.6986 0.2618 pedestrian
693 8.6986 0.2618 pedestrian
694 8.6986 0.2618 pedestrian
695 8.6986 0.2618 pedestrian
696 8.6986 0.2618 pedestrian
697 8.6986 0.2618 pedestrian
698 8.6986 0.2618 pedestrian
699 8.4756 0.2443 pedestrian
700 8.4756 0.2443 pedestrian
701 8.4756 0.2443 pedestrian
702 8.4756 0.2443 pedestrian
703 8.4756 0.2443 pedestrian
704 8.2525 0.2443 pedestrian
705 8.2525 0.2443 pedestrian
706 8.2525 0.2443 pedestrian
707 8.2525 0.2443 pedestrian
708 8.2525 0.2443 pedestrian
709 8.2525 0.2443 pedestrian
710 8.0295 0.2443 pedestrian
711 8.0295 0.2443 pedestrian
712 8.0295 0.2443 pedestrian
713 8.0295 0.2443 pedestrian
714 8.0295 0.2443 pedestrian
715 8.0295 0.2443 pedestrian
716 8.0295 0.2443 pedestrian
717 8.0295 0.2443 pedestrian
718 8.0295 0.2443 pedestrian
719 7.8065 0.2094 pedestrian
720 7.8065 0.2094 pedestrian
721 7.8065 0.2094 pedestrian
722 7.8065 0.2094 pedestrian
723 7.8065 0.2094 pedestrian
724 7.5834 0.1920 pedestrian
725 7.5834 0.1920 pedestrian
726 7.5834 0.1920 pedestrian
727 7.5834 0.1920 pedestrian
728 7.5834 0.1920 pedestrian
729 7.5834 0.1920 pedestrian
730 7.3604 0.1571 pedestrian
731 7.3604 0.1571 pedestrian
732 7.3604 0.1571 pedestrian
733 7.3604 0.1571 pedestrian
734 7.3604 0.1571 pedestrian
735 7.3604 0.1571 pedestrian
736 7.3604 0.1571 pedestrian
737 7.3604 0.1571 pedestrian
738 7.3604 0.0873 pedestrian
739 7.3604 0.0873 pedestrian
740 7.1373 0.1222 pedestrian
741 7.1373 0.1222 pedestrian
742 7.1373 0.1222 pedestrian
743 7.1373 0.1222 pedestrian
744 7.1373 0.1222 pedestrian
745 7.1373 0.1222 pedestrian
746 7.1373 0.1222 pedestrian
747 6.9143 0.1222 pedestrian
748 6.9143 0.1222 pedestrian
749 6.9143 0.1222 pedestrian
750 6.9143 0.1222 pedestrian
751 6.9143 0.1222 pedestrian
752 6.9143 0.1222 pedestrian
753 6.9143 0.1222 pedestrian
754 6.9143 0.1222 pedestrian
755 6.6913 0.0698 pedestrian
756 6.6913 0.0698 pedestrian
757 6.6913 0.0698 pedestrian
758 6.6913 0.0698 pedestrian
759 6.6913 0.0698 pedestrian
760 6.6913 0.0698 pedestrian
761 6.6913 0.0698 pedestrian
762 6.6913 0.0349 pedestrian
763 6.6913 0.0349 pedestrian
764 6.6913 0.0349 pedestrian
765 6.6913 0.0349 pedestrian
766 6.6913 0.0349 pedestrian
767 6.4682 0.0349 pedestrian
768 6.4682 0.0349 pedestrian
769 6.4682 0.0349 pedestrian
770 6.4682 0.0349 pedestrian
771 6.2452 -0.0175 pedestrian
772 6.2452 -0.0175 pedestrian
773 6.2452 -0.0175 pedestrian
774 6.2452 -0.0175 pedestrian
775 6.2452 -0.0175 pedestrian
776 6.2452 -0.0175 pedestrian
777 6.0221 -0.0175 pedestrian
778 6.0221 -0.0175 pedestrian
779 6.0221 -0.0175 pedestrian
780 6.0221 -0.0175 pedestrian
781 6.0221 -0.0175 pedestrian
782 6.0221 -0.0175 pedestrian
783 6.0221 -0.0175 pedestrian
784 6.0221 -0.0175 pedestrian
785 5.7991 -0.0175 pedestrian
786 5.7991 -0.0175 pedestrian
787 5.7991 -0.0175 pedestrian
788 5.7991 -0.0175 pedestrian
789 5.7991 -0.0175 pedestrian
790 5.7991 -0.0175 pedestrian
791 5.5760 -0.0175 pedestrian
792 5.5760 -0.0175 pedestrian
793 5.5760 -0.0175 pedestrian
794 5.5760 -0.0175 pedestrian
795 5.5760 -0.0175 pedestrian
796 5.5760 -0.0175 pedestrian
797 5.3530 -0.0349 pedestrian
798 5.5760 -0.0175 pedestrian
799 5.5760 -0.0175 pedestrian
800 5.3530 -0.0175 pedestrian
801 5.3530 -0.0175 pedestrian
802 5.3530 -0.0175 pedestrian
803 5.3530 -0.0175 pedestrian
804 5.1300 -0.0524 pedestrian
805 5.1300 -0.0524 pedestrian
806 5.1300 -0.0524 pedestrian
807 5.1300 -0.0524 pedestrian
808 5.1300 -0.0524 pedestrian
809 5.1300 -0.0524 pedestrian
810 4.9069 -0.0349 pedestrian
811 4.9069 -0.0349 pedestrian
812 4.9069 -0.0349 pedestrian
813 4.9069 -0.0349 pedestrian
814 4.9069 -0.0349 pedestrian
815 4.6839 -0.0524 pedestrian
816 4.6839 -0.0524 pedestrian
817 4.6839 -0.0524 pedestrian
818 4.6839 -0.0524 pedestrian
819 4.6839 -0.0524 pedestrian
820 4.6839 -0.0524 pedestrian
821 4.6839 -0.0524 pedestrian
822 4.6839 -0.0524 pedestrian
823 4.6839 -0.0524 pedestrian
824 4.6839 -0.0175 pedestrian
825 4.6839 -0.0175 pedestrian
826 4.4608 -0.0175 pedestrian
827 4.4608 -0.0175 pedestrian
828 4.4608 -0.0175 pedestrian
829 4.4608 -0.0175 pedestrian
830 4.4608 -0.0175 pedestrian
831 4.4608 -0.0175 pedestrian
832 4.4608 -0.0175 pedestrian
833 4.4608 -0.0175 pedestrian
834 4.2378 0.0175 pedestrian
835 4.2378 0.0175 pedestrian
836 4.2378 0.0175 pedestrian
837 4.2378 0.0175 pedestrian
838 4.2378 0.0175 pedestrian
839 4.2378 0.0175 pedestrian
840 4.2378 0.0175 pedestrian
841 4.0148 0.0524 pedestrian
842 4.0148 0.0524 pedestrian
843 4.0148 0.0524 pedestrian
844 4.0148 0.0524 pedestrian
845 4.0148 0.0524 pedestrian
846 4.0148 0.0524 pedestrian
847 4.0148 0.0524 pedestrian
848 4.0148 0.0873 pedestrian
849 4.0148 0.0873 pedestrian
850 4.0148 0.0873 pedestrian
851 4.0148 0.0873 pedestrian
852 4.0148 0.0873 pedestrian
853 4.0148 0.1222 pedestrian
854 4.0148 0.1222 pedestrian
855 4.0148 0.1396 pedestrian
856 4.0148 0.1396 pedestrian
857 4.0148 0.1396 pedestrian
858 4.0148 0.1571 pedestrian
859 4.0148 0.1571 pedestrian
860 4.0148 0.1571 pedestrian
861 4.0148 0.1571 pedestrian
862 4.0148 0.2094 pedestrian
863 4.0148 0.2094 pedestrian
864 4.0148 0.2094 pedestrian
865 4.0148 0.2094 pedestrian
866 4.0148 0.2094 pedestrian
867 4.0148 0.2094 pedestrian
868 4.0148 0.2094 pedestrian
869 4.0148 0.2094 pedestrian
870 4.0148 0.2094 pedestrian
871 4.2378 0.2269 pedestrian
872 4.2378 0.2269 pedestrian
873 4.2378 0.2269 pedestrian
874 4.2378 0.2269 pedestrian
875 4.2378 0.2269 pedestrian
876 4.2378 0.2618 pedestrian
877 4.2378 0.2618 pedestrian
878 4.2378 0.2618 pedestrian
879 4.2378 0.2618 pedestrian
880 4.2378 0.2618 pedestrian
881 4.4608 0.2618 pedestrian
881 4.4608 0.2618 pedestrian
882 4.4608 0.2618 pedestrian
883 4.4608 0.2618 pedestrian
884 4.4608 0.2618 pedestrian
885 4.4608 0.2618 pedestrian
886 4.4608 0.2618 pedestrian
887 4.4608 0.2618 pedestrian
888 4.4608 0.2618 pedestrian
889 4.6839 0.2618 pedestrian
890 4.6839 0.2618 pedestrian
891 4.6839 0.2618 pedestrian
892 4.6839 0.2618 pedestrian
893 4.6839 0.2618 pedestrian
894 4.6839 0.2618 pedestrian
895 4.6839 0.2618 pedestrian
896 5.1300 0.2618 pedestrian
897 5.1300 0.2618 pedestrian
898 5.1300 0.2618 pedestrian
899 5.1300 0.2618 pedestrian
