0 9.1447 -0.0873 cyclist
0 9.1447 0.1571 pedestrian
1 9.1447 -0.0873 cyclist
1 9.1447 0.1571 pedestrian
2 9.1447 -0.0873 cyclist
2 9.1447 0.1571 pedestrian
3 9.1447 -0.0873 cyclist
3 9.1447 0.1571 pedestrian
4 9.1447 -0.0873 cyclist
4 9.1447 0.1571 pedestrian
5 9.1447 -0.0873 cyclist
5 9.1447 0.1571 pedestrian
6 9.1447 -0.0873 cyclist
6 9.1447 0.1571 pedestrian
7 9.1447 -0.0873 cyclist
7 9.1447 0.1571 pedestrian
8 9.1447 -0.0873 cyclist
8 9.1447 0.1571 pedestrian
9 9.1447 -0.0873 cyclist
9 9.1447 0.1571 pedestrian
10 9.1447 -0.0873 cyclist
10 9.1447 0.1571 pedestrian
11 9.1447 -0.0873 cyclist
11 9.1447 0.1571 pedestrian
12 9.1447 -0.0873 cyclist
12 9.1447 0.1571 pedestrian
13 9.1447 -0.0873 cyclist
13 9.3678 0.1571 pedestrian
14 9.1447 -0.0873 cyclist
14 9.3678 0.1745 pedestrian
15 9.1447 -0.0698 cyclist
15 9.5908 0.1920 pedestrian
16 9.1447 -0.0698 cyclist
16 9.5908 0.1920 pedestrian
17 9.1447 -0.0698 cyclist
17 9.5908 0.1920 pedestrian
18 9.1447 -0.0698 cyclist
18 9.1447 0.1920 pedestrian
19 9.1447 -0.0698 cyclist
19 9.1447 0.1920 pedestrian
20 9.1447 -0.0698 cyclist
20 9.1447 0.1920 pedestrian
21 9.1447 -0.0698 cyclist
21 9.1447 0.1920 pedestrian
22 9.1447 -0.0873 cyclist
22 9.3678 0.1745 pedestrian
23 9.1447 -0.0873 cyclist
23 9.3678 0.1745 pedestrian
24 9.1447 -0.0873 cyclist
24 9.3678 0.1745 pedestrian
25 9.3678 -0.1047 cyclist
25 9.3678 0.1571 pedestrian
26 9.3678 -0.1047 cyclist
26 9.3678 0.1571 pedestrian
27 9.1447 -0.0873 cyclist
27 9.3678 0.1571 pedestrian
28 9.3678 -0.1047 cyclist
28 9.3678 0.1571 pedestrian
29 9.1447 -0.0873 cyclist
29 9.1447 0.1571 pedestrian
30 9.1447 -0.0873 cyclist
30 9.1447 0.1571 pedestrian
31 9.1447 -0.0873 cyclist
31 9.1447 0.1571 pedestrian
32 9.1447 -0.1047 cyclist
32 9.1447 0.1571 pedestrian
33 9.3678 -0.1222 cyclist
33 9.1447 0.1571 pedestrian
34 9.3678 -0.1047 cyclist
34 9.1447 0.1571 pedestrian
35 9.1447 -0.0873 cyclist
35 9.1447 0.1571 pedestrian
36 9.1447 -0.0873 cyclist
36 9.3678 0.1745 pedestrian
37 9.1447 -0.0873 cyclist
37 9.3678 0.1745 pedestrian
38 9.1447 -0.0873 cyclist
38 9.3678 0.1745 pedestrian
39 9.3678 -0.1222 cyclist
39 9.3678 0.1745 pedestrian
40 9.1447 -0.0873 cyclist
40 9.3678 0.1745 pedestrian
41 9.1447 -0.0873 cyclist
41 9.3678 0.1745 pedestrian
42 9.1447 -0.0873 cyclist
42 9.3678 0.1745 pedestrian
43 9.1447 -0.1222 cyclist
43 9.5908 0.1745 pedestrian
44 9.1447 -0.1222 cyclist
44 9.5908 0.1745 pedestrian
45 9.1447 -0.1222 cyclist
45 9.5908 0.1745 pedestrian
46 9.1447 -0.1222 cyclist
46 9.5908 0.1745 pedestrian
47 9.1447 -0.1222 cyclist
47 9.5908 0.1745 pedestrian
48 9.1447 -0.1222 cyclist
48 9.5908 0.1745 pedestrian
49 9.1447 -0.1222 cyclist
49 9.5908 0.1745 pedestrian
50 9.1447 -0.1222 cyclist
50 9.5908 0.1745 pedestrian
51 9.1447 -0.1222 cyclist
51 9.5908 0.1745 pedestrian
52 9.1447 -0.1222 cyclist
52 9.5908 0.1745 pedestrian
53 9.1447 -0.1222 cyclist
53 9.8138 0.1571 pedestrian
54 9.1447 -0.1222 cyclist
54 9.8138 0.1571 pedestrian
55 9.1447 -0.1222 cyclist
55 9.8138 0.1571 pedestrian
56 9.1447 -0.1222 cyclist
56 9.8138 0.1571 pedestrian
57 9.1447 -0.1222 cyclist
57 9.8138 0.1571 pedestrian
58 9.3678 -0.1047 cyclist
58 9.8138 0.1571 pedestrian
59 9.1447 -0.1047 cyclist
59 10.0369 0.1396 pedestrian
60 9.1447 -0.1047 cyclist
60 10.0369 0.1396 pedestrian
61 9.1447 -0.1047 cyclist
61 10.0369 0.1396 pedestrian
62 9.1447 -0.1047 cyclist
62 10.0369 0.1396 pedestrian
63 9.1447 -0.1047 cyclist
63 10.0369 0.1396 pedestrian
64 9.3678 -0.1222 cyclist
64 10.0369 0.1396 pedestrian
65 9.3678 -0.1222 cyclist
65 10.0369 0.1396 pedestrian
66 9.3678 -0.1222 cyclist
66 10.0369 0.1396 pedestrian
67 9.3678 -0.1222 cyclist
67 10.0369 0.1396 pedestrian
68 9.3678 -0.1222 cyclist
68 10.0369 0.1222 pedestrian
69 9.5908 -0.1396 cyclist
69 10.0369 0.1222 pedestrian
70 9.5908 -0.1396 cyclist
70 10.0369 0.1222 pedestrian
71 9.5908 -0.1396 cyclist
71 10.0369 0.1222 pedestrian
72 9.5908 -0.1571 cyclist
72 10.0369 0.1222 pedestrian
73 9.5908 -0.1571 cyclist
73 10.0369 0.1222 pedestrian
74 9.5908 -0.1571 cyclist
74 10.0369 0.1047 pedestrian
75 9.5908 -0.1571 cyclist
75 10.0369 0.1047 pedestrian
76 9.5908 -0.1571 cyclist
76 10.0369 0.1047 pedestrian
77 9.5908 -0.1571 cyclist
77 10.0369 0.1047 pedestrian
78 9.5908 -0.1571 cyclist
78 10.0369 0.1047 pedestrian
79 9.8138 -0.1745 cyclist
79 10.0369 0.1047 pedestrian
80 9.8138 -0.1745 cyclist
80 10.0369 0.1047 pedestrian
81 9.8138 -0.1745 cyclist
81 10.0369 0.1047 pedestrian
82 9.8138 -0.1745 cyclist
82 10.0369 0.1047 pedestrian
83 9.8138 -0.1745 cyclist
83 10.0369 0.1047 pedestrian
84 9.8138 -0.1745 cyclist
84 10.0369 0.0698 pedestrian
85 9.8138 -0.1745 cyclist
85 10.0369 0.0698 pedestrian
86 9.8138 -0.1745 cyclist
86 10.0369 0.0698 pedestrian
87 10.0369 -0.1745 cyclist
87 10.0369 0.0698 pedestrian
88 10.2599 -0.1920 cyclist
88 10.0369 0.0698 pedestrian
89 10.0369 -0.1745 cyclist
89 10.0369 0.0698 pedestrian
90 10.2599 -0.2094 cyclist
90 10.0369 0.0698 pedestrian
91 10.2599 -0.1920 cyclist
91 10.0369 0.0698 pedestrian
92 10.2599 -0.1920 cyclist
92 10.0369 0.0698 pedestrian
93 10.2599 -0.1920 cyclist
93 10.0369 0.0698 pedestrian
94 10.2599 -0.2094 cyclist
94 10.0369 0.0698 pedestrian
95 10.2599 -0.2269 cyclist
95 10.0369 0.0698 pedestrian
96 10.2599 -0.2269 cyclist
96 10.0369 0.0698 pedestrian
97 10.4830 -0.2269 cyclist
97 9.8138 0.0524 pedestrian
98 10.4830 -0.2269 cyclist
98 9.8138 0.0524 pedestrian
99 10.4830 -0.2269 cyclist
99 9.8138 0.0524 pedestrian
100 10.4830 -0.2269 cyclist
100 9.8138 0.0524 pedestrian
101 10.4830 -0.2269 cyclist
101 9.8138 0.0524 pedestrian
102 10.4830 -0.2269 cyclist
102 9.8138 0.0524 pedestrian
103 10.4830 -0.2269 cyclist
103 9.5908 0.0698 pedestrian
104 10.7060 -0.2443 cyclist
104 9.5908 0.0698 pedestrian
105 10.7060 -0.2443 cyclist
105 9.5908 0.0698 pedestrian
106 10.7060 -0.2443 cyclist
106 9.5908 0.0698 pedestrian
107 10.7060 -0.2443 cyclist
107 9.5908 0.0698 pedestrian
108 10.7060 -0.2443 cyclist
108 9.5908 0.0698 pedestrian
109 10.7060 -0.2443 cyclist
109 9.5908 0.0698 pedestrian
110 10.7060 -0.2443 cyclist
110 9.5908 0.0698 pedestrian
111 10.9290 -0.2618 cyclist
111 9.5908 0.0698 pedestrian
112 10.9290 -0.2618 cyclist
112 9.5908 0.0698 pedestrian
113 10.9290 -0.2618 cyclist
113 9.3678 0.0524 pedestrian
114 10.9290 -0.2618 cyclist
114 9.5908 0.0698 pedestrian
115 10.9290 -0.2618 cyclist
115 9.3678 0.0524 pedestrian
116 10.9290 -0.2618 cyclist
116 9.3678 0.0698 pedestrian
117 11.1521 -0.2618 cyclist
117 9.3678 0.0524 pedestrian
118 11.1521 -0.2618 cyclist
118 9.3678 0.0524 pedestrian
119 11.1521 -0.2618 cyclist
119 9.3678 0.0524 pedestrian
120 11.1521 -0.2618 cyclist
120 9.3678 0.0524 pedestrian
121 11.1521 -0.2618 cyclist
121 9.3678 0.0524 pedestrian
122 11.1521 -0.2618 cyclist
122 9.3678 0.0524 pedestrian
123 11.3751 -0.2967 cyclist
123 9.3678 0.0524 pedestrian
124 11.3751 -0.2967 cyclist
124 9.3678 0.0524 pedestrian
125 11.3751 -0.2967 cyclist
125 9.3678 0.0524 pedestrian
126 11.3751 -0.2967 cyclist
126 9.3678 0.0524 pedestrian
127 11.3751 -0.2967 cyclist
127 9.3678 0.0524 pedestrian
128 11.3751 -0.2967 cyclist
128 9.3678 0.0524 pedestrian
129 11.3751 -0.2967 cyclist
129 9.1447 0.0698 pedestrian
130 11.3751 -0.3142 cyclist
130 9.1447 0.0698 pedestrian
131 11.3751 -0.3142 cyclist
131 9.1447 0.0698 pedestrian
132 11.3751 -0.3142 cyclist
132 9.1447 0.0698 pedestrian
133 11.3751 -0.3142 cyclist
133 9.1447 0.0698 pedestrian
134 11.3751 -0.3142 cyclist
134 9.1447 0.0698 pedestrian
135 11.3751 -0.3142 cyclist
135 9.1447 0.0873 pedestrian
136 11.3751 -0.3316 cyclist
136 9.1447 0.0873 pedestrian
137 11.3751 -0.3491 cyclist
137 9.1447 0.1047 pedestrian
138 11.3751 -0.3491 cyclist
138 9.1447 0.1047 pedestrian
139 11.3751 -0.3491 cyclist
139 9.1447 0.1047 pedestrian
140 11.3751 -0.3491 cyclist
140 9.1447 0.1047 pedestrian
141 11.3751 -0.3491 cyclist
141 9.1447 0.1047 pedestrian
142 11.3751 -0.3491 cyclist
142 9.1447 0.1047 pedestrian
143 11.3751 -0.3491 cyclist
143 9.1447 0.1047 pedestrian
144 11.3751 -0.3665 cyclist
144 9.1447 0.1396 pedestrian
145 11.3751 -0.3665 cyclist
145 9.1447 0.1396 pedestrian
146 11.3751 -0.3665 cyclist
146 9.1447 0.1396 pedestrian
147 11.3751 -0.3665 cyclist
147 9.1447 0.1396 pedestrian
148 11.3751 -0.4014 cyclist
148 9.1447 0.1396 pedestrian
149 11.3751 -0.4014 cyclist
149 9.1447 0.1396 pedestrian
150 11.3751 -0.4014 cyclist
150 9.1447 0.1396 pedestrian
151 11.3751 -0.4014 cyclist
151 9.1447 0.1396 pedestrian
152 11.3751 -0.4014 cyclist
152 9.1447 0.1396 pedestrian
153 11.3751 -0.4014 cyclist
153 9.1447 0.1396 pedestrian
154 11.3751 -0.4014 cyclist
154 9.1447 0.1396 pedestrian
155 11.3751 -0.4014 cyclist
155 9.1447 0.1396 pedestrian
156 11.3751 -0.4189 cyclist
156 9.3678 0.1571 pedestrian
157 11.3751 -0.4189 cyclist
157 9.3678 0.1571 pedestrian
158 11.3751 -0.4189 cyclist
158 9.3678 0.1571 pedestrian
159 11.3751 -0.4189 cyclist
159 9.3678 0.1571 pedestrian
160 11.1521 -0.4363 cyclist
160 9.3678 0.1571 pedestrian
161 11.1521 -0.4363 cyclist
161 9.3678 0.1571 pedestrian
162 10.9290 -0.4712 cyclist
162 9.3678 0.1571 pedestrian
163 10.9290 -0.4712 cyclist
163 9.3678 0.1571 pedestrian
164 10.9290 -0.4712 cyclist
164 9.3678 0.1571 pedestrian
165 10.9290 -0.4712 cyclist
165 9.5908 0.1571 pedestrian
166 10.9290 -0.4712 cyclist
166 9.5908 0.1571 pedestrian
167 10.9290 -0.4363 cyclist
167 9.8138 0.1745 pedestrian
168 10.9290 -0.4363 cyclist
168 9.8138 0.1745 pedestrian
169 10.9290 -0.4363 cyclist
169 9.8138 0.1745 pedestrian
170 10.7060 -0.4538 cyclist
170 9.8138 0.1745 pedestrian
171 10.9290 -0.4363 cyclist
171 9.8138 0.1745 pedestrian
172 10.7060 -0.4538 cyclist
172 9.8138 0.1745 pedestrian
173 10.7060 -0.4538 cyclist
173 9.8138 0.1745 pedestrian
174 10.7060 -0.4538 cyclist
174 9.8138 0.1745 pedestrian
175 10.7060 -0.4538 cyclist
175 9.8138 0.1745 pedestrian
176 10.7060 -0.4538 cyclist
176 9.8138 0.1745 pedestrian
177 10.2599 -0.4712 cyclist
177 9.8138 0.1745 pedestrian
178 10.2599 -0.4712 cyclist
178 9.8138 0.1745 pedestrian
179 10.2599 -0.4712 cyclist
179 9.8138 0.1745 pedestrian
180 10.2599 -0.4712 cyclist
180 9.8138 0.1745 pedestrian
181 10.0369 -0.4712 cyclist
181 10.0369 0.1745 pedestrian
182 10.0369 -0.4712 cyclist
182 10.0369 0.1745 pedestrian
183 10.0369 -0.4712 cyclist
183 10.0369 0.1745 pedestrian
184 10.0369 -0.4712 cyclist
184 10.0369 0.1745 pedestrian
185 10.0369 -0.4712 cyclist
185 10.2599 0.1745 pedestrian
186 10.0369 -0.4712 cyclist
186 10.2599 0.1745 pedestrian
187 10.0369 -0.4712 cyclist
187 10.2599 0.1745 pedestrian
188 10.0369 -0.4712 cyclist
188 10.2599 0.1745 pedestrian
189 10.0369 -0.4712 cyclist
189 10.2599 0.1745 pedestrian
190 9.8138 -0.4363 cyclist
190 10.2599 0.1745 pedestrian
191 9.8138 -0.4363 cyclist
191 10.2599 0.1745 pedestrian
192 9.8138 -0.4363 cyclist
192 10.2599 0.1745 pedestrian
193 9.8138 -0.4363 cyclist
193 10.2599 0.1745 pedestrian
194 9.5908 -0.4014 cyclist
194 10.4830 0.1571 pedestrian
195 9.5908 -0.4014 cyclist
195 10.4830 0.1571 pedestrian
196 9.5908 -0.4014 cyclist
196 10.4830 0.1571 pedestrian
197 9.5908 -0.4014 cyclist
197 10.4830 0.1571 pedestrian
198 9.5908 -0.4014 cyclist
198 10.4830 0.1571 pedestrian
199 9.5908 -0.4014 cyclist
199 10.4830 0.1571 pedestrian
200 9.5908 -0.4014 cyclist
200 10.4830 0.1571 pedestrian
201 9.5908 -0.4014 cyclist
201 10.4830 0.1571 pedestrian
202 9.5908 -0.4014 cyclist
202 10.4830 0.1571 pedestrian
203 9.3678 -0.3491 cyclist
203 10.7060 0.1571 pedestrian
204 9.5908 -0.3665 cyclist
204 10.7060 0.1571 pedestrian
205 9.5908 -0.3665 cyclist
205 10.7060 0.1571 pedestrian
206 9.5908 -0.3665 cyclist
206 10.7060 0.1571 pedestrian
207 9.5908 -0.3665 cyclist
207 10.7060 0.1571 pedestrian
208 9.5908 -0.3665 cyclist
208 10.7060 0.1571 pedestrian
209 9.5908 -0.3665 cyclist
209 10.7060 0.1571 pedestrian
210 9.5908 -0.3665 cyclist
210 10.7060 0.1571 pedestrian
211 9.5908 -0.3665 cyclist
211 10.7060 0.1571 pedestrian
212 9.5908 -0.3665 cyclist
212 10.7060 0.1571 pedestrian
213 9.5908 -0.3665 cyclist
213 10.7060 0.1571 pedestrian
214 9.3678 -0.3316 cyclist
214 10.7060 0.1396 pedestrian
215 9.3678 -0.3316 cyclist
215 10.7060 0.1396 pedestrian
216 9.3678 -0.3316 cyclist
216 10.7060 0.1396 pedestrian
217 9.3678 -0.3316 cyclist
217 10.7060 0.1396 pedestrian
218 9.3678 -0.3316 cyclist
218 10.7060 0.1396 pedestrian
219 9.3678 -0.3316 cyclist
219 10.7060 0.1396 pedestrian
220 9.3678 -0.2793 cyclist
220 10.7060 0.1396 pedestrian
221 9.3678 -0.2793 cyclist
221 10.7060 0.1396 pedestrian
222 9.3678 -0.2793 cyclist
222 10.7060 0.1396 pedestrian
223 9.3678 -0.2793 cyclist
223 10.7060 0.1396 pedestrian
224 9.3678 -0.2443 cyclist
224 10.7060 0.1396 pedestrian
225 9.3678 -0.2269 cyclist
225 10.7060 0.1396 pedestrian
226 9.3678 -0.2269 cyclist
226 10.7060 0.1396 pedestrian
227 9.3678 -0.2269 cyclist
227 10.7060 0.1396 pedestrian
228 9.3678 -0.2269 cyclist
228 10.7060 0.1396 pedestrian
229 9.3678 -0.2269 cyclist
229 10.7060 0.1396 pedestrian
230 9.3678 -0.2269 cyclist
230 10.7060 0.1396 pedestrian
231 9.3678 -0.2269 cyclist
231 10.4830 0.1396 pedestrian
232 9.3678 -0.2269 cyclist
232 10.4830 0.1396 pedestrian
233 9.3678 -0.2269 cyclist
233 10.4830 0.1396 pedestrian
234 9.3678 -0.2269 cyclist
234 10.4830 0.1396 pedestrian
235 9.3678 -0.1920 cyclist
235 10.4830 0.1396 pedestrian
236 9.3678 -0.1920 cyclist
236 10.4830 0.1396 pedestrian
237 9.3678 -0.1920 cyclist
237 10.4830 0.1396 pedestrian
238 9.3678 -0.1920 cyclist
238 10.4830 0.1396 pedestrian
239 9.1447 -0.1920 cyclist
239 10.2599 0.1396 pedestrian
240 9.1447 -0.1920 cyclist
240 10.2599 0.1396 pedestrian
241 9.1447 -0.1920 cyclist
241 10.2599 0.1396 pedestrian
242 9.1447 -0.1920 cyclist
242 10.2599 0.1396 pedestrian
243 9.1447 -0.1920 cyclist
243 10.2599 0.1396 pedestrian
244 9.1447 -0.1920 cyclist
244 10.0369 0.1396 pedestrian
245 9.1447 -0.1920 cyclist
245 10.0369 0.1396 pedestrian
246 9.1447 -0.1920 cyclist
246 10.0369 0.1396 pedestrian
247 9.1447 -0.1920 cyclist
247 10.0369 0.1396 pedestrian
248 9.1447 -0.1920 cyclist
248 10.0369 0.1396 pedestrian
249 9.1447 -0.1396 cyclist
249 10.0369 0.1571 pedestrian
250 9.1447 -0.1396 cyclist
250 10.0369 0.1571 pedestrian
251 9.1447 -0.1396 cyclist
251 10.0369 0.1571 pedestrian
252 9.1447 -0.1396 cyclist
252 9.8138 0.1571 pedestrian
253 9.1447 -0.1396 cyclist
253 9.8138 0.1571 pedestrian
254 9.1447 -0.1396 cyclist
254 9.8138 0.1571 pedestrian
255 9.1447 -0.1396 cyclist
255 9.8138 0.1571 pedestrian
256 9.1447 -0.1396 cyclist
256 9.8138 0.1571 pedestrian
257 9.1447 -0.1396 cyclist
257 9.8138 0.1571 pedestrian
258 9.1447 -0.1222 cyclist
258 9.5908 0.1745 pedestrian
259 9.1447 -0.1222 cyclist
259 9.5908 0.1745 pedestrian
260 9.1447 -0.1222 cyclist
260 9.5908 0.1920 pedestrian
261 9.1447 -0.1222 cyclist
261 9.5908 0.1920 pedestrian
262 9.1447 -0.1222 cyclist
262 9.5908 0.1920 pedestrian
263 9.1447 -0.1222 cyclist
263 9.3678 0.1920 pedestrian
264 9.1447 -0.1222 cyclist
264 9.3678 0.1920 pedestrian
265 9.1447 -0.1222 cyclist
265 9.3678 0.1920 pedestrian
266 9.1447 -0.1222 cyclist
266 9.1447 0.2094 pedestrian
267 9.1447 -0.1222 cyclist
267 9.1447 0.2094 pedestrian
268 9.1447 -0.1222 cyclist
268 9.1447 0.2094 pedestrian
269 9.1447 -0.1222 cyclist
269 9.1447 0.2094 pedestrian
270 9.1447 -0.1222 cyclist
270 9.1447 0.2094 pedestrian
271 9.1447 -0.0698 cyclist
271 9.1447 0.2793 pedestrian
272 9.1447 -0.1222 cyclist
272 9.1447 0.2094 pedestrian
273 9.1447 -0.1222 cyclist
273 9.1447 0.2094 pedestrian
274 9.1447 -0.0524 cyclist
274 9.1447 0.2618 pedestrian
275 9.1447 -0.0524 cyclist
275 9.1447 0.2618 pedestrian
276 9.1447 -0.0524 cyclist
276 9.1447 0.2618 pedestrian
277 9.3678 -0.0175 cyclist
277 9.1447 0.2618 pedestrian
278 9.3678 -0.0175 cyclist
278 9.1447 0.2618 pedestrian
279 9.3678 -0.0175 cyclist
279 9.1447 0.2618 pedestrian
280 9.3678 -0.0175 cyclist
280 9.1447 0.2618 pedestrian
281 9.3678 -0.0175 cyclist
281 9.1447 0.2618 pedestrian
282 9.3678 -0.0175 cyclist
282 9.1447 0.2618 pedestrian
283 9.3678 -0.0175 cyclist
283 9.1447 0.2618 pedestrian
284 9.3678 -0.0175 cyclist
284 9.1447 0.2618 pedestrian
285 9.3678 -0.0175 cyclist
285 9.1447 0.2618 pedestrian
286 9.3678 -0.0175 cyclist
286 9.1447 0.2618 pedestrian
287 9.3678 -0.0175 cyclist
287 8.9217 0.2793 pedestrian
288 9.3678 -0.0175 cyclist
288 8.9217 0.2793 pedestrian
289 9.3678 -0.0175 cyclist
289 8.9217 0.2793 pedestrian
290 9.3678 -0.0175 cyclist
290 8.9217 0.2793 pedestrian
291 9.3678 -0.0175 cyclist
291 8.9217 0.2793 pedestrian
292 9.5908 0.0000 cyclist
292 8.6986 0.2618 pedestrian
293 9.5908 0.0000 cyclist
293 8.6986 0.2618 pedestrian
294 9.5908 0.0000 cyclist
294 8.6986 0.2618 pedestrian
295 9.5908 0.0000 cyclist
295 8.6986 0.2618 pedestrian
296 9.8138 0.0698 cyclist
296 8.4756 0.2793 pedestrian
297 9.8138 0.0698 cyclist
297 8.4756 0.2793 pedestrian
298 9.8138 0.0698 cyclist
298 8.4756 0.2793 pedestrian
299 10.0369 0.0873 cyclist
299 8.4756 0.2793 pedestrian
300 10.0369 0.0873 cyclist
300 8.4756 0.2793 pedestrian
301 10.0369 0.0873 cyclist
301 8.4756 0.2793 pedestrian
302 10.0369 0.0873 cyclist
302 8.4756 0.2618 pedestrian
303 10.0369 0.0873 cyclist
303 8.4756 0.2618 pedestrian
304 10.0369 0.0873 cyclist
304 8.4756 0.2618 pedestrian
305 9.8138 0.1047 cyclist
305 8.2525 0.2443 pedestrian
306 9.8138 0.1047 cyclist
306 8.2525 0.2443 pedestrian
307 9.8138 0.1047 cyclist
307 8.2525 0.2443 pedestrian
308 9.8138 0.1047 cyclist
308 8.2525 0.2443 pedestrian
309 9.8138 0.1047 cyclist
309 8.2525 0.2443 pedestrian
310 9.8138 0.1047 cyclist
310 8.0295 0.2443 pedestrian
311 9.8138 0.1047 cyclist
311 8.0295 0.2443 pedestrian
312 10.0369 0.1222 cyclist
312 8.0295 0.2443 pedestrian
313 10.0369 0.1222 cyclist
313 8.0295 0.2443 pedestrian
314 10.0369 0.1396 cyclist
314 8.0295 0.2269 pedestrian
315 10.0369 0.1396 cyclist
315 8.0295 0.2269 pedestrian
316 10.0369 0.1396 cyclist
316 8.0295 0.2269 pedestrian
317 10.0369 0.1396 cyclist
317 7.8065 0.2269 pedestrian
318 10.0369 0.1396 cyclist
318 7.8065 0.2269 pedestrian
319 10.0369 0.1396 cyclist
319 7.8065 0.2269 pedestrian
320 10.0369 0.1396 cyclist
320 7.8065 0.2269 pedestrian
321 10.0369 0.1396 cyclist
321 7.8065 0.2269 pedestrian
322 10.0369 0.1396 cyclist
322 7.5834 0.2094 pedestrian
323 10.0369 0.1396 cyclist
323 7.5834 0.2094 pedestrian
324 10.2599 0.1571 cyclist
324 7.5834 0.2094 pedestrian
325 10.2599 0.1571 cyclist
325 7.5834 0.1920 pedestrian
326 10.2599 0.1571 cyclist
326 7.5834 0.1920 pedestrian
327 10.2599 0.1920 cyclist
327 7.5834 0.1920 pedestrian
328 10.2599 0.1920 cyclist
328 7.5834 0.1920 pedestrian
329 10.2599 0.1920 cyclist
329 7.5834 0.1920 pedestrian
330 10.4830 0.2094 cyclist
330 7.5834 0.1920 pedestrian
331 10.4830 0.2094 cyclist
331 7.5834 0.1920 pedestrian
332 10.4830 0.2094 cyclist
332 7.5834 0.1920 pedestrian
333 10.4830 0.2094 cyclist
333 7.5834 0.1920 pedestrian
334 10.2599 0.2269 cyclist
334 7.3604 0.1571 pedestrian
335 10.2599 0.2269 cyclist
335 7.3604 0.1571 pedestrian
336 10.2599 0.2269 cyclist
336 7.5834 0.1571 pedestrian
337 10.4830 0.2269 cyclist
337 7.3604 0.1571 pedestrian
338 10.4830 0.2269 cyclist
338 7.3604 0.1571 pedestrian
339 10.4830 0.2269 cyclist
339 7.3604 0.1222 pedestrian
340 10.7060 0.2269 cyclist
340 7.3604 0.1222 pedestrian
341 10.7060 0.2269 cyclist
341 7.3604 0.1222 pedestrian
342 10.7060 0.2269 cyclist
342 7.3604 0.1222 pedestrian
343 10.7060 0.2618 cyclist
343 7.3604 0.1222 pedestrian
344 10.7060 0.2618 cyclist
344 7.3604 0.1222 pedestrian
345 10.7060 0.2618 cyclist
345 7.3604 0.1222 pedestrian
346 10.7060 0.2618 cyclist
346 7.3604 0.1222 pedestrian
347 10.9290 0.2793 cyclist
347 7.3604 0.0873 pedestrian
348 10.9290 0.2793 cyclist
348 7.3604 0.0873 pedestrian
349 10.9290 0.2793 cyclist
349 7.3604 0.0873 pedestrian
350 10.9290 0.2793 cyclist
350 7.3604 0.0873 pedestrian
351 10.9290 0.2793 cyclist
351 7.3604 0.0698 pedestrian
352 10.9290 0.2793 cyclist
352 7.3604 0.0698 pedestrian
353 10.9290 0.2793 cyclist
353 7.3604 0.0698 pedestrian
354 11.1521 0.3142 cyclist
354 7.3604 0.0524 pedestrian
355 11.1521 0.3142 cyclist
355 7.3604 0.0524 pedestrian
356 11.1521 0.3142 cyclist
356 7.3604 0.0524 pedestrian
357 11.1521 0.3142 cyclist
357 7.3604 0.0524 pedestrian
358 11.1521 0.3142 cyclist
358 7.3604 0.0524 pedestrian
359 11.1521 0.3142 cyclist
359 7.3604 0.0524 pedestrian
360 11.1521 0.3142 cyclist
360 7.3604 0.0524 pedestrian
361 11.1521 0.3142 cyclist
361 7.3604 0.0524 pedestrian
362 11.1521 0.3142 cyclist
362 7.3604 0.0175 pedestrian
363 11.1521 0.3142 cyclist
363 7.3604 0.0175 pedestrian
364 11.1521 0.3142 cyclist
364 7.3604 0.0175 pedestrian
365 11.1521 0.3142 cyclist
365 7.3604 0.0175 pedestrian
366 11.1521 0.3142 cyclist
366 7.8065 0.0175 pedestrian
367 11.3751 0.3142 cyclist
367 7.8065 0.0175 pedestrian
368 11.3751 0.3142 cyclist
368 7.8065 0.0175 pedestrian
369 11.3751 0.3142 cyclist
369 7.8065 0.0175 pedestrian
370 11.3751 0.3491 cyclist
370 7.5834 0.0000 pedestrian
371 11.3751 0.3491 cyclist
371 7.5834 0.0000 pedestrian
372 11.5982 0.3316 cyclist
372 7.8065 0.0000 pedestrian
373 11.5982 0.3316 cyclist
373 7.8065 -0.0175 pedestrian
374 11.5982 0.3316 cyclist
374 7.8065 -0.0175 pedestrian
375 11.5982 0.3316 cyclist
375 7.8065 -0.0175 pedestrian
376 11.5982 0.3316 cyclist
376 7.8065 -0.0175 pedestrian
377 11.8212 0.3316 cyclist
377 7.8065 -0.0349 pedestrian
378 11.8212 0.3316 cyclist
378 7.8065 -0.0349 pedestrian
379 11.8212 0.3316 cyclist
379 7.8065 -0.0349 pedestrian
380 11.8212 0.3316 cyclist
380 7.8065 -0.0349 pedestrian
381 11.8212 0.3316 cyclist
381 7.8065 -0.0349 pedestrian
382 11.8212 0.3316 cyclist
382 7.8065 -0.0349 pedestrian
383 11.8212 0.3316 cyclist
383 7.8065 -0.0349 pedestrian
384 11.8212 0.3316 cyclist
384 7.8065 -0.0349 pedestrian
385 11.8212 0.3316 cyclist
385 7.8065 -0.0349 pedestrian
386 12.0443 0.3491 cyclist
386 8.0295 -0.0349 pedestrian
387 12.0443 0.3491 cyclist
387 8.0295 -0.0349 pedestrian
388 12.0443 0.3491 cyclist
388 8.0295 -0.0349 pedestrian
389 12.0443 0.3491 cyclist
389 8.0295 -0.0349 pedestrian
390 12.0443 0.3491 cyclist
390 8.0295 -0.0349 pedestrian
391 12.0443 0.3491 cyclist
391 8.0295 -0.0349 pedestrian
392 12.2673 0.3491 cyclist
392 8.0295 -0.0349 pedestrian
393 12.4903 0.3491 cyclist
393 8.2525 -0.0349 pedestrian
394 12.4903 0.3491 cyclist
394 8.2525 -0.0349 pedestrian
395 12.4903 0.3491 cyclist
395 8.2525 -0.0349 pedestrian
396 12.4903 0.3491 cyclist
396 8.2525 -0.0349 pedestrian
397 12.4903 0.3491 cyclist
397 8.2525 -0.0349 pedestrian
398 12.7134 0.3491 cyclist
398 8.2525 -0.0349 pedestrian
399 12.7134 0.3491 cyclist
399 8.2525 -0.0349 pedestrian
400 12.7134 0.3491 cyclist
400 8.2525 -0.0349 pedestrian
401 12.7134 0.3491 cyclist
401 8.2525 -0.0175 pedestrian
402 12.7134 0.3491 cyclist
402 8.2525 -0.0175 pedestrian
403 12.7134 0.3491 cyclist
403 8.2525 -0.0175 pedestrian
404 12.7134 0.3491 cyclist
404 8.2525 -0.0175 pedestrian
405 12.7134 0.3491 cyclist
405 8.2525 -0.0175 pedestrian
406 12.7134 0.3491 cyclist
406 8.2525 -0.0175 pedestrian
407 12.7134 0.3491 cyclist
407 8.2525 -0.0175 pedestrian
408 13.1595 0.3316 cyclist
408 8.2525 -0.0175 pedestrian
409 13.1595 0.3316 cyclist
409 8.2525 -0.0175 pedestrian
410 13.1595 0.3316 cyclist
410 8.2525 -0.0175 pedestrian
411 13.1595 0.3316 cyclist
411 8.2525 0.0000 pedestrian
412 13.1595 0.3316 cyclist
412 8.2525 0.0175 pedestrian
413 13.1595 0.3316 cyclist
413 8.2525 0.0175 pedestrian
414 13.1595 0.3316 cyclist
414 8.2525 0.0175 pedestrian
415 13.1595 0.3142 cyclist
415 8.2525 0.0349 pedestrian
416 13.3825 0.3142 cyclist
416 8.2525 0.0349 pedestrian
417 13.3825 0.3142 cyclist
417 8.2525 0.0349 pedestrian
418 13.3825 0.3142 cyclist
418 8.2525 0.0349 pedestrian
419 13.3825 0.3142 cyclist
419 8.2525 0.0349 pedestrian
420 13.3825 0.3142 cyclist
420 8.4756 0.0524 pedestrian
421 13.6056 0.2967 cyclist
421 8.4756 0.0524 pedestrian
422 13.6056 0.2967 cyclist
422 8.4756 0.0524 pedestrian
423 13.6056 0.2967 cyclist
423 8.4756 0.0524 pedestrian
424 13.8286 0.2793 cyclist
424 8.4756 0.0698 pedestrian
425 13.8286 0.2793 cyclist
425 8.4756 0.0698 pedestrian
426 13.8286 0.2793 cyclist
426 8.4756 0.0698 pedestrian
427 13.8286 0.2793 cyclist
427 8.4756 0.0698 pedestrian
428 13.8286 0.2793 cyclist
428 8.4756 0.0698 pedestrian
429 13.6056 0.2793 cyclist
429 8.4756 0.0873 pedestrian
430 13.8286 0.2793 cyclist
430 8.4756 0.0873 pedestrian
431 13.8286 0.2793 cyclist
431 8.4756 0.0873 pedestrian
432 13.8286 0.2793 cyclist
432 8.4756 0.1047 pedestrian
433 13.8286 0.2618 cyclist
433 8.4756 0.1047 pedestrian
434 14.0516 0.2443 cyclist
434 8.4756 0.1047 pedestrian
435 14.0516 0.2443 cyclist
435 8.4756 0.1047 pedestrian
436 14.0516 0.2443 cyclist
436 8.4756 0.1047 pedestrian
437 14.0516 0.2443 cyclist
437 8.4756 0.1047 pedestrian
438 14.0516 0.2443 cyclist
438 8.4756 0.1047 pedestrian
439 14.0516 0.2443 cyclist
439 8.4756 0.1222 pedestrian
440 14.0516 0.2269 cyclist
440 8.2525 0.1396 pedestrian
441 14.0516 0.2269 cyclist
441 8.2525 0.1396 pedestrian
442 14.0516 0.2269 cyclist
442 8.2525 0.1396 pedestrian
443 14.0516 0.2269 cyclist
443 8.2525 0.1396 pedestrian
444 14.0516 0.2269 cyclist
444 8.2525 0.1745 pedestrian
445 14.0516 0.2269 cyclist
445 8.2525 0.1745 pedestrian
446 14.0516 0.2269 cyclist
446 8.2525 0.1745 pedestrian
447 14.0516 0.2269 cyclist
447 8.2525 0.1745 pedestrian
448 14.0516 0.2269 cyclist
448 8.2525 0.1745 pedestrian
449 14.0516 0.2269 cyclist
449 8.2525 0.1745 pedestrian
450 14.0516 0.2269 cyclist
450 8.2525 0.1745 pedestrian
451 14.0516 0.2094 cyclist
451 8.2525 0.1920 pedestrian
452 14.0516 0.2094 cyclist
452 8.2525 0.1920 pedestrian
453 14.0516 0.2094 cyclist
453 8.2525 0.1920 pedestrian
454 14.0516 0.1745 cyclist
454 8.2525 0.1920 pedestrian
455 14.0516 0.1745 cyclist
455 8.2525 0.1920 pedestrian
456 14.0516 0.1745 cyclist
456 8.2525 0.1920 pedestrian
457 14.2747 0.1396 cyclist
457 8.2525 0.1920 pedestrian
458 14.2747 0.1396 cyclist
458 8.2525 0.2094 pedestrian
459 14.2747 0.1396 cyclist
459 8.2525 0.2094 pedestrian
460 14.2747 0.1396 cyclist
460 8.2525 0.2443 pedestrian
461 14.2747 0.1571 cyclist
461 8.2525 0.2443 pedestrian
462 14.2747 0.1571 cyclist
462 8.2525 0.2443 pedestrian
463 14.2747 0.1571 cyclist
463 8.2525 0.2443 pedestrian
464 14.2747 0.1571 cyclist
464 8.2525 0.2443 pedestrian
465 14.2747 0.1571 cyclist
465 8.2525 0.2443 pedestrian
466 14.2747 0.1571 cyclist
466 8.2525 0.2443 pedestrian
467 14.2747 0.1396 cyclist
467 8.2525 0.2793 pedestrian
468 14.2747 0.1396 cyclist
468 8.2525 0.2793 pedestrian
469 14.2747 0.1571 cyclist
469 8.2525 0.2793 pedestrian
470 14.2747 0.1571 cyclist
470 8.4756 0.2793 pedestrian
471 14.2747 0.1571 cyclist
471 8.4756 0.2793 pedestrian
472 14.2747 0.1571 cyclist
472 8.4756 0.2793 pedestrian
473 14.2747 0.1571 cyclist
473 8.4756 0.2793 pedestrian
474 14.2747 0.1396 cyclist
474 8.4756 0.3142 pedestrian
475 14.2747 0.1396 cyclist
475 8.4756 0.3142 pedestrian
476 14.2747 0.1396 cyclist
476 8.4756 0.3142 pedestrian
477 14.2747 0.1396 cyclist
477 8.4756 0.3142 pedestrian
478 14.2747 0.1396 cyclist
478 8.4756 0.3142 pedestrian
479 14.2747 0.1222 cyclist
479 8.4756 0.3491 pedestrian
480 14.2747 0.1222 cyclist
480 8.4756 0.3491 pedestrian
481 14.2747 0.1222 cyclist
481 8.4756 0.3491 pedestrian
482 14.2747 0.1222 cyclist
482 8.4756 0.3491 pedestrian
483 14.4977 0.1222 cyclist
483 8.4756 0.3491 pedestrian
484 14.4977 0.1222 cyclist
484 8.4756 0.3491 pedestrian
485 14.4977 0.1222 cyclist
485 8.4756 0.3491 pedestrian
486 14.4977 0.1222 cyclist
486 8.4756 0.3491 pedestrian
487 14.4977 0.1222 cyclist
487 8.4756 0.3491 pedestrian
488 14.7208 0.1222 cyclist
488 8.4756 0.3491 pedestrian
489 14.7208 0.1222 cyclist
489 8.4756 0.3491 pedestrian
490 14.7208 0.1047 cyclist
490 8.4756 0.3840 pedestrian
491 14.7208 0.1047 cyclist
491 8.4756 0.3840 pedestrian
492 14.7208 0.1047 cyclist
492 8.6986 0.3840 pedestrian
493 14.7208 0.1047 cyclist
493 8.6986 0.3840 pedestrian
494 14.7208 0.1047 cyclist
494 8.6986 0.3840 pedestrian
495 14.7208 0.1047 cyclist
495 8.6986 0.3840 pedestrian
496 14.7208 0.1047 cyclist
496 8.6986 0.3840 pedestrian
497 14.7208 0.1047 cyclist
497 8.9217 0.4014 pedestrian
498 14.7208 0.1047 cyclist
498 8.9217 0.4014 pedestrian
499 14.7208 0.0698 cyclist
499 8.9217 0.4014 pedestrian
500 14.7208 0.0698 cyclist
500 8.9217 0.4014 pedestrian
501 14.7208 0.0698 cyclist
501 8.9217 0.4014 pedestrian
502 14.7208 0.0698 cyclist
502 8.9217 0.4014 pedestrian
503 14.7208 0.0698 cyclist
503 8.9217 0.4014 pedestrian
504 14.7208 0.0698 cyclist
504 8.9217 0.4014 pedestrian
505 14.9438 0.0698 cyclist
505 8.9217 0.4363 pedestrian
506 14.9438 0.0698 cyclist
506 9.1447 0.4363 pedestrian
507 14.9438 0.0698 cyclist
507 9.1447 0.4363 pedestrian
508 14.9438 0.0698 cyclist
508 9.1447 0.4363 pedestrian
509 14.9438 0.0524 cyclist
509 9.1447 0.4363 pedestrian
510 14.9438 0.0524 cyclist
510 9.1447 0.4363 pedestrian
511 15.1668 0.0349 cyclist
511 9.1447 0.4363 pedestrian
512 15.1668 0.0349 cyclist
512 9.1447 0.4363 pedestrian
513 15.1668 0.0349 cyclist
513 9.3678 0.4363 pedestrian
514 15.1668 0.0349 cyclist
514 9.3678 0.4363 pedestrian
515 15.1668 0.0349 cyclist
515 9.3678 0.4363 pedestrian
516 15.1668 0.0349 cyclist
516 9.3678 0.4363 pedestrian
517 15.1668 0.0175 cyclist
517 9.3678 0.4363 pedestrian
518 15.1668 0.0175 cyclist
518 9.5908 0.4538 pedestrian
519 15.1668 0.0175 cyclist
519 9.5908 0.4538 pedestrian
520 15.1668 0.0175 cyclist
520 9.5908 0.4538 pedestrian
521 15.1668 0.0175 cyclist
521 9.5908 0.4538 pedestrian
522 15.1668 0.0175 cyclist
522 9.5908 0.4538 pedestrian
523 15.1668 0.0175 cyclist
523 9.5908 0.4538 pedestrian
524 15.1668 0.0175 cyclist
524 9.5908 0.4538 pedestrian
525 15.1668 0.0175 cyclist
525 9.5908 0.4538 pedestrian
526 15.1668 0.0175 cyclist
526 9.5908 0.4538 pedestrian
527 15.1668 0.0175 cyclist
527 9.5908 0.4538 pedestrian
528 15.1668 -0.0175 cyclist
528 9.8138 0.4712 pedestrian
529 15.1668 -0.0175 cyclist
529 9.8138 0.4712 pedestrian
530 15.1668 -0.0175 cyclist
530 9.8138 0.4712 pedestrian
531 15.1668 -0.0175 cyclist
531 9.8138 0.4712 pedestrian
532 15.1668 -0.0175 cyclist
532 10.0369 0.4538 pedestrian
533 15.1668 -0.0175 cyclist
533 10.0369 0.4538 pedestrian
534 15.1668 -0.0175 cyclist
534 10.0369 0.4538 pedestrian
535 15.1668 -0.0175 cyclist
535 10.0369 0.4538 pedestrian
536 15.1668 -0.0175 cyclist
536 10.0369 0.4538 pedestrian
537 15.1668 -0.0175 cyclist
537 10.0369 0.4538 pedestrian
538 15.1668 -0.0175 cyclist
538 10.2599 0.4363 pedestrian
539 15.1668 -0.0175 cyclist
539 10.2599 0.4363 pedestrian
540 15.1668 -0.0175 cyclist
540 10.2599 0.4363 pedestrian
541 15.1668 -0.0175 cyclist
541 10.2599 0.4363 pedestrian
542 15.1668 -0.0175 cyclist
542 10.2599 0.4363 pedestrian
543 15.1668 -0.0524 cyclist
543 10.2599 0.4363 pedestrian
544 15.1668 -0.0524 cyclist
544 10.2599 0.4363 pedestrian
545 15.1668 -0.0524 cyclist
545 10.4830 0.4363 pedestrian
546 15.1668 -0.0524 cyclist
546 10.4830 0.4363 pedestrian
547 14.9438 -0.0873 cyclist
547 10.7060 0.4363 pedestrian
548 14.9438 -0.0873 cyclist
548 10.7060 0.4363 pedestrian
549 14.9438 -0.0873 cyclist
549 10.7060 0.4363 pedestrian
550 14.9438 -0.0873 cyclist
550 10.7060 0.4363 pedestrian
551 14.9438 -0.0873 cyclist
551 10.7060 0.4363 pedestrian
552 14.9438 -0.0873 cyclist
552 10.7060 0.4363 pedestrian
553 14.7208 -0.1047 cyclist
553 10.7060 0.4363 pedestrian
554 14.7208 -0.1047 cyclist
554 10.7060 0.4363 pedestrian
555 14.7208 -0.1047 cyclist
555 10.7060 0.4363 pedestrian
556 14.4977 -0.1222 cyclist
556 10.7060 0.4363 pedestrian
557 14.7208 -0.1047 cyclist
557 10.7060 0.4363 pedestrian
558 14.7208 -0.1047 cyclist
558 10.7060 0.4363 pedestrian
559 14.7208 -0.1047 cyclist
559 10.9290 0.4189 pedestrian
560 14.7208 -0.1047 cyclist
560 10.9290 0.4189 pedestrian
561 14.2747 -0.1396 cyclist
561 10.9290 0.4189 pedestrian
562 14.2747 -0.1396 cyclist
562 10.9290 0.4189 pedestrian
563 14.2747 -0.1396 cyclist
563 10.9290 0.4014 pedestrian
564 14.2747 -0.1396 cyclist
564 10.9290 0.4014 pedestrian
565 14.2747 -0.1396 cyclist
565 10.9290 0.4014 pedestrian
566 14.2747 -0.1222 cyclist
566 10.9290 0.4014 pedestrian
567 14.2747 -0.1222 cyclist
567 11.1521 0.4014 pedestrian
568 14.2747 -0.1222 cyclist
568 11.1521 0.4014 pedestrian
569 14.2747 -0.1222 cyclist
569 11.1521 0.4014 pedestrian
570 14.2747 -0.1222 cyclist
570 11.1521 0.4014 pedestrian
571 14.2747 -0.1222 cyclist
571 11.1521 0.3840 pedestrian
572 14.2747 -0.1222 cyclist
572 11.1521 0.3840 pedestrian
573 14.2747 -0.1222 cyclist
573 11.1521 0.3840 pedestrian
574 13.8286 -0.1222 cyclist
574 11.1521 0.3840 pedestrian
575 13.8286 -0.1222 cyclist
575 11.1521 0.3840 pedestrian
576 13.8286 -0.1222 cyclist
576 11.1521 0.3840 pedestrian
577 13.8286 -0.1222 cyclist
577 11.1521 0.3840 pedestrian
578 13.6056 -0.1222 cyclist
578 11.1521 0.3840 pedestrian
579 13.6056 -0.1222 cyclist
579 11.1521 0.3840 pedestrian
580 13.6056 -0.1222 cyclist
580 11.1521 0.3840 pedestrian
581 13.3825 -0.1222 cyclist
581 11.1521 0.3840 pedestrian
582 13.3825 -0.1222 cyclist
582 11.1521 0.3840 pedestrian
583 13.3825 -0.1222 cyclist
583 11.1521 0.3665 pedestrian
584 13.3825 -0.1222 cyclist
584 11.1521 0.3665 pedestrian
585 13.3825 -0.1222 cyclist
585 11.3751 0.3665 pedestrian
586 13.3825 -0.1222 cyclist
586 11.3751 0.3665 pedestrian
587 13.3825 -0.1222 cyclist
587 11.3751 0.3665 pedestrian
588 13.3825 -0.1222 cyclist
588 11.3751 0.3665 pedestrian
589 12.9364 -0.1222 cyclist
589 11.5982 0.3665 pedestrian
590 12.9364 -0.1222 cyclist
590 11.5982 0.3665 pedestrian
591 12.9364 -0.1222 cyclist
591 11.5982 0.3665 pedestrian
592 12.9364 -0.1222 cyclist
592 11.5982 0.3665 pedestrian
593 12.9364 -0.1047 cyclist
593 11.5982 0.3491 pedestrian
594 12.9364 -0.1047 cyclist
594 11.5982 0.3491 pedestrian
595 12.9364 -0.1047 cyclist
595 11.5982 0.3491 pedestrian
596 12.9364 -0.1047 cyclist
596 11.5982 0.3491 pedestrian
597 12.7134 -0.0873 cyclist
597 11.5982 0.3491 pedestrian
598 12.7134 -0.0873 cyclist
598 11.5982 0.3491 pedestrian
599 12.7134 -0.0873 cyclist
599 11.5982 0.3491 pedestrian
600 12.7134 -0.0873 cyclist
600 11.5982 0.3491 pedestrian
601 12.7134 -0.0873 cyclist
601 11.8212 0.3142 pedestrian
602 12.7134 -0.0873 cyclist
602 11.8212 0.3142 pedestrian
603 12.7134 -0.0873 cyclist
603 11.8212 0.3142 pedestrian
604 12.7134 -0.0873 cyclist
604 11.8212 0.3142 pedestrian
605 12.7134 -0.0873 cyclist
605 11.8212 0.3142 pedestrian
606 12.7134 -0.0873 cyclist
606 11.8212 0.3142 pedestrian
607 12.7134 -0.0873 cyclist
607 11.8212 0.3142 pedestrian
608 12.7134 -0.0873 cyclist
608 11.8212 0.3142 pedestrian
609 12.7134 -0.0873 cyclist
609 11.8212 0.3142 pedestrian
610 12.7134 -0.0873 cyclist
610 11.8212 0.3142 pedestrian
611 12.4903 -0.0873 cyclist
611 11.8212 0.3142 pedestrian
612 12.4903 -0.0873 cyclist
612 11.8212 0.3142 pedestrian
613 12.4903 -0.0873 cyclist
613 11.8212 0.3142 pedestrian
614 12.4903 -0.0698 cyclist
614 11.8212 0.3142 pedestrian
615 12.4903 -0.0698 cyclist
615 11.8212 0.3142 pedestrian
616 12.4903 -0.0698 cyclist
616 11.8212 0.3142 pedestrian
617 12.4903 -0.0698 cyclist
617 11.8212 0.3142 pedestrian
618 12.4903 -0.0698 cyclist
618 11.8212 0.3142 pedestrian
619 12.2673 -0.0349 cyclist
619 12.0443 0.3142 pedestrian
620 12.2673 -0.0349 cyclist
620 12.0443 0.3142 pedestrian
621 12.2673 -0.0349 cyclist
621 12.0443 0.3142 pedestrian
622 12.2673 -0.0349 cyclist
622 12.0443 0.3142 pedestrian
623 12.2673 -0.0349 cyclist
623 12.0443 0.3142 pedestrian
624 12.2673 -0.0349 cyclist
624 12.2673 0.3142 pedestrian
625 12.2673 -0.0349 cyclist
625 12.0443 0.3142 pedestrian
626 11.8212 -0.0175 cyclist
626 12.2673 0.2967 pedestrian
627 11.8212 -0.0175 cyclist
627 12.2673 0.2967 pedestrian
628 11.8212 -0.0175 cyclist
628 12.2673 0.2967 pedestrian
629 11.8212 -0.0175 cyclist
629 12.2673 0.2967 pedestrian
630 11.8212 -0.0175 cyclist
630 12.2673 0.2967 pedestrian
631 11.8212 0.0000 cyclist
631 12.4903 0.2793 pedestrian
632 11.8212 0.0000 cyclist
632 12.4903 0.2793 pedestrian
633 11.5982 0.0175 cyclist
633 12.4903 0.2793 pedestrian
634 11.5982 0.0175 cyclist
634 12.4903 0.2793 pedestrian
635 11.5982 0.0175 cyclist
635 12.4903 0.2793 pedestrian
636 11.5982 0.0175 cyclist
636 12.4903 0.2793 pedestrian
637 11.5982 0.0175 cyclist
637 12.4903 0.2793 pedestrian
638 11.8212 0.0175 cyclist
638 12.4903 0.2793 pedestrian
639 11.8212 0.0175 cyclist
639 12.4903 0.2793 pedestrian
640 11.8212 0.0175 cyclist
640 12.4903 0.2618 pedestrian
641 11.5982 0.0175 cyclist
641 12.7134 0.2443 pedestrian
642 11.5982 0.0175 cyclist
642 12.7134 0.2443 pedestrian
643 11.5982 0.0175 cyclist
643 12.7134 0.2443 pedestrian
644 11.5982 0.0175 cyclist
644 12.7134 0.2443 pedestrian
645 11.5982 0.0175 cyclist
645 12.7134 0.2443 pedestrian
646 11.5982 0.0349 cyclist
646 12.7134 0.2443 pedestrian
647 11.5982 0.0349 cyclist
647 12.7134 0.2443 pedestrian
648 11.5982 0.0349 cyclist
648 12.7134 0.2443 pedestrian
649 11.3751 0.0698 cyclist
649 12.7134 0.2269 pedestrian
650 11.3751 0.0698 cyclist
650 12.7134 0.2269 pedestrian
651 11.3751 0.0698 cyclist
651 12.7134 0.2269 pedestrian
652 11.3751 0.0698 cyclist
652 12.7134 0.2269 pedestrian
653 11.3751 0.0698 cyclist
653 12.7134 0.2269 pedestrian
654 11.3751 0.0698 cyclist
654 12.7134 0.2269 pedestrian
655 11.3751 0.0698 cyclist
655 12.7134 0.2269 pedestrian
656 11.3751 0.0698 cyclist
656 12.7134 0.2269 pedestrian
657 11.3751 0.1047 cyclist
657 12.7134 0.2094 pedestrian
658 11.3751 0.1047 cyclist
658 12.7134 0.2094 pedestrian
659 11.3751 0.1047 cyclist
659 12.7134 0.2094 pedestrian
660 11.3751 0.1047 cyclist
660 12.7134 0.1920 pedestrian
661 11.3751 0.1047 cyclist
661 12.7134 0.1920 pedestrian
662 11.3751 0.1047 cyclist
662 12.7134 0.1920 pedestrian
663 11.3751 0.1047 cyclist
663 12.7134 0.1745 pedestrian
664 11.3751 0.1047 cyclist
664 12.7134 0.1745 pedestrian
665 11.3751 0.1047 cyclist
665 12.7134 0.1745 pedestrian
666 11.3751 0.1047 cyclist
666 12.7134 0.1745 pedestrian
667 11.3751 0.1396 cyclist
667 12.7134 0.1745 pedestrian
668 11.3751 0.1396 cyclist
668 12.7134 0.1745 pedestrian
669 11.3751 0.1396 cyclist
669 12.7134 0.1745 pedestrian
670 11.3751 0.1396 cyclist
670 12.7134 0.1745 pedestrian
671 11.3751 0.1396 cyclist
671 12.7134 0.1745 pedestrian
672 11.3751 0.1396 cyclist
672 12.7134 0.1571 pedestrian
673 11.3751 0.1396 cyclist
673 12.7134 0.1571 pedestrian
674 11.3751 0.1396 cyclist
674 12.7134 0.1571 pedestrian
675 11.3751 0.1396 cyclist
675 12.7134 0.1571 pedestrian
676 11.3751 0.1396 cyclist
676 12.7134 0.1571 pedestrian
677 11.3751 0.1571 cyclist
677 12.7134 0.1396 pedestrian
678 11.3751 0.1571 cyclist
678 12.7134 0.1396 pedestrian
679 11.3751 0.1571 cyclist
679 12.7134 0.1396 pedestrian
680 11.3751 0.1571 cyclist
680 12.7134 0.1396 pedestrian
681 11.3751 0.1396 cyclist
681 12.7134 0.1047 pedestrian
682 11.3751 0.1396 cyclist
682 12.7134 0.1047 pedestrian
683 11.3751 0.1396 cyclist
683 12.7134 0.1047 pedestrian
684 11.3751 0.1396 cyclist
684 12.7134 0.1047 pedestrian
685 11.3751 0.1396 cyclist
685 12.7134 0.1047 pedestrian
686 11.3751 0.1396 cyclist
686 12.7134 0.1047 pedestrian
687 11.3751 0.1571 cyclist
687 12.7134 0.1047 pedestrian
688 11.3751 0.2094 cyclist
688 12.7134 0.1047 pedestrian
689 11.3751 0.2094 cyclist
689 12.7134 0.1047 pedestrian
690 11.3751 0.2094 cyclist
690 12.7134 0.1047 pedestrian
691 11.3751 0.2094 cyclist
691 12.7134 0.1047 pedestrian
692 11.3751 0.2094 cyclist
692 12.7134 0.1047 pedestrian
693 11.3751 0.2094 cyclist
693 12.7134 0.1047 pedestrian
694 11.3751 0.2094 cyclist
694 12.4903 0.1047 pedestrian
695 11.3751 0.2094 cyclist
695 12.4903 0.1047 pedestrian
696 11.3751 0.2094 cyclist
696 12.4903 0.1047 pedestrian
697 11.3751 0.2269 cyclist
697 12.2673 0.0873 pedestrian
698 11.3751 0.2269 cyclist
698 12.2673 0.0873 pedestrian
699 11.3751 0.2269 cyclist
699 12.2673 0.0873 pedestrian
700 11.3751 0.2269 cyclist
700 12.2673 0.0873 pedestrian
701 11.3751 0.2269 cyclist
701 12.2673 0.0873 pedestrian
702 11.3751 0.2269 cyclist
702 12.2673 0.0873 pedestrian
703 11.5982 0.2443 cyclist
703 12.2673 0.0873 pedestrian
704 11.5982 0.2443 cyclist
704 12.2673 0.0873 pedestrian
705 11.8212 0.2793 cyclist
705 12.2673 0.0873 pedestrian
706 11.8212 0.2793 cyclist
706 12.2673 0.0873 pedestrian
707 11.8212 0.2793 cyclist
707 12.2673 0.0873 pedestrian
708 12.0443 0.2967 cyclist
708 12.0443 0.0873 pedestrian
709 12.0443 0.2967 cyclist
709 12.0443 0.0873 pedestrian
710 12.0443 0.2967 cyclist
710 12.0443 0.0873 pedestrian
711 11.8212 0.2967 cyclist
711 12.0443 0.0873 pedestrian
712 11.8212 0.2967 cyclist
712 12.0443 0.0873 pedestrian
713 11.8212 0.2967 cyclist
713 12.0443 0.0873 pedestrian
714 11.8212 0.2967 cyclist
714 11.8212 0.0873 pedestrian
715 11.8212 0.2967 cyclist
715 11.8212 0.0873 pedestrian
716 12.0443 0.3142 cyclist
716 11.8212 0.0873 pedestrian
717 12.0443 0.3142 cyclist
717 11.8212 0.0873 pedestrian
718 12.0443 0.3142 cyclist
718 11.8212 0.0873 pedestrian
719 12.0443 0.3142 cyclist
719 11.8212 0.0873 pedestrian
720 12.0443 0.3316 cyclist
720 11.5982 0.0698 pedestrian
721 12.0443 0.3316 cyclist
721 11.5982 0.0698 pedestrian
722 12.0443 0.3316 cyclist
722 11.5982 0.0698 pedestrian
723 12.0443 0.3316 cyclist
723 11.5982 0.0698 pedestrian
724 12.0443 0.3316 cyclist
724 11.5982 0.0698 pedestrian
725 12.0443 0.3316 cyclist
725 11.5982 0.0698 pedestrian
726 12.2673 0.3491 cyclist
726 11.3751 0.0698 pedestrian
727 12.2673 0.3491 cyclist
727 11.3751 0.0698 pedestrian
728 12.2673 0.3491 cyclist
728 11.3751 0.0698 pedestrian
729 12.2673 0.3491 cyclist
729 11.3751 0.0698 pedestrian
730 12.2673 0.3491 cyclist
730 11.3751 0.0698 pedestrian
731 12.2673 0.3491 cyclist
731 11.3751 0.0698 pedestrian
732 12.4903 0.3665 cyclist
732 11.1521 0.0698 pedestrian
733 12.4903 0.3665 cyclist
733 11.1521 0.0698 pedestrian
734 12.4903 0.3665 cyclist
734 11.1521 0.0698 pedestrian
735 12.4903 0.3665 cyclist
735 11.1521 0.0698 pedestrian
736 12.4903 0.3665 cyclist
736 11.1521 0.0698 pedestrian
737 12.4903 0.3665 cyclist
737 11.1521 0.0698 pedestrian
738 12.9364 0.3840 cyclist
738 10.9290 0.0698 pedestrian
739 12.7134 0.3840 cyclist
739 10.9290 0.0698 pedestrian
740 12.7134 0.3840 cyclist
740 10.9290 0.0698 pedestrian
741 12.7134 0.3840 cyclist
741 10.9290 0.0698 pedestrian
742 12.9364 0.4014 cyclist
742 10.9290 0.0698 pedestrian
743 12.9364 0.4014 cyclist
743 10.9290 0.0698 pedestrian
744 12.9364 0.4014 cyclist
744 10.9290 0.0698 pedestrian
745 12.9364 0.4014 cyclist
745 10.7060 0.0698 pedestrian
746 12.9364 0.4014 cyclist
746 10.7060 0.0698 pedestrian
747 12.9364 0.4014 cyclist
747 10.7060 0.0698 pedestrian
748 13.1595 0.4189 cyclist
748 10.7060 0.0698 pedestrian
749 13.1595 0.4189 cyclist
749 10.7060 0.0698 pedestrian
750 13.3825 0.4363 cyclist
750 10.4830 0.0698 pedestrian
751 13.3825 0.4363 cyclist
751 10.4830 0.0698 pedestrian
752 13.3825 0.4363 cyclist
752 10.4830 0.0698 pedestrian
753 13.3825 0.4189 cyclist
753 10.4830 0.0873 pedestrian
754 13.3825 0.4189 cyclist
754 10.4830 0.0873 pedestrian
755 13.6056 0.4189 cyclist
755 10.4830 0.0873 pedestrian
756 13.6056 0.4189 cyclist
756 10.4830 0.0873 pedestrian
757 13.6056 0.4189 cyclist
757 10.2599 0.1047 pedestrian
758 13.6056 0.4189 cyclist
758 10.2599 0.1047 pedestrian
759 13.8286 0.4189 cyclist
759 10.2599 0.1047 pedestrian
760 13.8286 0.4189 cyclist
760 10.2599 0.1047 pedestrian
761 14.0516 0.4363 cyclist
761 10.0369 0.1047 pedestrian
762 14.0516 0.4363 cyclist
762 10.0369 0.1047 pedestrian
763 14.0516 0.4363 cyclist
763 10.0369 0.1047 pedestrian
764 14.0516 0.4363 cyclist
764 10.0369 0.1047 pedestrian
765 14.0516 0.4363 cyclist
765 10.0369 0.1047 pedestrian
766 14.0516 0.4363 cyclist
766 10.0369 0.1047 pedestrian
767 14.4977 0.4363 cyclist
767 10.0369 0.1047 pedestrian
768 14.4977 0.4363 cyclist
768 10.0369 0.1047 pedestrian
769 14.4977 0.4363 cyclist
769 9.8138 0.1047 pedestrian
770 14.4977 0.4363 cyclist
770 9.8138 0.1047 pedestrian
771 14.4977 0.4189 cyclist
771 9.8138 0.1047 pedestrian
772 14.4977 0.4189 cyclist
772 9.8138 0.1047 pedestrian
773 14.4977 0.4189 cyclist
773 9.8138 0.1047 pedestrian
774 14.4977 0.4189 cyclist
774 9.8138 0.1047 pedestrian
775 14.9438 0.4189 cyclist
775 9.5908 0.1047 pedestrian
776 14.9438 0.4189 cyclist
776 9.5908 0.1047 pedestrian
777 14.9438 0.4189 cyclist
777 9.5908 0.1047 pedestrian
778 14.9438 0.4189 cyclist
778 9.5908 0.1047 pedestrian
779 14.9438 0.4189 cyclist
779 9.5908 0.1047 pedestrian
780 15.1668 0.4014 cyclist
780 9.5908 0.1047 pedestrian
781 15.1668 0.4014 cyclist
781 9.5908 0.1047 pedestrian
782 15.1668 0.4014 cyclist
782 9.5908 0.1047 pedestrian
783 15.1668 0.4014 cyclist
783 9.5908 0.1047 pedestrian
784 15.3899 0.4014 cyclist
784 9.3678 0.1047 pedestrian
785 15.3899 0.4014 cyclist
785 9.3678 0.1047 pedestrian
786 15.3899 0.4014 cyclist
786 9.3678 0.1047 pedestrian
787 15.3899 0.3665 cyclist
787 9.3678 0.1047 pedestrian
788 15.6129 0.3840 cyclist
788 9.1447 0.1047 pedestrian
789 15.6129 0.3840 cyclist
789 9.1447 0.1047 pedestrian
790 15.6129 0.3840 cyclist
790 9.1447 0.1047 pedestrian
791 15.6129 0.3840 cyclist
791 9.1447 0.1047 pedestrian
792 15.6129 0.3665 cyclist
792 9.1447 0.1047 pedestrian
793 15.8360 0.3665 cyclist
793 8.9217 0.1047 pedestrian
794 15.8360 0.3665 cyclist
794 8.9217 0.1047 pedestrian
795 15.8360 0.3665 cyclist
795 8.9217 0.1047 pedestrian
796 15.8360 0.3491 cyclist
796 8.9217 0.1047 pedestrian
797 15.8360 0.3491 cyclist
797 8.9217 0.1047 pedestrian
798 15.8360 0.3491 cyclist
798 8.9217 0.1047 pedestrian
799 15.8360 0.3491 cyclist
799 8.9217 0.1047 pedestrian
800 16.0590 0.3316 cyclist
800 8.6986 0.1047 pedestrian
801 16.0590 0.3316 cyclist
801 8.6986 0.1047 pedestrian
802 16.0590 0.3316 cyclist
802 8.6986 0.1047 pedestrian
803 16.0590 0.3316 cyclist
803 8.6986 0.1047 pedestrian
804 16.0590 0.3316 cyclist
804 8.6986 0.1047 pedestrian
805 16.2821 0.3142 cyclist
805 8.4756 0.1047 pedestrian
806 16.2821 0.2967 cyclist
806 8.4756 0.1047 pedestrian
807 16.2821 0.2967 cyclist
807 8.4756 0.1047 pedestrian
808 16.2821 0.2967 cyclist
808 8.4756 0.1047 pedestrian
809 16.2821 0.2967 cyclist
809 8.4756 0.1047 pedestrian
810 16.2821 0.2967 cyclist
810 8.4756 0.1047 pedestrian
811 16.2821 0.2967 cyclist
811 8.2525 0.0873 pedestrian
812 16.2821 0.2967 cyclist
812 8.2525 0.0873 pedestrian
813 16.2821 0.2618 cyclist
813 8.2525 0.0873 pedestrian
814 16.2821 0.2618 cyclist
814 8.2525 0.0873 pedestrian
815 16.2821 0.2618 cyclist
815 8.2525 0.0873 pedestrian
816 16.2821 0.2618 cyclist
816 8.2525 0.0873 pedestrian
817 16.2821 0.2618 cyclist
817 8.2525 0.0873 pedestrian
818 16.2821 0.2618 cyclist
818 8.2525 0.0873 pedestrian
819 16.2821 0.2618 cyclist
819 7.8065 0.0873 pedestrian
820 16.2821 0.2618 cyclist
820 7.8065 0.0873 pedestrian
821 16.2821 0.2618 cyclist
821 7.8065 0.0873 pedestrian
822 16.5051 0.2269 cyclist
822 8.2525 0.1047 pedestrian
823 16.5051 0.2269 cyclist
823 7.8065 0.1047 pedestrian
824 16.5051 0.2269 cyclist
824 7.8065 0.1047 pedestrian
825 16.5051 0.2269 cyclist
825 7.8065 0.1047 pedestrian
826 16.2821 0.2269 cyclist
826 7.8065 0.0698 pedestrian
827 16.2821 0.2269 cyclist
827 7.8065 0.0698 pedestrian
828 16.2821 0.2269 cyclist
828 7.8065 0.0698 pedestrian
829 16.2821 0.2269 cyclist
829 7.8065 0.0698 pedestrian
830 16.2821 0.2269 cyclist
830 7.8065 0.0698 pedestrian
831 16.2821 0.2094 cyclist
831 7.8065 0.0698 pedestrian
832 16.2821 0.2094 cyclist
832 7.5834 0.0698 pedestrian
833 16.2821 0.2094 cyclist
833 7.5834 0.0698 pedestrian
834 16.2821 0.2094 cyclist
834 7.5834 0.0698 pedestrian
835 16.2821 0.2094 cyclist
835 7.5834 0.0698 pedestrian
836 16.5051 0.1920 cyclist
836 7.5834 0.0524 pedestrian
837 16.5051 0.1920 cyclist
837 7.5834 0.0524 pedestrian
838 16.5051 0.1920 cyclist
838 7.5834 0.0524 pedestrian
839 16.5051 0.1920 cyclist
839 7.5834 0.0524 pedestrian
840 16.5051 0.1920 cyclist
840 7.5834 0.0524 pedestrian
841 16.5051 0.1920 cyclist
841 7.5834 0.0524 pedestrian
842 16.5051 0.1745 cyclist
842 7.3604 0.0349 pedestrian
843 16.5051 0.1745 cyclist
843 7.3604 0.0349 pedestrian
844 16.5051 0.1745 cyclist
844 7.3604 0.0349 pedestrian
845 16.5051 0.1745 cyclist
845 7.3604 0.0349 pedestrian
846 16.5051 0.1745 cyclist
846 7.3604 0.0349 pedestrian
847 16.5051 0.1745 cyclist
847 7.3604 0.0349 pedestrian
848 16.5051 0.1571 cyclist
848 7.3604 0.0000 pedestrian
849 16.5051 0.1571 cyclist
849 7.3604 0.0000 pedestrian
850 16.7281 0.1571 cyclist
850 7.3604 0.0000 pedestrian
851 16.7281 0.1571 cyclist
851 7.3604 0.0000 pedestrian
852 16.7281 0.1571 cyclist
852 7.3604 0.0000 pedestrian
853 16.7281 0.1571 cyclist
853 7.3604 0.0000 pedestrian
854 16.7281 0.1571 cyclist
854 7.3604 0.0000 pedestrian
855 16.7281 0.1396 cyclist
855 7.1373 0.0000 pedestrian
856 16.7281 0.1396 cyclist
856 7.1373 0.0000 pedestrian
857 16.7281 0.1396 cyclist
857 7.1373 0.0000 pedestrian
858 16.7281 0.1396 cyclist
858 7.1373 0.0000 pedestrian
859 16.7281 0.1396 cyclist
859 7.1373 0.0000 pedestrian
860 16.7281 0.1396 cyclist
860 7.1373 0.0000 pedestrian
861 16.7281 0.1396 cyclist
861 7.1373 0.0000 pedestrian
862 16.7281 0.1396 cyclist
862 7.1373 0.0000 pedestrian
863 16.7281 0.1396 cyclist
863 7.1373 -0.0349 pedestrian
864 16.7281 0.1396 cyclist
864 7.1373 -0.0349 pedestrian
865 16.7281 0.1396 cyclist
865 7.1373 -0.0349 pedestrian
866 16.7281 0.1396 cyclist
866 7.1373 -0.0349 pedestrian
867 16.7281 0.1396 cyclist
867 7.1373 -0.0349 pedestrian
868 16.7281 0.1396 cyclist
868 7.1373 -0.0349 pedestrian
869 16.7281 0.1396 cyclist
869 7.1373 -0.0349 pedestrian
870 16.7281 0.1222 cyclist
870 7.1373 -0.0524 pedestrian
871 16.7281 0.1222 cyclist
871 7.1373 -0.0524 pedestrian
872 16.7281 0.1047 cyclist
872 7.1373 -0.0524 pedestrian
873 16.7281 0.1047 cyclist
873 7.1373 -0.0524 pedestrian
874 16.7281 0.0873 cyclist
874 7.1373 -0.0698 pedestrian
875 16.7281 0.0873 cyclist
875 7.1373 -0.0698 pedestrian
876 16.7281 0.0873 cyclist
876 7.1373 -0.0698 pedestrian
877 16.7281 0.0873 cyclist
877 7.1373 -0.0698 pedestrian
878 16.7281 0.0873 cyclist
878 7.1373 -0.0698 pedestrian
879 16.5051 0.0524 cyclist
879 7.1373 -0.0698 pedestrian
880 16.5051 0.0524 cyclist
880 7.1373 -0.0698 pedestrian
881 16.5051 0.0524 cyclist
881 7.1373 -0.0698 pedestrian
882 16.5051 0.0524 cyclist
882 7.1373 -0.0698 pedestrian
883 16.5051 0.0524 cyclist
883 7.1373 -0.0873 pedestrian
884 16.5051 0.0524 cyclist
884 7.1373 -0.0873 pedestrian
885 16.2821 0.0349 cyclist
885 7.1373 -0.1047 pedestrian
886 16.2821 0.0349 cyclist
886 7.1373 -0.1047 pedestrian
887 16.2821 0.0349 cyclist
887 7.1373 -0.1047 pedestrian
888 16.2821 0.0349 cyclist
888 7.1373 -0.1047 pedestrian
889 16.2821 0.0349 cyclist
889 7.1373 -0.1047 pedestrian
890 16.2821 0.0349 cyclist
890 7.1373 -0.1047 pedestrian
891 16.0590 0.0175 cyclist
891 7.3604 -0.1047 pedestrian
892 16.0590 0.0175 cyclist
892 7.3604 -0.1047 pedestrian
893 16.0590 0.0175 cyclist
893 7.3604 -0.1047 pedestrian
894 16.0590 0.0175 cyclist
894 7.3604 -0.1047 pedestrian
895 16.0590 0.0175 cyclist
895 7.3604 -0.1047 pedestrian
896 16.0590 0.0175 cyclist
896 7.3604 -0.1047 pedestrian
897 16.0590 0.0175 cyclist
897 7.3604 -0.1047 pedestrian
898 15.8360 0.0175 cyclist
898 7.3604 -0.1047 pedestrian
899 15.8360 0.0175 cyclist
899 7.3604 -0.1047 pedestrian
