0 8.6986 -0.0873 pedestrian
0 10.4830 0.0349 cyclist
1 8.6986 -0.0873 pedestrian
1 10.4830 0.0349 cyclist
2 8.6986 -0.0873 pedestrian
2 10.4830 0.0349 cyclist
3 8.6986 -0.0873 pedestrian
3 10.4830 0.0349 cyclist
4 8.6986 -0.0873 pedestrian
4 10.4830 0.0349 cyclist
5 8.6986 -0.0873 pedestrian
5 10.2599 0.0175 cyclist
6 8.6986 -0.0873 pedestrian
6 10.2599 0.0175 cyclist
7 8.6986 -0.0873 pedestrian
7 10.2599 0.0175 cyclist
8 8.4756 -0.0349 pedestrian
8 10.2599 0.0175 cyclist
9 8.4756 -0.0349 pedestrian
9 10.2599 0.0175 cyclist
10 8.4756 -0.0349 pedestrian
10 10.2599 0.0175 cyclist
11 8.4756 -0.0349 pedestrian
11 10.2599 0.0175 cyclist
12 8.4756 -0.0349 pedestrian
12 10.2599 0.0175 cyclist
13 8.4756 -0.0349 pedestrian
13 10.2599 0.0175 cyclist
14 8.4756 -0.0349 pedestrian
14 10.2599 0.0175 cyclist
15 8.4756 -0.0349 pedestrian
15 10.2599 0.0175 cyclist
16 8.2525 -0.0349 pedestrian
16 10.2599 0.0175 cyclist
17 8.2525 -0.0349 pedestrian
17 10.2599 0.0175 cyclist
18 8.2525 -0.0349 pedestrian
18 10.2599 0.0175 cyclist
19 8.2525 -0.0349 pedestrian
19 10.0369 0.0000 cyclist
20 8.2525 -0.0349 pedestrian
20 10.0369 0.0000 cyclist
21 8.2525 -0.0349 pedestrian
21 10.0369 0.0000 cyclist
22 8.2525 0.0000 pedestrian
22 10.0369 0.0000 cyclist
23 8.2525 0.0000 pedestrian
23 9.8138 -0.0349 cyclist
24 8.2525 0.0000 pedestrian
24 9.8138 -0.0349 cyclist
25 8.2525 0.0000 pedestrian
25 9.8138 -0.0349 cyclist
26 8.2525 0.0000 pedestrian
26 9.8138 -0.0349 cyclist
27 8.2525 0.0000 pedestrian
27 9.8138 -0.0349 cyclist
28 8.2525 0.0000 pedestrian
28 9.8138 -0.0349 cyclist
29 8.2525 0.0349 pedestrian
29 9.8138 -0.0349 cyclist
30 8.2525 0.0349 pedestrian
30 9.8138 -0.0349 cyclist
31 8.2525 0.0349 pedestrian
31 9.8138 -0.0349 cyclist
32 8.2525 0.0349 pedestrian
32 9.8138 -0.0349 cyclist
33 8.2525 0.0349 pedestrian
33 9.8138 -0.0349 cyclist
34 8.2525 0.0349 pedestrian
34 9.8138 -0.0349 cyclist
35 8.2525 0.0698 pedestrian
35 10.0369 -0.0698 cyclist
36 8.2525 0.0698 pedestrian
36 10.0369 -0.0698 cyclist
37 8.2525 0.0698 pedestrian
37 10.0369 -0.0698 cyclist
38 8.2525 0.0698 pedestrian
38 10.0369 -0.0698 cyclist
39 8.2525 0.0698 pedestrian
39 10.0369 -0.0698 cyclist
40 8.2525 0.0698 pedestrian
40 10.0369 -0.0698 cyclist
41 8.2525 0.0698 pedestrian
41 10.0369 -0.0698 cyclist
42 8.2525 0.0698 pedestrian
42 10.0369 -0.0698 cyclist
43 8.2525 0.1222 pedestrian
43 10.0369 -0.0698 cyclist
44 8.2525 0.1222 pedestrian
44 10.0369 -0.0698 cyclist
45 8.2525 0.1222 pedestrian
45 10.0369 -0.0698 cyclist
46 8.2525 0.1222 pedestrian
46 10.0369 -0.0698 cyclist
47 8.2525 0.1222 pedestrian
47 10.0369 -0.0698 cyclist
48 8.2525 0.1222 pedestrian
48 10.0369 -0.1047 cyclist
49 8.2525 0.1222 pedestrian
49 10.0369 -0.1047 cyclist
50 8.2525 0.1222 pedestrian
50 10.0369 -0.1047 cyclist
51 8.2525 0.1222 pedestrian
51 10.0369 -0.1047 cyclist
52 8.2525 0.1222 pedestrian
52 10.0369 -0.1047 cyclist
53 8.2525 0.1920 pedestrian
53 10.0369 -0.1396 cyclist
54 8.2525 0.1920 pedestrian
54 10.0369 -0.1396 cyclist
55 8.2525 0.1920 pedestrian
55 10.0369 -0.1396 cyclist
56 8.2525 0.1571 pedestrian
56 10.2599 -0.1745 cyclist
57 8.2525 0.1571 pedestrian
57 10.2599 -0.1745 cyclist
58 8.2525 0.1571 pedestrian
58 10.2599 -0.1745 cyclist
59 8.2525 0.1571 pedestrian
59 10.2599 -0.1745 cyclist
60 8.2525 0.1571 pedestrian
60 10.2599 -0.1745 cyclist
61 8.2525 0.1571 pedestrian
61 10.2599 -0.1745 cyclist
62 8.2525 0.2094 pedestrian
62 10.4830 -0.2269 cyclist
63 8.2525 0.2094 pedestrian
63 10.4830 -0.2269 cyclist
64 8.2525 0.2094 pedestrian
64 10.4830 -0.2269 cyclist
65 8.2525 0.2094 pedestrian
65 10.4830 -0.2269 cyclist
66 8.2525 0.2094 pedestrian
66 10.4830 -0.2269 cyclist
67 8.2525 0.2094 pedestrian
67 10.4830 -0.2269 cyclist
68 8.2525 0.2094 pedestrian
68 10.4830 -0.2269 cyclist
69 8.4756 0.2269 pedestrian
69 10.4830 -0.2269 cyclist
70 8.4756 0.2269 pedestrian
70 10.4830 -0.2269 cyclist
71 8.4756 0.2269 pedestrian
71 10.7060 -0.2443 cyclist
72 8.4756 0.2269 pedestrian
72 10.7060 -0.2443 cyclist
73 8.4756 0.2269 pedestrian
73 10.7060 -0.2443 cyclist
74 8.4756 0.2269 pedestrian
74 10.7060 -0.2443 cyclist
75 8.4756 0.2269 pedestrian
75 10.7060 -0.2443 cyclist
76 8.4756 0.2269 pedestrian
76 10.7060 -0.2443 cyclist
77 8.4756 0.2793 pedestrian
77 10.7060 -0.2443 cyclist
78 8.4756 0.2793 pedestrian
78 10.7060 -0.2443 cyclist
79 8.4756 0.2793 pedestrian
79 10.7060 -0.2443 cyclist
80 8.4756 0.2793 pedestrian
80 10.7060 -0.2443 cyclist
81 8.6986 0.2967 pedestrian
81 11.1521 -0.2618 cyclist
82 8.6986 0.2967 pedestrian
82 11.1521 -0.2618 cyclist
83 8.6986 0.2967 pedestrian
83 11.1521 -0.2618 cyclist
84 8.6986 0.2967 pedestrian
84 11.1521 -0.2618 cyclist
85 8.6986 0.2967 pedestrian
85 11.1521 -0.2618 cyclist
86 8.6986 0.2967 pedestrian
86 11.1521 -0.2618 cyclist
87 8.6986 0.2967 pedestrian
87 11.1521 -0.2618 cyclist
88 8.6986 0.2967 pedestrian
88 11.3751 -0.2967 cyclist
89 8.6986 0.2967 pedestrian
89 11.3751 -0.2967 cyclist
90 8.6986 0.2967 pedestrian
90 11.3751 -0.2967 cyclist
91 8.6986 0.2967 pedestrian
91 11.3751 -0.2967 cyclist
92 8.6986 0.2967 pedestrian
92 11.3751 -0.2967 cyclist
93 8.9217 0.3142 pedestrian
93 11.8212 -0.2967 cyclist
94 8.9217 0.3142 pedestrian
94 11.8212 -0.2967 cyclist
95 8.9217 0.3142 pedestrian
95 11.8212 -0.2967 cyclist
96 8.9217 0.3142 pedestrian
96 11.8212 -0.2967 cyclist
97 8.9217 0.3142 pedestrian
97 11.8212 -0.2967 cyclist
98 8.9217 0.3142 pedestrian
98 11.8212 -0.2967 cyclist
99 9.1447 0.3316 pedestrian
99 12.0443 -0.3142 cyclist
100 9.1447 0.3316 pedestrian
100 12.0443 -0.3142 cyclist
101 9.1447 0.3316 pedestrian
101 12.0443 -0.3142 cyclist
102 9.1447 0.3316 pedestrian
102 12.0443 -0.3142 cyclist
103 9.1447 0.3316 pedestrian
103 12.4903 -0.3142 cyclist
104 9.1447 0.3316 pedestrian
104 12.4903 -0.3142 cyclist
105 9.1447 0.3316 pedestrian
105 12.4903 -0.3142 cyclist
106 9.3678 0.3316 pedestrian
106 12.4903 -0.3142 cyclist
107 9.3678 0.3316 pedestrian
107 12.4903 -0.3142 cyclist
108 9.3678 0.3316 pedestrian
108 12.4903 -0.3142 cyclist
109 9.3678 0.3316 pedestrian
109 12.4903 -0.3142 cyclist
110 9.3678 0.3316 pedestrian
110 12.4903 -0.3142 cyclist
111 9.3678 0.3316 pedestrian
111 12.9364 -0.3142 cyclist
112 9.3678 0.3316 pedestrian
112 12.9364 -0.3142 cyclist
113 9.3678 0.3316 pedestrian
113 12.9364 -0.3142 cyclist
114 9.3678 0.3316 pedestrian
114 12.9364 -0.3142 cyclist
115 9.3678 0.3316 pedestrian
115 12.9364 -0.3142 cyclist
116 9.5908 0.3491 pedestrian
116 13.3825 -0.3142 cyclist
117 9.5908 0.3491 pedestrian
117 13.3825 -0.3142 cyclist
118 9.5908 0.3491 pedestrian
118 13.3825 -0.3142 cyclist
119 9.5908 0.3491 pedestrian
119 13.3825 -0.3142 cyclist
120 9.5908 0.3491 pedestrian
120 13.3825 -0.3142 cyclist
121 9.8138 0.3491 pedestrian
121 13.8286 -0.3142 cyclist
122 9.8138 0.3491 pedestrian
122 13.8286 -0.3142 cyclist
123 9.8138 0.3491 pedestrian
123 13.8286 -0.3142 cyclist
124 9.8138 0.3491 pedestrian
124 13.8286 -0.3142 cyclist
125 9.8138 0.3491 pedestrian
125 13.8286 -0.3142 cyclist
126 9.8138 0.3491 pedestrian
126 13.8286 -0.3142 cyclist
127 10.0369 0.3316 pedestrian
127 14.4977 -0.3142 cyclist
128 10.0369 0.3316 pedestrian
128 14.4977 -0.3142 cyclist
129 10.0369 0.3316 pedestrian
129 14.4977 -0.3142 cyclist
130 10.0369 0.3316 pedestrian
130 14.4977 -0.3142 cyclist
131 10.0369 0.3316 pedestrian
131 14.4977 -0.3142 cyclist
132 10.0369 0.3316 pedestrian
132 14.4977 -0.3142 cyclist
133 10.0369 0.3316 pedestrian
133 14.4977 -0.3142 cyclist
134 10.0369 0.3316 pedestrian
134 14.4977 -0.3142 cyclist
135 10.0369 0.3316 pedestrian
135 14.4977 -0.3142 cyclist
136 10.0369 0.3316 pedestrian
136 14.4977 -0.3142 cyclist
137 10.0369 0.3316 pedestrian
137 14.9438 -0.2793 cyclist
138 10.0369 0.3316 pedestrian
138 15.3899 -0.2793 cyclist
139 10.0369 0.3316 pedestrian
139 15.3899 -0.2793 cyclist
140 10.0369 0.3316 pedestrian
140 15.3899 -0.2793 cyclist
141 10.0369 0.3316 pedestrian
141 15.3899 -0.2793 cyclist
142 10.0369 0.3316 pedestrian
142 15.3899 -0.2793 cyclist
143 10.0369 0.3316 pedestrian
143 15.3899 -0.2793 cyclist
144 10.0369 0.3316 pedestrian
144 15.3899 -0.2793 cyclist
145 10.2599 0.2967 pedestrian
145 15.3899 -0.2793 cyclist
146 10.2599 0.2967 pedestrian
146 15.3899 -0.2793 cyclist
147 10.2599 0.2967 pedestrian
147 15.8360 -0.2618 cyclist
148 10.2599 0.2967 pedestrian
148 15.8360 -0.2618 cyclist
149 10.2599 0.2967 pedestrian
149 15.8360 -0.2618 cyclist
150 10.2599 0.2967 pedestrian
150 15.8360 -0.2618 cyclist
151 10.2599 0.2967 pedestrian
151 15.8360 -0.2618 cyclist
152 10.2599 0.2967 pedestrian
152 15.8360 -0.2618 cyclist
153 10.2599 0.2967 pedestrian
153 15.8360 -0.2618 cyclist
154 10.2599 0.2967 pedestrian
154 15.8360 -0.2618 cyclist
155 10.2599 0.2967 pedestrian
155 16.2821 -0.2443 cyclist
156 10.2599 0.2967 pedestrian
156 16.2821 -0.2443 cyclist
157 10.2599 0.2967 pedestrian
157 16.2821 -0.2443 cyclist
158 10.2599 0.2443 pedestrian
158 16.2821 -0.2443 cyclist
159 10.2599 0.2443 pedestrian
159 16.2821 -0.2443 cyclist
160 10.2599 0.2443 pedestrian
160 16.2821 -0.2443 cyclist
161 10.2599 0.2443 pedestrian
161 16.2821 -0.2443 cyclist
162 10.2599 0.2443 pedestrian
162 16.2821 -0.2443 cyclist
163 10.2599 0.2443 pedestrian
163 16.7281 -0.2269 cyclist
164 10.2599 0.2443 pedestrian
164 16.7281 -0.2269 cyclist
165 10.2599 0.2443 pedestrian
165 16.7281 -0.2269 cyclist
166 10.2599 0.2443 pedestrian
166 16.7281 -0.2269 cyclist
167 10.2599 0.2443 pedestrian
167 16.7281 -0.2269 cyclist
168 10.2599 0.2443 pedestrian
168 16.7281 -0.2269 cyclist
169 10.2599 0.2443 pedestrian
169 17.1742 -0.1920 cyclist
170 10.2599 0.2443 pedestrian
170 17.1742 -0.1920 cyclist
171 10.2599 0.2443 pedestrian
171 17.1742 -0.1920 cyclist
172 10.0369 0.2094 pedestrian
172 17.1742 -0.1920 cyclist
173 10.0369 0.2094 pedestrian
173 17.1742 -0.1920 cyclist
174 10.0369 0.2094 pedestrian
174 17.1742 -0.1920 cyclist
175 10.0369 0.2094 pedestrian
175 17.1742 -0.1920 cyclist
176 10.0369 0.2094 pedestrian
176 17.1742 -0.1920 cyclist
177 10.0369 0.2094 pedestrian
177 17.1742 -0.1920 cyclist
178 10.0369 0.2094 pedestrian
178 17.1742 -0.1920 cyclist
179 10.0369 0.2094 pedestrian
179 17.1742 -0.1920 cyclist
180 9.5908 0.2094 pedestrian
180 17.6203 -0.1920 cyclist
181 9.5908 0.2094 pedestrian
181 17.6203 -0.1920 cyclist
182 9.5908 0.2094 pedestrian
182 17.6203 -0.1920 cyclist
183 9.5908 0.2094 pedestrian
183 17.6203 -0.1920 cyclist
184 9.5908 0.1745 pedestrian
184 17.6203 -0.1920 cyclist
185 9.5908 0.1745 pedestrian
185 17.6203 -0.1920 cyclist
186 9.5908 0.1745 pedestrian
186 17.6203 -0.1920 cyclist
187 9.5908 0.1745 pedestrian
187 17.6203 -0.1920 cyclist
188 9.5908 0.1745 pedestrian
188 17.6203 -0.1920 cyclist
189 9.5908 0.1745 pedestrian
189 17.8433 -0.1745 cyclist
190 9.5908 0.1745 pedestrian
190 17.8433 -0.1745 cyclist
191 9.5908 0.1745 pedestrian
191 17.8433 -0.1745 cyclist
192 9.3678 0.1571 pedestrian
192 18.0664 -0.1571 cyclist
193 9.3678 0.1571 pedestrian
193 18.0664 -0.1571 cyclist
194 9.3678 0.1571 pedestrian
194 18.0664 -0.1571 cyclist
195 9.3678 0.1571 pedestrian
195 18.0664 -0.1571 cyclist
196 9.3678 0.1571 pedestrian
196 18.0664 -0.1571 cyclist
197 9.3678 0.1571 pedestrian
197 18.0664 -0.1571 cyclist
198 9.3678 0.1571 pedestrian
198 18.0664 -0.1571 cyclist
199 9.1447 0.1396 pedestrian
199 18.2894 -0.1396 cyclist
200 9.1447 0.1396 pedestrian
200 18.2894 -0.1396 cyclist
201 9.1447 0.1396 pedestrian
201 18.2894 -0.1396 cyclist
202 9.1447 0.1396 pedestrian
202 18.2894 -0.1396 cyclist
203 9.1447 0.1396 pedestrian
203 18.2894 -0.1396 cyclist
204 8.9217 0.1222 pedestrian
204 18.5125 -0.1222 cyclist
205 8.9217 0.1222 pedestrian
205 18.5125 -0.1222 cyclist
206 8.9217 0.1222 pedestrian
206 18.5125 -0.1222 cyclist
207 8.9217 0.1222 pedestrian
207 18.5125 -0.1222 cyclist
208 8.9217 0.1222 pedestrian
208 18.5125 -0.1222 cyclist
209 8.9217 0.1222 pedestrian
209 18.5125 -0.1222 cyclist
210 8.9217 0.1222 pedestrian
210 18.5125 -0.1222 cyclist
211 8.9217 0.1222 pedestrian
211 18.5125 -0.1222 cyclist
212 8.4756 0.1047 pedestrian
212 18.5125 -0.1222 cyclist
213 8.4756 0.1047 pedestrian
213 18.5125 -0.1222 cyclist
214 8.4756 0.1047 pedestrian
214 18.5125 -0.1222 cyclist
215 8.4756 0.1047 pedestrian
215 18.5125 -0.1222 cyclist
216 8.4756 0.1047 pedestrian
216 18.5125 -0.1222 cyclist
217 8.4756 0.1047 pedestrian
217 18.5125 -0.1222 cyclist
218 8.4756 0.1047 pedestrian
218 18.9586 -0.0873 cyclist
219 8.4756 0.1047 pedestrian
219 18.9586 -0.0873 cyclist
220 8.4756 0.0698 pedestrian
220 18.9586 -0.0873 cyclist
221 8.4756 0.0698 pedestrian
221 18.9586 -0.0873 cyclist
222 8.4756 0.0698 pedestrian
222 18.9586 -0.0873 cyclist
223 8.4756 0.0698 pedestrian
223 18.9586 -0.0873 cyclist
224 8.2525 0.0524 pedestrian
224 18.9586 -0.0873 cyclist
225 8.2525 0.0524 pedestrian
225 18.9586 -0.0873 cyclist
226 8.2525 0.0524 pedestrian
226 18.9586 -0.0873 cyclist
227 8.2525 0.0524 pedestrian
227 18.9586 -0.0873 cyclist
228 8.2525 0.0524 pedestrian
228 18.9586 -0.0873 cyclist
229 8.2525 0.0000 pedestrian
229 19.1816 -0.0349 cyclist
230 8.2525 0.0000 pedestrian
230 19.1816 -0.0349 cyclist
231 8.2525 0.0000 pedestrian
231 19.1816 -0.0349 cyclist
232 8.2525 0.0000 pedestrian
232 19.1816 -0.0349 cyclist
233 8.2525 0.0000 pedestrian
233 19.1816 -0.0349 cyclist
234 8.0295 0.0000 pedestrian
234 19.1816 -0.0349 cyclist
235 8.0295 0.0000 pedestrian
235 19.1816 -0.0349 cyclist
236 8.0295 0.0000 pedestrian
236 19.1816 -0.0349 cyclist
237 8.0295 0.0000 pedestrian
237 19.1816 -0.0349 cyclist
238 8.0295 0.0000 pedestrian
238 19.1816 -0.0349 cyclist
239 8.0295 0.0000 pedestrian
239 19.1816 -0.0349 cyclist
240 8.0295 0.0000 pedestrian
240 19.1816 -0.0349 cyclist
241 8.0295 0.0000 pedestrian
241 19.1816 -0.0349 cyclist
242 8.0295 -0.0524 pedestrian
242 19.1816 -0.0349 cyclist
243 8.0295 -0.0524 pedestrian
243 19.1816 -0.0349 cyclist
244 8.0295 -0.0524 pedestrian
244 19.1816 -0.0349 cyclist
245 8.0295 -0.0524 pedestrian
245 19.4046 -0.0175 cyclist
246 8.0295 -0.0524 pedestrian
246 19.4046 -0.0175 cyclist
247 8.0295 -0.0524 pedestrian
247 19.4046 -0.0175 cyclist
248 8.0295 -0.0524 pedestrian
248 19.4046 -0.0175 cyclist
249 7.8065 -0.0698 pedestrian
249 19.4046 -0.0175 cyclist
250 7.8065 -0.0698 pedestrian
250 19.4046 -0.0175 cyclist
251 7.8065 -0.0698 pedestrian
251 19.4046 -0.0175 cyclist
252 7.8065 -0.0698 pedestrian
252 19.4046 -0.0175 cyclist
253 7.8065 -0.0698 pedestrian
253 19.4046 -0.0175 cyclist
254 7.8065 -0.0698 pedestrian
254 19.4046 -0.0175 cyclist
255 7.8065 -0.1047 pedestrian
255 19.4046 -0.0175 cyclist
256 7.8065 -0.1047 pedestrian
256 19.4046 -0.0175 cyclist
257 7.8065 -0.1047 pedestrian
257 19.4046 -0.0175 cyclist
258 7.8065 -0.1047 pedestrian
258 19.4046 -0.0175 cyclist
259 7.8065 -0.1047 pedestrian
259 19.4046 -0.0175 cyclist
260 7.8065 -0.1222 pedestrian
260 19.4046 -0.0175 cyclist
261 7.8065 -0.1222 pedestrian
261 19.1816 0.0175 cyclist
262 7.8065 -0.1222 pedestrian
262 19.1816 0.0175 cyclist
263 7.8065 -0.1222 pedestrian
263 19.1816 0.0175 cyclist
264 7.8065 -0.1222 pedestrian
264 19.1816 0.0175 cyclist
265 7.8065 -0.1571 pedestrian
265 18.9586 0.0349 cyclist
266 7.8065 -0.1571 pedestrian
266 18.9586 0.0349 cyclist
267 7.8065 -0.1571 pedestrian
267 18.9586 0.0349 cyclist
268 7.8065 -0.1571 pedestrian
268 18.9586 0.0349 cyclist
269 7.8065 -0.1571 pedestrian
269 18.9586 0.0349 cyclist
270 7.8065 -0.1571 pedestrian
270 18.9586 0.0349 cyclist
271 7.8065 -0.1571 pedestrian
271 18.9586 0.0349 cyclist
272 7.8065 -0.1571 pedestrian
272 18.9586 0.0349 cyclist
273 8.0295 -0.1745 pedestrian
273 18.5125 0.0524 cyclist
274 8.0295 -0.1745 pedestrian
274 18.5125 0.0524 cyclist
275 8.0295 -0.1745 pedestrian
275 18.5125 0.0524 cyclist
276 8.0295 -0.1745 pedestrian
276 18.5125 0.0524 cyclist
277 8.0295 -0.1745 pedestrian
277 18.5125 0.0524 cyclist
278 8.0295 -0.1745 pedestrian
278 18.5125 0.0524 cyclist
279 8.0295 -0.1745 pedestrian
279 18.5125 0.0524 cyclist
280 8.0295 -0.1745 pedestrian
280 18.5125 0.0524 cyclist
281 8.0295 -0.2269 pedestrian
281 18.5125 0.0524 cyclist
282 8.0295 -0.2269 pedestrian
282 18.5125 0.0524 cyclist
283 8.0295 -0.2269 pedestrian
283 18.5125 0.0524 cyclist
284 8.0295 -0.2269 pedestrian
284 18.5125 0.0524 cyclist
285 8.0295 -0.2269 pedestrian
285 18.5125 0.0524 cyclist
286 8.0295 -0.2269 pedestrian
286 18.0664 0.0698 cyclist
287 8.0295 -0.2269 pedestrian
287 18.0664 0.0698 cyclist
288 8.0295 -0.2793 pedestrian
288 18.0664 0.0698 cyclist
289 8.0295 -0.2793 pedestrian
289 18.0664 0.0698 cyclist
290 8.0295 -0.2793 pedestrian
290 18.0664 0.0698 cyclist
291 8.0295 -0.2793 pedestrian
291 18.0664 0.0698 cyclist
292 8.0295 -0.2793 pedestrian
292 18.0664 0.0698 cyclist
293 8.0295 -0.2793 pedestrian
293 18.0664 0.0698 cyclist
294 8.0295 -0.2793 pedestrian
294 18.0664 0.0698 cyclist
295 8.0295 -0.2793 pedestrian
295 17.3973 0.0873 cyclist
296 8.0295 -0.2793 pedestrian
296 17.3973 0.0873 cyclist
297 8.0295 -0.2793 pedestrian
297 17.3973 0.0873 cyclist
298 8.2525 -0.2967 pedestrian
298 17.3973 0.0873 cyclist
299 8.2525 -0.2967 pedestrian
299 17.3973 0.0873 cyclist
300 8.2525 -0.2967 pedestrian
300 16.9512 0.0873 cyclist
301 8.2525 -0.2967 pedestrian
301 16.9512 0.0873 cyclist
302 8.2525 -0.2967 pedestrian
302 16.9512 0.0873 cyclist
303 8.2525 -0.2967 pedestrian
303 16.9512 0.0873 cyclist
304 8.4756 -0.3142 pedestrian
304 16.9512 0.0873 cyclist
305 8.2525 -0.2967 pedestrian
305 16.9512 0.1222 cyclist
306 8.2525 -0.2967 pedestrian
306 16.9512 0.1222 cyclist
307 8.2525 -0.2967 pedestrian
307 16.9512 0.1222 cyclist
308 8.4756 -0.3142 pedestrian
308 16.9512 0.0873 cyclist
309 8.4756 -0.3142 pedestrian
309 16.2821 0.0873 cyclist
310 8.4756 -0.3142 pedestrian
310 16.2821 0.0873 cyclist
311 8.4756 -0.3142 pedestrian
311 16.2821 0.0873 cyclist
312 8.4756 -0.3142 pedestrian
312 16.2821 0.0873 cyclist
313 8.4756 -0.3142 pedestrian
313 16.2821 0.0873 cyclist
314 8.4756 -0.3142 pedestrian
314 16.2821 0.0873 cyclist
315 8.4756 -0.3142 pedestrian
315 16.2821 0.0873 cyclist
316 8.6986 -0.3665 pedestrian
316 16.2821 0.0873 cyclist
317 8.6986 -0.3665 pedestrian
317 15.8360 0.0873 cyclist
318 8.6986 -0.3665 pedestrian
318 15.8360 0.0873 cyclist
319 8.6986 -0.3665 pedestrian
319 15.8360 0.0873 cyclist
320 8.6986 -0.3665 pedestrian
320 15.8360 0.0873 cyclist
321 8.6986 -0.3665 pedestrian
321 15.8360 0.0873 cyclist
322 8.6986 -0.3316 pedestrian
322 15.6129 0.1222 cyclist
323 8.6986 -0.3491 pedestrian
323 15.6129 0.1222 cyclist
324 8.6986 -0.3491 pedestrian
324 15.6129 0.1222 cyclist
325 8.6986 -0.3491 pedestrian
325 15.6129 0.1222 cyclist
326 8.6986 -0.3491 pedestrian
326 15.6129 0.1396 cyclist
327 8.6986 -0.3491 pedestrian
327 15.6129 0.1396 cyclist
328 8.9217 -0.4014 pedestrian
328 15.1668 0.0698 cyclist
329 8.9217 -0.4014 pedestrian
329 15.1668 0.0698 cyclist
330 8.9217 -0.4014 pedestrian
330 15.1668 0.0698 cyclist
331 8.9217 -0.4014 pedestrian
331 15.1668 0.0698 cyclist
332 8.9217 -0.4014 pedestrian
332 15.1668 0.0698 cyclist
333 9.1447 -0.3665 pedestrian
333 15.1668 0.0698 cyclist
334 9.1447 -0.3665 pedestrian
334 14.7208 0.0698 cyclist
335 9.1447 -0.3665 pedestrian
335 14.7208 0.0698 cyclist
336 9.1447 -0.3665 pedestrian
336 14.7208 0.0698 cyclist
337 9.1447 -0.3665 pedestrian
337 14.7208 0.0698 cyclist
338 9.3678 -0.3665 pedestrian
338 14.2747 0.0698 cyclist
339 9.3678 -0.3665 pedestrian
339 14.2747 0.0698 cyclist
339 15.6129 0.9250 pedestrian
340 9.3678 -0.3665 pedestrian
340 14.2747 0.0698 cyclist
340 15.6129 0.9250 pedestrian
341 9.3678 -0.3665 pedestrian
341 14.2747 0.0698 cyclist
341 15.6129 0.9250 pedestrian
342 9.5908 -0.4014 pedestrian
342 14.2747 0.0698 cyclist
342 15.6129 0.9250 pedestrian
343 9.5908 -0.4014 pedestrian
343 14.2747 0.0698 cyclist
343 15.6129 0.9250 pedestrian
344 9.5908 -0.4014 pedestrian
344 14.2747 0.0698 cyclist
344 15.6129 0.9250 pedestrian
345 9.5908 -0.4014 pedestrian
345 14.2747 0.0698 cyclist
345 15.6129 0.9250 pedestrian
346 9.5908 -0.4014 pedestrian
346 14.2747 0.0698 cyclist
346 15.6129 0.9250 pedestrian
347 9.5908 -0.4014 pedestrian
347 14.2747 0.0698 cyclist
347 15.8360 0.8901 pedestrian
348 9.5908 -0.4014 pedestrian
348 13.8286 0.0698 cyclist
348 15.8360 0.8901 pedestrian
349 9.5908 -0.4014 pedestrian
349 13.8286 0.0698 cyclist
349 15.8360 0.8901 pedestrian
350 9.5908 -0.4014 pedestrian
350 13.8286 0.0698 cyclist
350 15.8360 0.8901 pedestrian
351 9.5908 -0.4014 pedestrian
351 13.8286 0.0698 cyclist
351 15.8360 0.8901 pedestrian
352 9.5908 -0.4014 pedestrian
352 13.8286 0.0698 cyclist
352 15.8360 0.8901 pedestrian
353 9.5908 -0.4014 pedestrian
353 13.1595 0.0698 cyclist
353 15.8360 0.8901 pedestrian
354 9.5908 -0.4014 pedestrian
354 13.1595 0.0698 cyclist
354 15.8360 0.8901 pedestrian
355 10.0369 -0.4014 pedestrian
355 13.1595 0.0698 cyclist
355 15.8360 0.8901 pedestrian
356 10.0369 -0.4014 pedestrian
356 13.1595 0.0698 cyclist
356 15.8360 0.8901 pedestrian
357 10.0369 -0.4014 pedestrian
357 13.1595 0.0698 cyclist
357 15.8360 0.8901 pedestrian
358 10.0369 -0.4014 pedestrian
358 13.1595 0.0698 cyclist
358 15.8360 0.8901 pedestrian
359 10.0369 -0.4014 pedestrian
359 13.1595 0.0698 cyclist
359 15.8360 0.8901 pedestrian
360 10.0369 -0.4014 pedestrian
360 13.1595 0.0698 cyclist
360 15.8360 0.8901 pedestrian
361 10.0369 -0.4014 pedestrian
361 13.1595 0.0698 cyclist
361 15.8360 0.8901 pedestrian
362 10.0369 -0.4014 pedestrian
362 12.9364 0.0349 cyclist
362 15.8360 0.8901 pedestrian
363 10.0369 -0.4014 pedestrian
363 12.9364 0.0349 cyclist
363 15.8360 0.8901 pedestrian
364 10.0369 -0.4014 pedestrian
364 12.9364 0.0349 cyclist
364 15.8360 0.8901 pedestrian
365 10.0369 -0.4014 pedestrian
365 12.4903 0.0524 cyclist
365 15.8360 0.8901 pedestrian
366 10.0369 -0.4014 pedestrian
366 12.4903 0.0524 cyclist
366 15.8360 0.8901 pedestrian
367 10.0369 -0.4014 pedestrian
367 12.4903 0.0524 cyclist
367 15.8360 0.8901 pedestrian
368 10.0369 -0.4014 pedestrian
368 12.4903 0.0524 cyclist
368 15.8360 0.8901 pedestrian
369 10.0369 -0.4014 pedestrian
369 12.4903 0.0524 cyclist
369 15.8360 0.8901 pedestrian
370 10.2599 -0.3491 pedestrian
370 12.4903 0.0524 cyclist
370 15.8360 0.8901 pedestrian
371 10.2599 -0.3491 pedestrian
371 12.4903 0.0524 cyclist
371 15.8360 0.8901 pedestrian
372 10.2599 -0.3491 pedestrian
372 12.0443 0.0349 cyclist
372 15.8360 0.8901 pedestrian
373 10.2599 -0.3491 pedestrian
373 12.0443 0.0349 cyclist
373 15.8360 0.8901 pedestrian
374 10.2599 -0.3491 pedestrian
374 12.0443 0.0349 cyclist
374 15.8360 0.8901 pedestrian
375 10.2599 -0.3491 pedestrian
375 12.0443 0.0349 cyclist
375 15.8360 0.8901 pedestrian
376 10.2599 -0.3491 pedestrian
376 12.0443 0.0349 cyclist
376 15.8360 0.8901 pedestrian
377 10.2599 -0.3491 pedestrian
377 12.0443 0.0349 cyclist
377 15.8360 0.8901 pedestrian
378 10.4830 -0.3491 pedestrian
378 11.8212 0.0000 cyclist
378 15.8360 0.8901 pedestrian
379 10.4830 -0.3491 pedestrian
379 11.8212 0.0000 cyclist
379 15.8360 0.8901 pedestrian
380 10.4830 -0.3491 pedestrian
380 11.8212 0.0000 cyclist
380 16.0590 0.7854 pedestrian
381 10.4830 -0.3491 pedestrian
381 11.8212 0.0000 cyclist
381 16.0590 0.7854 pedestrian
382 10.4830 -0.3491 pedestrian
382 11.8212 0.0000 cyclist
382 16.0590 0.7854 pedestrian
383 10.7060 -0.3316 pedestrian
383 11.5982 0.0000 cyclist
383 16.0590 0.7854 pedestrian
384 10.7060 -0.3316 pedestrian
384 11.5982 0.0000 cyclist
384 16.0590 0.7854 pedestrian
385 10.7060 -0.3316 pedestrian
385 11.5982 0.0000 cyclist
385 16.0590 0.7854 pedestrian
386 10.7060 -0.3316 pedestrian
386 11.1521 -0.0349 cyclist
386 16.0590 0.7854 pedestrian
387 10.7060 -0.3316 pedestrian
387 11.1521 -0.0349 cyclist
387 16.0590 0.7854 pedestrian
388 10.7060 -0.3316 pedestrian
388 11.1521 -0.0349 cyclist
388 16.0590 0.7854 pedestrian
389 10.7060 -0.3316 pedestrian
389 11.1521 -0.0349 cyclist
389 16.0590 0.7854 pedestrian
390 11.1521 -0.3316 pedestrian
390 10.9290 -0.0349 cyclist
390 16.0590 0.7854 pedestrian
391 11.1521 -0.3316 pedestrian
391 10.9290 -0.0349 cyclist
391 16.0590 0.7854 pedestrian
392 11.1521 -0.3316 pedestrian
392 10.9290 -0.0349 cyclist
392 16.0590 0.7854 pedestrian
393 11.1521 -0.3316 pedestrian
393 10.9290 -0.0349 cyclist
393 16.0590 0.7854 pedestrian
394 11.1521 -0.3316 pedestrian
394 10.9290 -0.0349 cyclist
394 16.2821 0.7505 pedestrian
395 11.1521 -0.3316 pedestrian
395 10.9290 -0.0349 cyclist
395 16.2821 0.7505 pedestrian
396 11.1521 -0.3316 pedestrian
396 10.9290 -0.0349 cyclist
396 16.2821 0.7505 pedestrian
397 11.1521 -0.3316 pedestrian
397 10.7060 -0.0698 cyclist
397 16.2821 0.7505 pedestrian
398 11.1521 -0.3316 pedestrian
398 10.7060 -0.0698 cyclist
398 16.2821 0.7505 pedestrian
399 11.1521 -0.3316 pedestrian
399 10.7060 -0.0698 cyclist
399 16.2821 0.7505 pedestrian
400 11.1521 -0.3316 pedestrian
400 10.7060 -0.0698 cyclist
400 16.2821 0.7505 pedestrian
401 11.1521 -0.3316 pedestrian
401 10.2599 -0.0698 cyclist
401 16.2821 0.7505 pedestrian
402 11.1521 -0.3316 pedestrian
402 10.2599 -0.0698 cyclist
402 16.2821 0.7505 pedestrian
403 11.1521 -0.3316 pedestrian
403 10.2599 -0.0698 cyclist
403 16.2821 0.7505 pedestrian
404 11.1521 -0.3316 pedestrian
404 10.2599 -0.0698 cyclist
404 16.2821 0.7505 pedestrian
405 11.1521 -0.3316 pedestrian
405 10.2599 -0.0698 cyclist
405 16.2821 0.7505 pedestrian
406 11.3751 -0.2967 pedestrian
406 10.2599 -0.0698 cyclist
406 16.2821 0.6981 pedestrian
407 11.3751 -0.2967 pedestrian
407 10.2599 -0.0698 cyclist
407 16.2821 0.6981 pedestrian
408 11.3751 -0.2967 pedestrian
408 10.2599 -0.0698 cyclist
408 16.2821 0.6981 pedestrian
409 11.3751 -0.2967 pedestrian
409 10.2599 -0.0698 cyclist
409 16.2821 0.6981 pedestrian
410 11.3751 -0.2967 pedestrian
410 10.2599 -0.0698 cyclist
410 16.2821 0.6981 pedestrian
411 11.3751 -0.2967 pedestrian
411 10.2599 -0.0698 cyclist
411 16.2821 0.6981 pedestrian
412 11.3751 -0.2967 pedestrian
412 10.2599 -0.0698 cyclist
412 16.2821 0.6981 pedestrian
413 11.3751 -0.2618 pedestrian
413 9.8138 -0.1222 cyclist
413 16.2821 0.6981 pedestrian
414 11.3751 -0.2618 pedestrian
414 9.8138 -0.1222 cyclist
414 16.2821 0.6981 pedestrian
415 11.3751 -0.2618 pedestrian
415 9.8138 -0.1222 cyclist
415 16.2821 0.6981 pedestrian
416 11.3751 -0.2618 pedestrian
416 9.8138 -0.1222 cyclist
416 16.2821 0.6981 pedestrian
417 11.3751 -0.2618 pedestrian
417 9.5908 -0.1047 cyclist
417 16.2821 0.6981 pedestrian
418 11.3751 -0.2618 pedestrian
418 9.5908 -0.1047 cyclist
418 16.2821 0.6981 pedestrian
419 11.3751 -0.2618 pedestrian
419 9.5908 -0.1047 cyclist
419 16.2821 0.6981 pedestrian
420 11.3751 -0.2618 pedestrian
420 9.5908 -0.1047 cyclist
420 16.2821 0.6981 pedestrian
421 11.5982 -0.2269 pedestrian
421 9.5908 -0.1047 cyclist
421 16.2821 0.6981 pedestrian
422 11.5982 -0.2269 pedestrian
422 9.1447 -0.1222 cyclist
422 16.2821 0.6981 pedestrian
423 11.5982 -0.2269 pedestrian
423 9.1447 -0.1222 cyclist
423 16.5051 0.6283 pedestrian
424 11.5982 -0.2269 pedestrian
424 9.1447 -0.1222 cyclist
424 16.5051 0.6283 pedestrian
425 11.5982 -0.2269 pedestrian
425 9.1447 -0.1222 cyclist
425 16.5051 0.6283 pedestrian
426 11.5982 -0.2269 pedestrian
426 8.9217 -0.1222 cyclist
426 16.5051 0.6283 pedestrian
427 11.5982 -0.2269 pedestrian
427 8.9217 -0.1222 cyclist
427 16.5051 0.6283 pedestrian
428 11.5982 -0.2269 pedestrian
428 8.9217 -0.1222 cyclist
428 16.5051 0.6283 pedestrian
429 11.5982 -0.1745 pedestrian
429 8.4756 -0.1571 cyclist
429 16.5051 0.6283 pedestrian
430 11.5982 -0.1745 pedestrian
430 8.4756 -0.1571 cyclist
430 16.5051 0.6283 pedestrian
431 11.5982 -0.1745 pedestrian
431 8.4756 -0.1571 cyclist
431 16.5051 0.6283 pedestrian
432 11.5982 -0.1745 pedestrian
432 8.4756 -0.1571 cyclist
432 16.5051 0.6283 pedestrian
433 11.5982 -0.1745 pedestrian
433 8.4756 -0.1571 cyclist
433 16.5051 0.6283 pedestrian
434 11.5982 -0.1745 pedestrian
434 8.4756 -0.1571 cyclist
434 16.5051 0.6283 pedestrian
435 11.5982 -0.1745 pedestrian
435 8.4756 -0.1571 cyclist
435 16.5051 0.6283 pedestrian
436 11.5982 -0.1745 pedestrian
436 8.0295 -0.1396 cyclist
436 16.5051 0.6283 pedestrian
437 11.5982 -0.1745 pedestrian
437 8.0295 -0.1396 cyclist
437 16.5051 0.6283 pedestrian
438 11.5982 -0.1745 pedestrian
438 8.0295 -0.1396 cyclist
438 16.5051 0.6283 pedestrian
439 11.5982 -0.1745 pedestrian
439 8.0295 -0.1396 cyclist
439 16.5051 0.6283 pedestrian
440 11.5982 -0.1396 pedestrian
440 7.5834 -0.1047 cyclist
440 16.5051 0.6283 pedestrian
441 11.5982 -0.1396 pedestrian
441 7.5834 -0.1047 cyclist
441 16.5051 0.6283 pedestrian
442 11.5982 -0.1396 pedestrian
442 7.5834 -0.1047 cyclist
442 16.5051 0.6283 pedestrian
443 11.5982 -0.1396 pedestrian
443 7.5834 -0.1047 cyclist
443 16.5051 0.6283 pedestrian
444 11.5982 -0.1396 pedestrian
444 7.5834 -0.1047 cyclist
444 16.5051 0.6283 pedestrian
445 11.5982 -0.1396 pedestrian
445 7.5834 -0.1047 cyclist
445 16.5051 0.6283 pedestrian
446 11.8212 -0.1396 pedestrian
446 7.1373 -0.1047 cyclist
446 16.7281 0.5760 pedestrian
447 11.8212 -0.1396 pedestrian
447 7.1373 -0.1047 cyclist
447 16.7281 0.5760 pedestrian
448 11.8212 -0.1396 pedestrian
448 7.1373 -0.1047 cyclist
448 16.7281 0.5760 pedestrian
449 11.8212 -0.1396 pedestrian
449 7.1373 -0.1047 cyclist
449 16.7281 0.5760 pedestrian
450 11.8212 -0.1396 pedestrian
450 7.1373 -0.1047 cyclist
450 16.7281 0.5760 pedestrian
451 11.8212 -0.1396 pedestrian
451 7.1373 -0.1047 cyclist
451 16.7281 0.5760 pedestrian
452 11.5982 -0.0873 pedestrian
452 6.9143 -0.0698 cyclist
452 16.7281 0.5760 pedestrian
453 11.5982 -0.0873 pedestrian
453 6.9143 -0.0698 cyclist
453 16.7281 0.5760 pedestrian
454 11.5982 -0.0873 pedestrian
454 6.9143 -0.0698 cyclist
454 16.7281 0.5760 pedestrian
455 11.5982 -0.0873 pedestrian
455 6.9143 -0.0698 cyclist
455 16.7281 0.5760 pedestrian
456 11.5982 -0.0873 pedestrian
456 6.9143 -0.0698 cyclist
456 16.7281 0.5760 pedestrian
457 11.8212 -0.0873 pedestrian
457 6.6913 -0.0349 cyclist
457 16.7281 0.5760 pedestrian
458 11.8212 -0.0873 pedestrian
458 6.6913 -0.0349 cyclist
458 16.7281 0.5760 pedestrian
459 11.8212 -0.0873 pedestrian
459 6.6913 -0.0349 cyclist
459 16.7281 0.5760 pedestrian
460 11.8212 -0.0873 pedestrian
460 6.6913 -0.0349 cyclist
460 16.7281 0.5760 pedestrian
461 11.8212 -0.0873 pedestrian
461 6.6913 -0.0349 cyclist
461 16.7281 0.5760 pedestrian
462 11.8212 -0.0873 pedestrian
462 6.6913 -0.0349 cyclist
462 16.7281 0.5760 pedestrian
463 11.8212 -0.0873 pedestrian
463 6.6913 -0.0349 cyclist
463 16.7281 0.5760 pedestrian
464 11.8212 -0.0873 pedestrian
464 6.4682 0.0175 cyclist
464 16.7281 0.5760 pedestrian
465 11.8212 -0.0873 pedestrian
465 6.4682 0.0175 cyclist
465 16.7281 0.5760 pedestrian
466 11.8212 -0.0873 pedestrian
466 6.4682 0.0175 cyclist
466 16.7281 0.5760 pedestrian
467 11.8212 -0.0873 pedestrian
467 6.4682 0.0175 cyclist
467 16.7281 0.5061 pedestrian
468 11.8212 -0.0873 pedestrian
468 6.4682 0.0175 cyclist
468 16.7281 0.5061 pedestrian
469 11.8212 -0.0873 pedestrian
469 6.4682 0.0175 cyclist
469 16.7281 0.5061 pedestrian
470 12.0443 -0.0175 pedestrian
470 6.2452 0.0873 cyclist
470 16.7281 0.5061 pedestrian
471 12.0443 -0.0175 pedestrian
471 6.2452 0.0873 cyclist
471 16.7281 0.5061 pedestrian
472 12.0443 -0.0175 pedestrian
472 6.2452 0.0873 cyclist
472 16.7281 0.5061 pedestrian
473 12.0443 -0.0175 pedestrian
473 6.2452 0.0873 cyclist
473 16.7281 0.5061 pedestrian
474 12.0443 -0.0175 pedestrian
474 6.2452 0.0873 cyclist
474 16.7281 0.5061 pedestrian
475 12.0443 -0.0175 pedestrian
475 6.2452 0.0873 cyclist
475 16.7281 0.5061 pedestrian
476 12.0443 -0.0175 pedestrian
476 6.0221 0.1396 cyclist
476 16.9512 0.4887 pedestrian
477 12.0443 -0.0175 pedestrian
477 6.0221 0.1396 cyclist
477 16.9512 0.4887 pedestrian
478 12.0443 -0.0175 pedestrian
478 6.0221 0.1396 cyclist
478 16.9512 0.4887 pedestrian
479 12.0443 -0.0175 pedestrian
479 6.0221 0.1396 cyclist
479 16.9512 0.4887 pedestrian
480 12.0443 -0.0175 pedestrian
480 6.0221 0.1396 cyclist
480 16.9512 0.4887 pedestrian
481 12.0443 -0.0175 pedestrian
481 6.0221 0.2094 cyclist
481 16.9512 0.4887 pedestrian
482 12.0443 -0.0175 pedestrian
482 6.0221 0.2094 cyclist
482 16.9512 0.4887 pedestrian
483 12.0443 -0.0175 pedestrian
483 6.0221 0.2094 cyclist
483 16.9512 0.4887 pedestrian
484 12.0443 -0.0175 pedestrian
484 6.0221 0.2094 cyclist
484 16.9512 0.4887 pedestrian
485 12.0443 -0.0175 pedestrian
485 6.0221 0.2094 cyclist
485 16.9512 0.4887 pedestrian
486 12.0443 -0.0175 pedestrian
486 6.0221 0.2793 cyclist
486 16.9512 0.4887 pedestrian
487 12.0443 -0.0175 pedestrian
487 6.0221 0.2793 cyclist
487 16.9512 0.4887 pedestrian
488 12.0443 -0.0175 pedestrian
488 6.0221 0.2793 cyclist
488 16.9512 0.4887 pedestrian
489 12.0443 -0.0175 pedestrian
489 6.0221 0.2793 cyclist
489 16.9512 0.4887 pedestrian
490 12.0443 0.0175 pedestrian
490 6.0221 0.2793 cyclist
490 17.1742 0.4538 pedestrian
491 12.0443 0.0175 pedestrian
491 6.0221 0.2793 cyclist
491 17.1742 0.4538 pedestrian
492 12.0443 0.0175 pedestrian
492 6.0221 0.2793 cyclist
492 17.1742 0.4538 pedestrian
493 12.0443 0.0175 pedestrian
493 6.0221 0.2793 cyclist
493 17.1742 0.4538 pedestrian
494 12.0443 0.0175 pedestrian
494 6.0221 0.2793 cyclist
494 17.1742 0.4538 pedestrian
495 12.0443 0.0175 pedestrian
495 6.0221 0.2793 cyclist
495 17.1742 0.4538 pedestrian
496 12.0443 0.0175 pedestrian
496 6.0221 0.3491 cyclist
496 17.1742 0.4538 pedestrian
497 12.0443 0.0175 pedestrian
497 6.0221 0.3491 cyclist
497 17.1742 0.4538 pedestrian
498 12.0443 0.0175 pedestrian
498 6.0221 0.3491 cyclist
498 17.1742 0.4538 pedestrian
499 12.0443 0.0175 pedestrian
499 6.0221 0.3491 cyclist
499 17.1742 0.4538 pedestrian
500 12.0443 0.0175 pedestrian
500 6.0221 0.3491 cyclist
500 17.1742 0.4538 pedestrian
501 12.0443 0.0175 pedestrian
501 6.0221 0.3491 cyclist
501 17.1742 0.4538 pedestrian
502 12.0443 0.0175 pedestrian
502 6.2452 0.4363 cyclist
502 17.1742 0.4538 pedestrian
503 12.0443 0.0175 pedestrian
503 6.2452 0.4363 cyclist
503 17.1742 0.4538 pedestrian
504 12.0443 0.0524 pedestrian
504 6.2452 0.4363 cyclist
505 12.0443 0.0524 pedestrian
505 6.2452 0.4363 cyclist
506 12.0443 0.0524 pedestrian
506 6.2452 0.4363 cyclist
507 12.0443 0.0524 pedestrian
507 6.2452 0.4712 cyclist
508 12.0443 0.0524 pedestrian
508 6.2452 0.4712 cyclist
508 17.3973 0.3840 pedestrian
509 12.0443 0.0524 pedestrian
509 6.2452 0.4712 cyclist
509 17.3973 0.3840 pedestrian
510 12.0443 0.0524 pedestrian
510 6.4682 0.5061 cyclist
510 17.3973 0.3840 pedestrian
511 12.0443 0.0524 pedestrian
511 6.4682 0.5061 cyclist
511 17.3973 0.3840 pedestrian
512 12.0443 0.0524 pedestrian
512 6.4682 0.5061 cyclist
512 17.3973 0.3840 pedestrian
513 12.0443 0.0524 pedestrian
513 6.4682 0.5061 cyclist
513 17.3973 0.3840 pedestrian
514 12.0443 0.0524 pedestrian
514 6.4682 0.5061 cyclist
514 17.3973 0.3840 pedestrian
515 12.0443 0.0524 pedestrian
515 6.4682 0.5061 cyclist
515 17.3973 0.3840 pedestrian
516 12.0443 0.0524 pedestrian
516 6.9143 0.5585 cyclist
516 17.6203 0.3665 pedestrian
517 12.0443 0.0524 pedestrian
517 6.9143 0.5585 cyclist
517 17.6203 0.3665 pedestrian
518 12.0443 0.0524 pedestrian
518 6.9143 0.5585 cyclist
518 17.6203 0.3665 pedestrian
519 12.0443 0.0524 pedestrian
519 6.9143 0.5585 cyclist
519 17.6203 0.3665 pedestrian
520 11.8212 0.0873 pedestrian
520 6.9143 0.5585 cyclist
520 17.6203 0.3665 pedestrian
521 11.8212 0.0873 pedestrian
521 7.1373 0.6109 cyclist
521 17.6203 0.3665 pedestrian
522 11.8212 0.0873 pedestrian
522 7.1373 0.6109 cyclist
522 17.6203 0.3665 pedestrian
523 11.8212 0.0873 pedestrian
523 7.1373 0.6109 cyclist
523 17.6203 0.3665 pedestrian
524 11.8212 0.0873 pedestrian
524 7.1373 0.6109 cyclist
524 17.6203 0.3665 pedestrian
525 11.8212 0.0873 pedestrian
525 7.1373 0.6109 cyclist
525 17.6203 0.3665 pedestrian
526 11.8212 0.0873 pedestrian
526 7.1373 0.6109 cyclist
526 18.0664 0.3491 pedestrian
527 11.8212 0.0873 pedestrian
527 7.1373 0.6109 cyclist
527 18.0664 0.3491 pedestrian
528 11.8212 0.0873 pedestrian
528 7.5834 0.6283 cyclist
528 18.0664 0.3491 pedestrian
529 11.8212 0.0873 pedestrian
529 7.5834 0.6283 cyclist
529 18.0664 0.3491 pedestrian
530 11.8212 0.0873 pedestrian
530 7.5834 0.6283 cyclist
530 18.0664 0.3491 pedestrian
531 11.8212 0.0873 pedestrian
531 7.5834 0.6283 cyclist
531 18.0664 0.3491 pedestrian
532 11.8212 0.0873 pedestrian
532 7.5834 0.6283 cyclist
532 18.0664 0.3491 pedestrian
533 11.5982 0.1047 pedestrian
533 7.5834 0.6283 cyclist
533 18.0664 0.3491 pedestrian
534 11.5982 0.1047 pedestrian
534 7.5834 0.6283 cyclist
534 18.0664 0.3491 pedestrian
535 11.5982 0.1047 pedestrian
535 7.5834 0.6283 cyclist
535 18.0664 0.3491 pedestrian
536 11.5982 0.1047 pedestrian
536 8.0295 0.6632 cyclist
536 18.0664 0.3491 pedestrian
537 11.5982 0.1047 pedestrian
537 8.0295 0.6632 cyclist
537 18.0664 0.3491 pedestrian
538 11.5982 0.1047 pedestrian
538 8.0295 0.6632 cyclist
538 18.0664 0.3491 pedestrian
539 11.5982 0.1047 pedestrian
539 8.0295 0.6632 cyclist
539 18.0664 0.3491 pedestrian
540 11.3751 0.1222 pedestrian
540 8.4756 0.6981 cyclist
540 18.2894 0.3316 pedestrian
541 11.3751 0.1222 pedestrian
541 8.4756 0.6981 cyclist
541 18.2894 0.3316 pedestrian
542 11.3751 0.1222 pedestrian
542 8.4756 0.6981 cyclist
542 18.2894 0.3316 pedestrian
543 11.3751 0.1222 pedestrian
543 8.4756 0.6981 cyclist
543 18.2894 0.3316 pedestrian
544 11.3751 0.1222 pedestrian
544 8.4756 0.6981 cyclist
544 18.2894 0.3316 pedestrian
545 11.3751 0.1222 pedestrian
545 8.4756 0.6981 cyclist
545 18.2894 0.3316 pedestrian
546 11.3751 0.1222 pedestrian
546 8.4756 0.6981 cyclist
546 18.2894 0.3316 pedestrian
547 11.3751 0.1222 pedestrian
547 8.4756 0.6981 cyclist
547 18.2894 0.3316 pedestrian
548 11.3751 0.1222 pedestrian
548 8.4756 0.6981 cyclist
548 18.2894 0.3316 pedestrian
549 10.9290 0.1222 pedestrian
549 8.6986 0.6632 cyclist
549 18.7355 0.3316 pedestrian
550 10.9290 0.1222 pedestrian
550 8.6986 0.6632 cyclist
550 18.7355 0.3316 pedestrian
551 10.9290 0.1222 pedestrian
551 8.6986 0.6632 cyclist
551 18.7355 0.3316 pedestrian
552 10.9290 0.1222 pedestrian
552 8.6986 0.6632 cyclist
552 18.7355 0.3316 pedestrian
553 10.9290 0.1222 pedestrian
553 8.6986 0.6632 cyclist
553 18.7355 0.3316 pedestrian
554 10.9290 0.1222 pedestrian
554 9.3678 0.6458 cyclist
554 18.7355 0.3316 pedestrian
555 10.9290 0.1222 pedestrian
555 9.3678 0.6458 cyclist
555 18.7355 0.2967 pedestrian
556 10.9290 0.1222 pedestrian
556 9.3678 0.6458 cyclist
556 18.7355 0.2967 pedestrian
557 10.9290 0.1222 pedestrian
557 9.3678 0.6458 cyclist
557 18.7355 0.2967 pedestrian
558 10.7060 0.0873 pedestrian
558 9.3678 0.6458 cyclist
558 18.7355 0.2967 pedestrian
559 10.7060 0.0873 pedestrian
559 9.8138 0.6458 cyclist
559 18.7355 0.2967 pedestrian
560 10.7060 0.0873 pedestrian
560 9.8138 0.6458 cyclist
560 18.7355 0.2967 pedestrian
561 10.7060 0.0873 pedestrian
561 9.8138 0.6458 cyclist
561 18.7355 0.2967 pedestrian
562 10.7060 0.0873 pedestrian
562 9.8138 0.6458 cyclist
562 18.7355 0.2967 pedestrian
563 10.7060 0.0873 pedestrian
563 9.8138 0.6458 cyclist
563 18.7355 0.2967 pedestrian
564 10.7060 0.0873 pedestrian
564 9.8138 0.6458 cyclist
564 19.1816 0.2967 pedestrian
565 10.7060 0.0873 pedestrian
565 9.8138 0.6458 cyclist
565 19.1816 0.2967 pedestrian
566 10.7060 0.0873 pedestrian
566 10.2599 0.6458 cyclist
566 19.1816 0.2967 pedestrian
567 10.7060 0.0873 pedestrian
567 10.2599 0.6458 cyclist
567 19.1816 0.2967 pedestrian
568 10.7060 0.0873 pedestrian
568 10.2599 0.6458 cyclist
568 19.1816 0.2967 pedestrian
569 10.7060 0.0873 pedestrian
569 10.2599 0.6458 cyclist
569 19.1816 0.2967 pedestrian
570 10.7060 0.0873 pedestrian
570 10.2599 0.6458 cyclist
570 19.1816 0.2967 pedestrian
571 10.7060 0.0873 pedestrian
571 10.2599 0.6458 cyclist
571 19.1816 0.2967 pedestrian
572 10.7060 0.0873 pedestrian
572 10.4830 0.6283 cyclist
572 19.1816 0.2967 pedestrian
573 10.7060 0.0873 pedestrian
573 10.4830 0.6283 cyclist
573 19.1816 0.2967 pedestrian
574 10.7060 0.0873 pedestrian
574 10.4830 0.6283 cyclist
574 19.1816 0.2967 pedestrian
575 10.7060 0.0873 pedestrian
575 10.4830 0.6283 cyclist
575 19.1816 0.2967 pedestrian
576 10.2599 0.0698 pedestrian
576 10.7060 0.5934 cyclist
576 19.4046 0.2793 pedestrian
577 10.2599 0.0698 pedestrian
577 10.7060 0.5934 cyclist
577 19.4046 0.2793 pedestrian
578 10.2599 0.0698 pedestrian
578 10.7060 0.5934 cyclist
578 19.4046 0.2793 pedestrian
579 10.2599 0.0698 pedestrian
579 10.7060 0.5934 cyclist
579 19.4046 0.2793 pedestrian
580 10.2599 0.0698 pedestrian
580 10.7060 0.5934 cyclist
580 19.6277 0.2618 pedestrian
581 10.2599 0.0698 pedestrian
581 10.7060 0.5934 cyclist
581 19.6277 0.2618 pedestrian
582 10.2599 0.0349 pedestrian
582 10.9290 0.5760 cyclist
582 19.6277 0.2618 pedestrian
583 10.2599 0.0349 pedestrian
583 10.9290 0.5760 cyclist
583 19.6277 0.2618 pedestrian
584 10.2599 0.0349 pedestrian
584 10.9290 0.5760 cyclist
584 19.6277 0.2618 pedestrian
585 10.2599 0.0349 pedestrian
585 10.9290 0.5760 cyclist
585 19.6277 0.2618 pedestrian
586 10.2599 0.0349 pedestrian
586 10.9290 0.5760 cyclist
586 19.6277 0.2618 pedestrian
587 10.2599 0.0349 pedestrian
587 10.9290 0.5760 cyclist
587 19.6277 0.2618 pedestrian
588 10.2599 0.0349 pedestrian
588 10.9290 0.5760 cyclist
588 19.6277 0.2618 pedestrian
589 10.2599 0.0349 pedestrian
589 11.3751 0.5760 cyclist
589 19.8507 0.2269 pedestrian
590 10.2599 0.0349 pedestrian
590 11.3751 0.5760 cyclist
590 19.8507 0.2269 pedestrian
591 10.2599 0.0349 pedestrian
591 11.3751 0.5760 cyclist
591 19.8507 0.2269 pedestrian
592 10.2599 0.0349 pedestrian
592 11.3751 0.5760 cyclist
592 19.8507 0.2269 pedestrian
593 10.2599 0.0349 pedestrian
593 11.3751 0.5760 cyclist
593 19.8507 0.2269 pedestrian
594 10.2599 0.0349 pedestrian
594 11.3751 0.5760 cyclist
594 19.8507 0.2269 pedestrian
595 10.2599 -0.0175 pedestrian
595 12.0443 0.5585 cyclist
595 20.0738 0.2269 pedestrian
596 10.2599 -0.0175 pedestrian
596 12.0443 0.5585 cyclist
596 20.0738 0.2269 pedestrian
597 10.2599 -0.0175 pedestrian
597 12.0443 0.5585 cyclist
597 20.0738 0.2269 pedestrian
598 10.2599 -0.0175 pedestrian
598 12.0443 0.5585 cyclist
598 20.0738 0.2269 pedestrian
599 10.2599 -0.0175 pedestrian
599 12.0443 0.5585 cyclist
599 20.0738 0.2269 pedestrian
600 10.2599 -0.0175 pedestrian
600 12.2673 0.5236 cyclist
600 20.2968 0.2269 pedestrian
601 10.2599 -0.0175 pedestrian
601 12.2673 0.5236 cyclist
601 20.2968 0.2269 pedestrian
602 10.2599 -0.0175 pedestrian
602 12.2673 0.5236 cyclist
602 20.2968 0.2269 pedestrian
603 10.2599 -0.0524 pedestrian
603 12.2673 0.5236 cyclist
603 20.2968 0.2269 pedestrian
604 10.2599 -0.0524 pedestrian
604 12.2673 0.5236 cyclist
604 20.2968 0.2269 pedestrian
605 10.2599 -0.0524 pedestrian
605 12.7134 0.5236 cyclist
605 20.2968 0.2269 pedestrian
606 10.2599 -0.0524 pedestrian
606 12.7134 0.5236 cyclist
606 20.2968 0.2269 pedestrian
607 10.2599 -0.0524 pedestrian
607 12.7134 0.5236 cyclist
607 20.2968 0.2269 pedestrian
608 10.2599 -0.0524 pedestrian
608 12.7134 0.5236 cyclist
608 20.2968 0.2269 pedestrian
609 10.2599 -0.0524 pedestrian
609 12.7134 0.5236 cyclist
609 20.2968 0.2269 pedestrian
610 10.2599 -0.0524 pedestrian
610 12.7134 0.5236 cyclist
610 20.7429 0.2269 pedestrian
611 10.2599 -0.0524 pedestrian
611 12.7134 0.5236 cyclist
611 20.7429 0.2269 pedestrian
612 10.2599 -0.0873 pedestrian
612 13.1595 0.4887 cyclist
612 20.7429 0.2269 pedestrian
613 10.2599 -0.0873 pedestrian
613 13.1595 0.4887 cyclist
613 20.7429 0.2269 pedestrian
614 10.2599 -0.0873 pedestrian
614 13.1595 0.4887 cyclist
614 20.7429 0.2269 pedestrian
615 10.2599 -0.0873 pedestrian
615 13.1595 0.4887 cyclist
615 20.7429 0.2269 pedestrian
616 10.2599 -0.0873 pedestrian
616 13.1595 0.4887 cyclist
616 20.7429 0.2269 pedestrian
617 10.2599 -0.0873 pedestrian
617 13.1595 0.4887 cyclist
617 20.7429 0.2269 pedestrian
618 10.2599 -0.0873 pedestrian
618 13.1595 0.4887 cyclist
618 20.7429 0.2269 pedestrian
619 10.2599 -0.0873 pedestrian
619 13.1595 0.4887 cyclist
619 20.7429 0.2269 pedestrian
620 10.2599 -0.0873 pedestrian
620 13.1595 0.4887 cyclist
620 20.7429 0.2269 pedestrian
621 10.2599 -0.1222 pedestrian
621 13.6056 0.4538 cyclist
621 20.9659 0.1920 pedestrian
622 10.2599 -0.1222 pedestrian
622 13.6056 0.4538 cyclist
622 20.9659 0.1920 pedestrian
623 10.2599 -0.1222 pedestrian
623 13.6056 0.4538 cyclist
623 20.9659 0.1920 pedestrian
624 10.2599 -0.1222 pedestrian
624 13.6056 0.4538 cyclist
624 20.9659 0.1920 pedestrian
625 10.2599 -0.1222 pedestrian
625 13.6056 0.4538 cyclist
625 20.9659 0.1920 pedestrian
626 10.2599 -0.1222 pedestrian
626 13.6056 0.4538 cyclist
626 20.9659 0.1920 pedestrian
627 10.2599 -0.1222 pedestrian
627 13.8286 0.4189 cyclist
627 21.1890 0.1920 pedestrian
628 10.2599 -0.1222 pedestrian
628 13.8286 0.4189 cyclist
628 21.1890 0.1920 pedestrian
629 10.2599 -0.1222 pedestrian
629 13.8286 0.4189 cyclist
629 21.1890 0.1920 pedestrian
630 10.2599 -0.1222 pedestrian
630 13.8286 0.4189 cyclist
630 21.1890 0.1920 pedestrian
631 10.2599 -0.1222 pedestrian
631 13.8286 0.4189 cyclist
631 21.1890 0.1920 pedestrian
632 10.4830 -0.1396 pedestrian
632 13.8286 0.4189 cyclist
632 21.1890 0.1920 pedestrian
633 10.4830 -0.1396 pedestrian
633 13.8286 0.4189 cyclist
633 21.1890 0.1920 pedestrian
634 10.4830 -0.1396 pedestrian
634 14.0516 0.4189 cyclist
634 21.1890 0.1920 pedestrian
635 10.4830 -0.1396 pedestrian
635 14.0516 0.4189 cyclist
635 21.1890 0.1920 pedestrian
636 10.4830 -0.1745 pedestrian
636 14.0516 0.4189 cyclist
636 21.4120 0.1571 pedestrian
637 10.4830 -0.1745 pedestrian
637 14.0516 0.4189 cyclist
637 21.4120 0.1571 pedestrian
638 10.4830 -0.1745 pedestrian
638 14.0516 0.4189 cyclist
638 21.4120 0.1571 pedestrian
639 10.4830 -0.1745 pedestrian
639 14.0516 0.4189 cyclist
639 21.4120 0.1571 pedestrian
640 10.4830 -0.1745 pedestrian
640 14.0516 0.4189 cyclist
640 21.4120 0.1571 pedestrian
641 10.4830 -0.1745 pedestrian
641 14.4977 0.3840 cyclist
641 21.4120 0.1571 pedestrian
642 10.4830 -0.1745 pedestrian
642 14.4977 0.3840 cyclist
642 21.4120 0.1571 pedestrian
643 10.4830 -0.1745 pedestrian
643 14.4977 0.3840 cyclist
643 21.4120 0.1571 pedestrian
644 10.4830 -0.1745 pedestrian
644 14.4977 0.3840 cyclist
644 21.4120 0.1571 pedestrian
645 10.7060 -0.2094 pedestrian
645 14.4977 0.3840 cyclist
645 21.4120 0.1571 pedestrian
646 10.7060 -0.2094 pedestrian
646 14.4977 0.3840 cyclist
646 21.4120 0.1571 pedestrian
647 10.7060 -0.2094 pedestrian
647 14.4977 0.3840 cyclist
647 21.8581 0.1396 pedestrian
648 10.7060 -0.2094 pedestrian
648 14.4977 0.3840 cyclist
648 21.8581 0.1396 pedestrian
649 10.7060 -0.2094 pedestrian
649 14.4977 0.3840 cyclist
649 21.8581 0.1396 pedestrian
650 10.7060 -0.2094 pedestrian
650 14.4977 0.3840 cyclist
650 21.8581 0.1396 pedestrian
651 10.7060 -0.2094 pedestrian
651 14.9438 0.3665 cyclist
651 21.8581 0.1396 pedestrian
652 10.7060 -0.2094 pedestrian
652 14.9438 0.3665 cyclist
652 21.8581 0.1396 pedestrian
653 10.7060 -0.2094 pedestrian
653 14.9438 0.3665 cyclist
653 21.8581 0.1396 pedestrian
654 10.7060 -0.2094 pedestrian
654 14.9438 0.3665 cyclist
654 21.8581 0.1396 pedestrian
655 10.7060 -0.2094 pedestrian
655 14.9438 0.3665 cyclist
655 21.8581 0.1396 pedestrian
656 10.9290 -0.2269 pedestrian
656 14.9438 0.3665 cyclist
656 21.8581 0.1396 pedestrian
657 10.9290 -0.2269 pedestrian
657 14.9438 0.3665 cyclist
657 21.8581 0.1396 pedestrian
658 10.9290 -0.2269 pedestrian
658 15.3899 0.3665 cyclist
658 21.8581 0.1396 pedestrian
659 10.9290 -0.2269 pedestrian
659 15.3899 0.3665 cyclist
659 21.8581 0.1396 pedestrian
660 10.9290 -0.2618 pedestrian
660 15.3899 0.3665 cyclist
660 22.0811 0.1047 pedestrian
661 10.9290 -0.2618 pedestrian
661 15.3899 0.3665 cyclist
661 22.0811 0.1047 pedestrian
662 10.9290 -0.2618 pedestrian
662 15.3899 0.3665 cyclist
662 22.0811 0.1047 pedestrian
663 10.9290 -0.2618 pedestrian
663 15.3899 0.3665 cyclist
663 22.0811 0.1047 pedestrian
664 10.9290 -0.2618 pedestrian
664 15.3899 0.3665 cyclist
664 22.0811 0.1047 pedestrian
665 10.9290 -0.2618 pedestrian
665 15.3899 0.3665 cyclist
665 22.0811 0.1047 pedestrian
666 10.9290 -0.2618 pedestrian
666 15.3899 0.3665 cyclist
666 22.0811 0.1047 pedestrian
667 11.1521 -0.2793 pedestrian
667 15.6129 0.3491 cyclist
667 22.5272 0.1222 pedestrian
668 11.1521 -0.2793 pedestrian
668 15.6129 0.3491 cyclist
668 22.5272 0.1222 pedestrian
669 11.1521 -0.2793 pedestrian
669 15.6129 0.3491 cyclist
669 22.5272 0.1222 pedestrian
670 11.1521 -0.2793 pedestrian
670 15.6129 0.3491 cyclist
670 22.5272 0.1222 pedestrian
671 11.1521 -0.2793 pedestrian
671 15.6129 0.3491 cyclist
671 22.5272 0.1222 pedestrian
672 11.1521 -0.2793 pedestrian
672 15.6129 0.3491 cyclist
672 22.5272 0.1222 pedestrian
673 11.1521 -0.3142 pedestrian
673 16.0590 0.3316 cyclist
673 22.5272 0.1222 pedestrian
674 11.1521 -0.3142 pedestrian
674 16.0590 0.3316 cyclist
674 22.5272 0.1222 pedestrian
675 11.1521 -0.3142 pedestrian
675 16.0590 0.3316 cyclist
675 22.5272 0.1222 pedestrian
676 11.1521 -0.3142 pedestrian
676 16.0590 0.3316 cyclist
676 22.5272 0.1222 pedestrian
677 11.1521 -0.3142 pedestrian
677 16.0590 0.3316 cyclist
677 22.5272 0.1222 pedestrian
678 11.1521 -0.3142 pedestrian
678 16.0590 0.3316 cyclist
678 22.5272 0.1222 pedestrian
679 11.1521 -0.3142 pedestrian
679 16.0590 0.3316 cyclist
679 22.5272 0.1222 pedestrian
680 11.1521 -0.3316 pedestrian
680 16.2821 0.3316 cyclist
680 22.5272 0.0698 pedestrian
681 11.1521 -0.3316 pedestrian
681 16.2821 0.3316 cyclist
681 22.5272 0.0698 pedestrian
682 11.1521 -0.3316 pedestrian
682 16.2821 0.3316 cyclist
682 22.5272 0.0698 pedestrian
683 11.1521 -0.3316 pedestrian
683 16.2821 0.3316 cyclist
683 22.5272 0.0698 pedestrian
684 11.1521 -0.3316 pedestrian
684 16.2821 0.3316 cyclist
684 22.9733 0.0873 pedestrian
685 11.1521 -0.3316 pedestrian
685 16.2821 0.3316 cyclist
685 22.9733 0.0873 pedestrian
686 11.1521 -0.3665 pedestrian
686 16.5051 0.3316 cyclist
686 22.9733 0.0873 pedestrian
687 11.1521 -0.3665 pedestrian
687 16.5051 0.3316 cyclist
687 22.9733 0.0873 pedestrian
688 11.1521 -0.3665 pedestrian
688 16.5051 0.3316 cyclist
688 22.9733 0.0873 pedestrian
689 11.1521 -0.3665 pedestrian
689 16.5051 0.3316 cyclist
689 22.9733 0.0873 pedestrian
690 11.1521 -0.3665 pedestrian
690 16.5051 0.3316 cyclist
690 22.9733 0.0873 pedestrian
691 11.1521 -0.3665 pedestrian
691 16.5051 0.3316 cyclist
691 22.9733 0.0873 pedestrian
692 11.1521 -0.3665 pedestrian
692 16.5051 0.3316 cyclist
692 22.9733 0.0873 pedestrian
693 11.1521 -0.4014 pedestrian
693 16.9512 0.3316 cyclist
693 23.1963 0.0698 pedestrian
694 11.1521 -0.4014 pedestrian
694 16.9512 0.3316 cyclist
694 23.1963 0.0698 pedestrian
695 11.1521 -0.4014 pedestrian
695 16.9512 0.3316 cyclist
695 23.1963 0.0698 pedestrian
696 11.1521 -0.4014 pedestrian
696 16.9512 0.3316 cyclist
696 23.1963 0.0698 pedestrian
697 11.1521 -0.4014 pedestrian
697 16.9512 0.3316 cyclist
697 23.1963 0.0698 pedestrian
698 11.1521 -0.4014 pedestrian
698 16.9512 0.3316 cyclist
698 23.1963 0.0698 pedestrian
699 11.1521 -0.4014 pedestrian
699 16.9512 0.3316 cyclist
699 23.1963 0.0698 pedestrian
700 11.1521 -0.4014 pedestrian
700 17.3973 0.3316 cyclist
700 23.1963 0.0698 pedestrian
701 11.1521 -0.4014 pedestrian
701 17.3973 0.3316 cyclist
701 23.1963 0.0698 pedestrian
702 11.1521 -0.4014 pedestrian
702 17.3973 0.3316 cyclist
702 23.1963 0.0698 pedestrian
703 11.1521 -0.4014 pedestrian
703 17.3973 0.3316 cyclist
703 23.1963 0.0698 pedestrian
704 11.1521 -0.4538 pedestrian
704 17.8433 0.3316 cyclist
704 23.1963 0.0349 pedestrian
705 11.1521 -0.4538 pedestrian
705 17.8433 0.3316 cyclist
705 23.1963 0.0349 pedestrian
706 11.1521 -0.4538 pedestrian
706 17.8433 0.3316 cyclist
706 23.1963 0.0349 pedestrian
707 11.1521 -0.4538 pedestrian
707 17.8433 0.3316 cyclist
707 23.6424 0.0349 pedestrian
708 11.1521 -0.4538 pedestrian
708 17.8433 0.3316 cyclist
708 23.6424 0.0349 pedestrian
709 11.1521 -0.4538 pedestrian
709 17.8433 0.3316 cyclist
709 23.6424 0.0349 pedestrian
710 11.1521 -0.4538 pedestrian
710 17.8433 0.3316 cyclist
710 23.6424 0.0349 pedestrian
711 11.1521 -0.4538 pedestrian
711 17.8433 0.3316 cyclist
711 23.6424 0.0349 pedestrian
712 11.1521 -0.4538 pedestrian
712 17.8433 0.3316 cyclist
712 23.6424 0.0349 pedestrian
713 11.1521 -0.4538 pedestrian
713 17.8433 0.3316 cyclist
713 23.6424 0.0349 pedestrian
714 11.1521 -0.4538 pedestrian
714 17.8433 0.3316 cyclist
714 23.6424 0.0349 pedestrian
715 10.9290 -0.4887 pedestrian
715 18.5125 0.3316 cyclist
715 23.6424 0.0349 pedestrian
716 10.9290 -0.4887 pedestrian
716 18.5125 0.3316 cyclist
716 23.6424 0.0349 pedestrian
717 10.9290 -0.4887 pedestrian
717 18.5125 0.3316 cyclist
717 23.6424 0.0349 pedestrian
718 10.9290 -0.4887 pedestrian
718 18.5125 0.3316 cyclist
718 23.6424 0.0349 pedestrian
719 10.9290 -0.4887 pedestrian
719 18.5125 0.3316 cyclist
719 23.6424 0.0349 pedestrian
720 10.9290 -0.4887 pedestrian
720 18.5125 0.3316 cyclist
720 23.6424 0.0349 pedestrian
721 10.9290 -0.4887 pedestrian
721 18.5125 0.3316 cyclist
721 24.0885 0.0349 pedestrian
722 10.9290 -0.4887 pedestrian
722 18.5125 0.3316 cyclist
722 24.0885 0.0349 pedestrian
723 10.9290 -0.4887 pedestrian
723 18.5125 0.3316 cyclist
723 24.0885 0.0349 pedestrian
724 10.9290 -0.4887 pedestrian
724 18.5125 0.3316 cyclist
724 24.0885 0.0349 pedestrian
725 10.9290 -0.4887 pedestrian
725 18.5125 0.3316 cyclist
725 24.0885 0.0349 pedestrian
726 10.4830 -0.5061 pedestrian
726 18.9586 0.3491 cyclist
726 24.0885 0.0349 pedestrian
727 10.4830 -0.5061 pedestrian
727 18.9586 0.3491 cyclist
727 24.0885 0.0349 pedestrian
728 10.4830 -0.5061 pedestrian
728 18.9586 0.3491 cyclist
728 24.0885 0.0349 pedestrian
729 10.4830 -0.5061 pedestrian
729 18.9586 0.3491 cyclist
729 24.0885 0.0349 pedestrian
730 10.4830 -0.5061 pedestrian
730 18.9586 0.3491 cyclist
730 24.0885 0.0349 pedestrian
731 10.4830 -0.5061 pedestrian
731 18.9586 0.3491 cyclist
731 24.0885 0.0349 pedestrian
732 10.4830 -0.5061 pedestrian
732 18.9586 0.3491 cyclist
732 24.0885 0.0349 pedestrian
733 10.4830 -0.5061 pedestrian
733 19.4046 0.3316 cyclist
733 24.5346 0.0000 pedestrian
734 10.4830 -0.5061 pedestrian
734 19.4046 0.3316 cyclist
734 24.5346 0.0000 pedestrian
735 10.4830 -0.5061 pedestrian
735 19.4046 0.3316 cyclist
735 24.5346 0.0000 pedestrian
736 10.4830 -0.5061 pedestrian
736 19.4046 0.3316 cyclist
736 24.5346 0.0000 pedestrian
737 10.2599 -0.5411 pedestrian
737 19.8507 0.3316 cyclist
737 24.5346 0.0000 pedestrian
738 10.2599 -0.5411 pedestrian
738 19.8507 0.3316 cyclist
738 24.5346 0.0000 pedestrian
739 10.2599 -0.5411 pedestrian
739 19.8507 0.3316 cyclist
739 24.5346 0.0000 pedestrian
740 10.2599 -0.5411 pedestrian
740 19.8507 0.3316 cyclist
740 24.5346 0.0000 pedestrian
741 10.2599 -0.5411 pedestrian
741 19.8507 0.3316 cyclist
741 24.5346 0.0000 pedestrian
742 10.2599 -0.5411 pedestrian
742 19.8507 0.3316 cyclist
742 24.5346 0.0000 pedestrian
743 10.2599 -0.5411 pedestrian
743 19.8507 0.3316 cyclist
743 24.5346 0.0000 pedestrian
744 10.2599 -0.5411 pedestrian
744 19.8507 0.3316 cyclist
744 24.5346 0.0000 pedestrian
745 10.2599 -0.5411 pedestrian
745 19.8507 0.3316 cyclist
745 24.5346 0.0000 pedestrian
746 10.0369 -0.5236 pedestrian
746 20.2968 0.3142 cyclist
746 24.7576 0.0000 pedestrian
747 10.0369 -0.5236 pedestrian
747 20.2968 0.3142 cyclist
747 24.7576 0.0000 pedestrian
748 10.0369 -0.5236 pedestrian
748 20.2968 0.3142 cyclist
748 24.7576 0.0000 pedestrian
749 10.0369 -0.5236 pedestrian
749 20.2968 0.3142 cyclist
749 24.7576 0.0000 pedestrian
750 10.0369 -0.5236 pedestrian
750 20.2968 0.3142 cyclist
750 24.7576 0.0000 pedestrian
751 10.0369 -0.5236 pedestrian
751 20.2968 0.3142 cyclist
751 24.7576 0.0000 pedestrian
752 10.0369 -0.5236 pedestrian
752 20.2968 0.3142 cyclist
752 24.7576 0.0000 pedestrian
753 10.0369 -0.5236 pedestrian
753 20.2968 0.3142 cyclist
753 24.7576 0.0000 pedestrian
754 10.0369 -0.5236 pedestrian
754 20.2968 0.3142 cyclist
754 24.7576 0.0000 pedestrian
755 9.5908 -0.5061 pedestrian
755 20.2968 0.3142 cyclist
756 9.5908 -0.5061 pedestrian
756 20.2968 0.3142 cyclist
757 9.5908 -0.5061 pedestrian
757 20.2968 0.3142 cyclist
758 9.5908 -0.5061 pedestrian
758 20.2968 0.3142 cyclist
759 9.5908 -0.5061 pedestrian
759 20.2968 0.3142 cyclist
760 9.5908 -0.5061 pedestrian
760 20.7429 0.2618 cyclist
761 9.5908 -0.5061 pedestrian
761 20.7429 0.2618 cyclist
762 9.5908 -0.5061 pedestrian
762 20.7429 0.2618 cyclist
763 9.5908 -0.5061 pedestrian
763 20.7429 0.2618 cyclist
764 9.5908 -0.5061 pedestrian
764 20.7429 0.2618 cyclist
765 9.5908 -0.5061 pedestrian
765 20.7429 0.2618 cyclist
766 9.5908 -0.5061 pedestrian
766 20.7429 0.2618 cyclist
767 9.5908 -0.5061 pedestrian
767 20.7429 0.2618 cyclist
768 9.3678 -0.4712 pedestrian
768 20.9659 0.2094 cyclist
769 9.3678 -0.4712 pedestrian
769 20.9659 0.2094 cyclist
770 9.3678 -0.4712 pedestrian
770 20.9659 0.2094 cyclist
771 9.3678 -0.4712 pedestrian
771 20.9659 0.2094 cyclist
772 9.3678 -0.4712 pedestrian
772 20.9659 0.2094 cyclist
773 9.3678 -0.4712 pedestrian
773 20.9659 0.2094 cyclist
774 9.3678 -0.4712 pedestrian
774 20.9659 0.2094 cyclist
775 9.3678 -0.4712 pedestrian
775 20.9659 0.2094 cyclist
776 9.3678 -0.4712 pedestrian
776 20.9659 0.2094 cyclist
777 9.1447 -0.4538 pedestrian
777 20.9659 0.2094 cyclist
778 9.1447 -0.4538 pedestrian
778 20.9659 0.2094 cyclist
779 9.1447 -0.4538 pedestrian
779 20.9659 0.2094 cyclist
780 9.1447 -0.4189 pedestrian
780 20.9659 0.2094 cyclist
781 9.1447 -0.4189 pedestrian
781 20.9659 0.1920 cyclist
782 9.1447 -0.4189 pedestrian
782 20.9659 0.1920 cyclist
783 9.1447 -0.4189 pedestrian
783 20.9659 0.1571 cyclist
784 9.1447 -0.4189 pedestrian
784 20.9659 0.1571 cyclist
785 9.1447 -0.4189 pedestrian
785 20.9659 0.1571 cyclist
786 9.1447 -0.4189 pedestrian
786 20.9659 0.1571 cyclist
787 9.1447 -0.4189 pedestrian
787 20.9659 0.1571 cyclist
788 9.1447 -0.4189 pedestrian
788 20.9659 0.1571 cyclist
789 9.1447 -0.4189 pedestrian
789 20.9659 0.1571 cyclist
790 9.1447 -0.4189 pedestrian
790 20.9659 0.1571 cyclist
791 9.1447 -0.4189 pedestrian
791 20.9659 0.1571 cyclist
792 9.1447 -0.3665 pedestrian
792 20.9659 0.1571 cyclist
793 9.1447 -0.3665 pedestrian
793 20.9659 0.1571 cyclist
794 9.1447 -0.3665 pedestrian
794 20.7429 0.1047 cyclist
795 9.1447 -0.3665 pedestrian
795 20.7429 0.1047 cyclist
796 9.1447 -0.3665 pedestrian
796 20.7429 0.1047 cyclist
797 9.1447 -0.3665 pedestrian
797 20.7429 0.1047 cyclist
798 9.1447 -0.3665 pedestrian
798 20.7429 0.1047 cyclist
799 9.1447 -0.3665 pedestrian
799 20.7429 0.1047 cyclist
800 9.1447 -0.3665 pedestrian
800 20.7429 0.1047 cyclist
801 9.1447 -0.3665 pedestrian
801 20.7429 0.1047 cyclist
802 8.9217 -0.3316 pedestrian
802 20.7429 0.1047 cyclist
803 8.9217 -0.3316 pedestrian
803 20.7429 0.1047 cyclist
804 8.9217 -0.3316 pedestrian
804 20.7429 0.1047 cyclist
805 8.9217 -0.3316 pedestrian
805 20.7429 0.1047 cyclist
806 9.1447 -0.3142 pedestrian
806 20.5198 0.0873 cyclist
807 9.1447 -0.3142 pedestrian
807 20.5198 0.0873 cyclist
808 9.1447 -0.3142 pedestrian
808 20.5198 0.0873 cyclist
809 9.1447 -0.3142 pedestrian
809 20.5198 0.0873 cyclist
810 8.9217 -0.2967 pedestrian
810 20.5198 0.0873 cyclist
811 8.9217 -0.2967 pedestrian
811 20.5198 0.0873 cyclist
812 8.9217 -0.2967 pedestrian
812 20.5198 0.0873 cyclist
813 8.9217 -0.2967 pedestrian
813 20.5198 0.0873 cyclist
814 8.9217 -0.2967 pedestrian
814 20.5198 0.0873 cyclist
815 8.9217 -0.2967 pedestrian
815 20.5198 0.0873 cyclist
816 8.9217 -0.2967 pedestrian
816 20.2968 0.0698 cyclist
817 8.9217 -0.2443 pedestrian
817 20.2968 0.0698 cyclist
818 8.9217 -0.2443 pedestrian
818 20.2968 0.0698 cyclist
819 8.9217 -0.2443 pedestrian
819 20.2968 0.0698 cyclist
820 8.9217 -0.2443 pedestrian
820 20.0738 0.0175 cyclist
821 8.9217 -0.2443 pedestrian
821 20.0738 0.0175 cyclist
822 8.9217 -0.2443 pedestrian
822 20.0738 0.0175 cyclist
823 8.9217 -0.2443 pedestrian
823 20.0738 0.0175 cyclist
824 8.9217 -0.2443 pedestrian
824 20.0738 0.0175 cyclist
825 9.1447 -0.2269 pedestrian
825 19.8507 0.0175 cyclist
826 9.1447 -0.2269 pedestrian
826 19.8507 0.0175 cyclist
827 9.1447 -0.2269 pedestrian
827 19.8507 0.0175 cyclist
828 9.1447 -0.2269 pedestrian
828 19.8507 0.0175 cyclist
829 9.1447 -0.2269 pedestrian
829 19.8507 0.0175 cyclist
830 9.1447 -0.2269 pedestrian
830 19.8507 0.0175 cyclist
831 9.1447 -0.1920 pedestrian
831 19.6277 0.0000 cyclist
832 9.1447 -0.1920 pedestrian
832 19.6277 0.0000 cyclist
833 9.1447 -0.1920 pedestrian
833 19.6277 0.0000 cyclist
834 9.1447 -0.1920 pedestrian
834 19.6277 0.0000 cyclist
835 9.1447 -0.1920 pedestrian
835 19.6277 0.0000 cyclist
836 9.1447 -0.1920 pedestrian
836 19.6277 0.0000 cyclist
837 9.1447 -0.1920 pedestrian
837 19.6277 0.0000 cyclist
838 9.1447 -0.1396 pedestrian
838 19.4046 -0.0349 cyclist
839 9.1447 -0.1396 pedestrian
839 19.4046 -0.0349 cyclist
840 9.1447 -0.1396 pedestrian
840 19.4046 -0.0349 cyclist
841 9.1447 -0.1396 pedestrian
841 19.4046 -0.0349 cyclist
842 9.1447 -0.1396 pedestrian
842 19.4046 -0.0349 cyclist
843 9.1447 -0.1396 pedestrian
843 18.9586 -0.0349 cyclist
844 9.1447 -0.1396 pedestrian
844 18.9586 -0.0349 cyclist
845 9.1447 -0.1396 pedestrian
845 18.9586 -0.0349 cyclist
846 9.1447 -0.1396 pedestrian
846 18.9586 -0.0349 cyclist
847 9.1447 -0.1396 pedestrian
847 18.9586 -0.0349 cyclist
848 9.1447 -0.1047 pedestrian
848 18.7355 -0.0698 cyclist
849 9.1447 -0.1047 pedestrian
849 18.7355 -0.0698 cyclist
850 9.1447 -0.1047 pedestrian
850 18.7355 -0.0698 cyclist
851 9.1447 -0.1047 pedestrian
851 18.7355 -0.0698 cyclist
852 9.1447 -0.1047 pedestrian
852 18.7355 -0.0698 cyclist
853 9.1447 -0.1047 pedestrian
853 18.2894 -0.0698 cyclist
854 9.1447 -0.1047 pedestrian
854 18.2894 -0.0698 cyclist
855 9.1447 -0.1047 pedestrian
855 18.2894 -0.0698 cyclist
856 9.1447 -0.0698 pedestrian
856 18.2894 -0.0698 cyclist
857 9.1447 -0.0698 pedestrian
857 18.2894 -0.0698 cyclist
858 9.1447 -0.0698 pedestrian
858 18.2894 -0.0698 cyclist
859 9.1447 -0.0698 pedestrian
859 18.2894 -0.0698 cyclist
860 9.1447 -0.0698 pedestrian
860 18.2894 -0.0698 cyclist
861 9.1447 -0.0698 pedestrian
861 18.2894 -0.0698 cyclist
862 9.1447 -0.0698 pedestrian
862 18.2894 -0.0698 cyclist
863 9.1447 -0.0698 pedestrian
863 17.8433 -0.1047 cyclist
864 9.1447 -0.0698 pedestrian
864 17.3973 -0.1396 cyclist
865 9.1447 -0.0698 pedestrian
865 17.3973 -0.1396 cyclist
866 9.1447 -0.0698 pedestrian
866 17.3973 -0.1396 cyclist
867 9.1447 -0.0698 pedestrian
867 17.3973 -0.1396 cyclist
868 9.1447 -0.0698 pedestrian
868 17.3973 -0.1396 cyclist
869 9.5908 -0.0175 pedestrian
869 17.3973 -0.1396 cyclist
870 9.5908 -0.0175 pedestrian
870 17.3973 -0.1396 cyclist
871 9.5908 -0.0175 pedestrian
871 16.9512 -0.1222 cyclist
872 9.5908 -0.0175 pedestrian
872 16.9512 -0.1222 cyclist
873 9.5908 -0.0175 pedestrian
873 16.9512 -0.1222 cyclist
874 9.5908 -0.0175 pedestrian
874 16.9512 -0.1222 cyclist
875 9.5908 -0.0175 pedestrian
875 16.9512 -0.1222 cyclist
876 9.5908 -0.0175 pedestrian
876 16.9512 -0.1222 cyclist
877 9.5908 -0.0175 pedestrian
877 16.9512 -0.1222 cyclist
878 9.5908 -0.0175 pedestrian
878 16.9512 -0.1222 cyclist
879 9.5908 -0.0175 pedestrian
879 16.2821 -0.1222 cyclist
880 9.5908 -0.0175 pedestrian
880 16.2821 -0.1222 cyclist
881 9.5908 -0.0175 pedestrian
881 16.2821 -0.1222 cyclist
882 9.5908 -0.0175 pedestrian
882 16.2821 -0.1222 cyclist
883 9.5908 -0.0175 pedestrian
883 16.2821 -0.1222 cyclist
884 9.5908 -0.0175 pedestrian
884 16.2821 -0.1222 cyclist
885 9.5908 0.0349 pedestrian
885 15.8360 -0.1396 cyclist
886 9.5908 0.0349 pedestrian
886 15.8360 -0.1396 cyclist
887 9.5908 0.0349 pedestrian
887 15.8360 -0.1396 cyclist
888 9.5908 0.0349 pedestrian
888 15.8360 -0.1396 cyclist
889 9.5908 0.0349 pedestrian
889 15.8360 -0.1396 cyclist
890 9.8138 0.0524 pedestrian
890 15.8360 -0.1396 cyclist
891 9.8138 0.0524 pedestrian
891 15.8360 -0.1396 cyclist
892 9.8138 0.0524 pedestrian
892 15.8360 -0.1396 cyclist
893 9.8138 0.0524 pedestrian
893 15.8360 -0.1396 cyclist
894 9.8138 0.0524 pedestrian
894 15.8360 -0.1396 cyclist
895 9.8138 0.0524 pedestrian
895 15.8360 -0.1396 cyclist
896 9.8138 0.0524 pedestrian
896 15.8360 -0.1396 cyclist
897 10.0369 0.0873 pedestrian
897 15.1668 -0.1571 cyclist
898 10.0369 0.0873 pedestrian
898 15.1668 -0.1571 cyclist
899 10.0369 0.0873 pedestrian
899 15.1668 -0.1571 cyclist
