0 23.6424 -0.4189 pedestrian
0 22.3042 -0.5236 cyclist
0 22.3042 0.4014 car
1 23.1963 -0.4014 pedestrian
1 22.3042 -0.5236 cyclist
1 22.3042 0.4014 car
2 22.9733 -0.4189 pedestrian
2 22.3042 -0.5236 cyclist
2 22.3042 0.4014 car
3 23.1963 -0.4014 pedestrian
3 22.3042 -0.5236 cyclist
3 21.8581 0.4014 car
4 23.1963 -0.4014 pedestrian
4 22.3042 -0.5236 cyclist
4 21.8581 0.4014 car
5 23.1963 -0.4014 pedestrian
5 22.3042 -0.5236 cyclist
5 22.3042 0.4363 car
6 22.7503 -0.4189 pedestrian
6 22.3042 -0.5236 cyclist
6 21.8581 0.4014 car
7 22.7503 -0.4189 pedestrian
7 22.3042 -0.5236 cyclist
7 21.8581 0.4014 car
8 22.7503 -0.4189 pedestrian
8 22.3042 -0.5236 cyclist
8 21.6351 0.3840 car
9 23.1963 -0.4014 pedestrian
9 22.3042 -0.5236 cyclist
9 21.6351 0.3840 car
10 23.1963 -0.4014 pedestrian
10 22.3042 -0.5236 cyclist
10 21.6351 0.3840 car
11 22.9733 -0.4014 pedestrian
11 22.3042 -0.5236 cyclist
11 21.6351 0.3840 car
12 23.1963 -0.4014 pedestrian
12 22.3042 -0.5236 cyclist
12 21.4120 0.3491 car
13 23.1963 -0.4014 pedestrian
13 22.3042 -0.5236 cyclist
13 21.4120 0.3491 car
14 22.9733 -0.4014 pedestrian
14 22.3042 -0.5236 cyclist
14 21.4120 0.3491 car
15 23.1963 -0.4014 pedestrian
15 22.0811 -0.4887 cyclist
15 21.4120 0.3491 car
16 22.9733 -0.4014 pedestrian
16 22.3042 -0.4887 cyclist
16 21.4120 0.3491 car
17 22.9733 -0.4014 pedestrian
17 22.3042 -0.4887 cyclist
17 21.4120 0.3491 car
18 22.9733 -0.4014 pedestrian
18 22.0811 -0.4712 cyclist
18 21.4120 0.3491 car
19 22.9733 -0.4014 pedestrian
19 22.0811 -0.4712 cyclist
19 21.4120 0.3491 car
20 22.9733 -0.4014 pedestrian
20 22.0811 -0.4712 cyclist
20 21.1890 0.3316 car
21 22.9733 -0.4014 pedestrian
21 22.0811 -0.4712 cyclist
21 21.4120 0.3316 car
22 22.9733 -0.4014 pedestrian
22 22.0811 -0.4712 cyclist
22 21.1890 0.3316 car
23 22.9733 -0.4014 pedestrian
23 22.0811 -0.4363 cyclist
23 21.1890 0.3316 car
24 22.9733 -0.4014 pedestrian
24 22.0811 -0.4363 cyclist
24 21.1890 0.3316 car
25 22.7503 -0.4014 pedestrian
25 22.0811 -0.4712 cyclist
25 21.1890 0.3316 car
26 22.7503 -0.4014 pedestrian
26 22.0811 -0.4712 cyclist
26 21.4120 0.3142 car
27 22.7503 -0.3840 pedestrian
27 22.0811 -0.4712 cyclist
27 21.4120 0.3142 car
28 22.5272 -0.4189 pedestrian
28 22.0811 -0.4712 cyclist
28 21.4120 0.3142 car
29 22.7503 -0.4014 pedestrian
29 22.0811 -0.4712 cyclist
29 21.4120 0.3316 car
30 22.7503 -0.4014 pedestrian
30 22.0811 -0.4712 cyclist
30 21.1890 0.3142 car
31 22.7503 -0.4014 pedestrian
31 22.0811 -0.4712 cyclist
31 21.1890 0.3142 car
32 22.7503 -0.4014 pedestrian
32 22.0811 -0.4712 cyclist
32 20.9659 0.2967 car
33 22.7503 -0.4014 pedestrian
33 22.0811 -0.4712 cyclist
33 20.9659 0.2967 car
34 22.3042 -0.4189 pedestrian
34 22.0811 -0.4712 cyclist
34 20.9659 0.2967 car
35 22.3042 -0.4189 pedestrian
35 22.0811 -0.4712 cyclist
35 20.9659 0.2967 car
36 22.0811 -0.4363 pedestrian
36 22.0811 -0.4887 cyclist
36 20.9659 0.2967 car
37 22.0811 -0.4363 pedestrian
37 22.0811 -0.4887 cyclist
37 20.9659 0.2967 car
38 22.0811 -0.4363 pedestrian
38 22.0811 -0.4887 cyclist
38 20.9659 0.2967 car
39 21.8581 -0.4363 pedestrian
39 21.8581 -0.4887 cyclist
39 20.9659 0.2967 car
40 22.0811 -0.4189 pedestrian
40 22.0811 -0.5061 cyclist
40 20.7429 0.2793 car
41 22.0811 -0.4189 pedestrian
41 22.0811 -0.5061 cyclist
41 20.7429 0.2793 car
42 22.0811 -0.4189 pedestrian
42 22.0811 -0.5061 cyclist
42 20.7429 0.2793 car
43 22.0811 -0.4189 pedestrian
43 22.0811 -0.5061 cyclist
43 20.7429 0.2793 car
44 22.0811 -0.4189 pedestrian
44 22.0811 -0.5061 cyclist
44 20.7429 0.2618 car
45 22.0811 -0.4189 pedestrian
45 22.0811 -0.5061 cyclist
45 20.7429 0.2618 car
46 22.0811 -0.4189 pedestrian
46 22.0811 -0.5061 cyclist
46 20.7429 0.2618 car
47 22.0811 -0.4189 pedestrian
47 22.0811 -0.5061 cyclist
47 20.7429 0.2618 car
48 22.0811 -0.4189 pedestrian
48 22.0811 -0.5061 cyclist
48 20.7429 0.2618 car
49 22.0811 -0.4189 pedestrian
49 22.0811 -0.5061 cyclist
49 20.7429 0.2618 car
50 22.0811 -0.4189 pedestrian
50 21.6351 -0.5061 cyclist
50 20.7429 0.2618 car
51 22.0811 -0.4712 pedestrian
51 21.4120 -0.4887 cyclist
51 20.7429 0.2618 car
52 22.0811 -0.4538 pedestrian
52 21.4120 -0.4887 cyclist
52 20.7429 0.2618 car
53 22.0811 -0.4712 pedestrian
53 21.1890 -0.4887 cyclist
53 20.7429 0.2618 car
54 22.0811 -0.4712 pedestrian
54 21.1890 -0.4887 cyclist
54 20.7429 0.2618 car
55 22.0811 -0.4887 pedestrian
55 20.9659 -0.5061 cyclist
55 20.7429 0.2618 car
56 22.0811 -0.4887 pedestrian
56 21.4120 -0.5061 cyclist
56 20.5198 0.2443 car
57 22.0811 -0.4887 pedestrian
57 21.1890 -0.4887 cyclist
57 20.5198 0.2443 car
58 22.0811 -0.4887 pedestrian
58 21.1890 -0.4887 cyclist
58 20.5198 0.2443 car
59 22.0811 -0.4887 pedestrian
59 21.1890 -0.4887 cyclist
59 20.5198 0.2443 car
60 22.0811 -0.4887 pedestrian
60 21.1890 -0.4887 cyclist
60 20.5198 0.2443 car
61 22.0811 -0.4887 pedestrian
61 21.1890 -0.4887 cyclist
61 20.5198 0.2443 car
62 22.0811 -0.4887 pedestrian
62 21.1890 -0.4887 cyclist
62 20.5198 0.2443 car
63 22.0811 -0.4712 pedestrian
63 20.7429 -0.4887 cyclist
63 20.7429 0.2443 car
64 22.0811 -0.4712 pedestrian
64 20.7429 -0.4887 cyclist
64 20.7429 0.2443 car
65 22.0811 -0.4712 pedestrian
65 20.9659 -0.4712 cyclist
65 20.7429 0.2443 car
66 22.0811 -0.4712 pedestrian
66 21.1890 -0.4887 cyclist
66 20.7429 0.2443 car
67 22.3042 -0.4538 pedestrian
67 20.7429 -0.5061 cyclist
67 20.7429 0.2443 car
68 22.3042 -0.4538 pedestrian
68 20.7429 -0.5061 cyclist
68 20.7429 0.2443 car
69 22.3042 -0.4363 pedestrian
69 20.9659 -0.5061 cyclist
69 20.7429 0.2269 car
70 22.3042 -0.4538 pedestrian
70 20.9659 -0.5061 cyclist
70 20.7429 0.2269 car
71 22.3042 -0.4538 pedestrian
71 20.9659 -0.5061 cyclist
71 20.7429 0.2269 car
72 22.3042 -0.4538 pedestrian
72 20.9659 -0.5061 cyclist
72 20.7429 0.2269 car
73 22.3042 -0.4538 pedestrian
73 20.9659 -0.4712 cyclist
73 20.7429 0.2443 car
74 22.3042 -0.4363 pedestrian
74 20.9659 -0.5061 cyclist
74 20.7429 0.2443 car
75 22.3042 -0.4363 pedestrian
75 20.9659 -0.5411 cyclist
75 20.5198 0.2443 car
76 22.3042 -0.4363 pedestrian
76 20.9659 -0.5411 cyclist
76 20.5198 0.2269 car
77 22.0811 -0.4363 pedestrian
77 20.9659 -0.5411 cyclist
77 20.5198 0.2094 car
78 22.0811 -0.4363 pedestrian
78 20.9659 -0.5061 cyclist
78 20.5198 0.2094 car
79 22.0811 -0.4363 pedestrian
79 20.9659 -0.5061 cyclist
79 20.5198 0.2269 car
80 22.0811 -0.4363 pedestrian
80 20.7429 -0.5236 cyclist
80 20.5198 0.2269 car
81 22.0811 -0.4363 pedestrian
81 20.7429 -0.5236 cyclist
81 20.5198 0.2269 car
82 22.0811 -0.4538 pedestrian
82 20.7429 -0.5236 cyclist
82 20.5198 0.2269 car
83 22.0811 -0.4538 pedestrian
83 20.7429 -0.5236 cyclist
83 20.2968 0.2269 car
84 22.0811 -0.4538 pedestrian
84 20.7429 -0.5236 cyclist
84 20.2968 0.2269 car
85 22.0811 -0.4538 pedestrian
85 20.7429 -0.5236 cyclist
85 20.2968 0.2269 car
86 22.0811 -0.4538 pedestrian
86 20.7429 -0.5236 cyclist
86 20.2968 0.2269 car
87 22.0811 -0.4538 pedestrian
87 20.7429 -0.5236 cyclist
87 20.2968 0.2269 car
88 22.0811 -0.4538 pedestrian
88 20.7429 -0.5236 cyclist
88 20.2968 0.2094 car
89 22.3042 -0.4538 pedestrian
89 20.7429 -0.5236 cyclist
89 20.2968 0.2094 car
90 22.3042 -0.4538 pedestrian
90 20.7429 -0.5585 cyclist
90 20.5198 0.2094 car
91 22.3042 -0.4538 pedestrian
91 20.7429 -0.5585 cyclist
91 20.5198 0.2094 car
92 22.3042 -0.4538 pedestrian
92 20.7429 -0.5585 cyclist
92 20.0738 0.2094 car
93 22.3042 -0.4538 pedestrian
93 20.7429 -0.5585 cyclist
93 20.0738 0.2094 car
94 22.3042 -0.4538 pedestrian
94 20.7429 -0.5585 cyclist
94 20.0738 0.2094 car
95 22.3042 -0.4538 pedestrian
95 20.5198 -0.5585 cyclist
95 20.0738 0.2094 car
96 22.3042 -0.4538 pedestrian
96 20.7429 -0.5585 cyclist
96 20.0738 0.2094 car
97 22.3042 -0.4363 pedestrian
97 20.7429 -0.5236 cyclist
97 20.0738 0.1920 car
98 22.3042 -0.4363 pedestrian
98 20.7429 -0.5411 cyclist
98 20.0738 0.1920 car
99 22.3042 -0.4363 pedestrian
99 20.7429 -0.5411 cyclist
99 20.0738 0.1920 car
100 22.3042 -0.4363 pedestrian
100 20.2968 -0.5411 cyclist
100 20.0738 0.1920 car
101 22.3042 -0.4363 pedestrian
101 20.2968 -0.5411 cyclist
101 20.0738 0.1920 car
102 22.5272 -0.4363 pedestrian
102 20.2968 -0.5411 cyclist
102 20.0738 0.1920 car
103 22.5272 -0.4538 pedestrian
103 20.2968 -0.5411 cyclist
103 20.0738 0.1920 car
104 22.5272 -0.4538 pedestrian
104 20.2968 -0.5411 cyclist
104 20.0738 0.1920 car
105 22.5272 -0.4538 pedestrian
105 20.2968 -0.5411 cyclist
105 20.0738 0.1920 car
106 22.7503 -0.4189 pedestrian
106 20.2968 -0.5411 cyclist
106 19.8507 0.1920 car
107 22.7503 -0.4189 pedestrian
107 20.2968 -0.5411 cyclist
107 19.8507 0.1920 car
108 22.7503 -0.4189 pedestrian
108 19.6277 -0.5585 cyclist
108 19.8507 0.1920 car
109 22.7503 -0.4189 pedestrian
109 20.0738 -0.5411 cyclist
109 19.8507 0.1920 car
110 22.7503 -0.4189 pedestrian
110 19.8507 -0.5585 cyclist
110 19.8507 0.1920 car
111 22.7503 -0.4189 pedestrian
111 19.6277 -0.5760 cyclist
111 19.8507 0.1920 car
112 22.9733 -0.3840 pedestrian
112 19.6277 -0.5760 cyclist
112 19.8507 0.1920 car
113 22.9733 -0.3840 pedestrian
113 19.6277 -0.5760 cyclist
113 19.8507 0.1920 car
114 22.9733 -0.3840 pedestrian
114 19.6277 -0.5760 cyclist
114 19.8507 0.1920 car
115 22.9733 -0.3840 pedestrian
115 19.6277 -0.5760 cyclist
115 19.8507 0.1920 car
116 22.9733 -0.3840 pedestrian
116 19.6277 -0.5760 cyclist
116 19.8507 0.1920 car
117 22.9733 -0.3840 pedestrian
117 19.6277 -0.5760 cyclist
117 19.6277 0.1745 car
118 22.9733 -0.3840 pedestrian
118 19.6277 -0.5760 cyclist
118 19.6277 0.1745 car
119 22.9733 -0.3840 pedestrian
119 19.6277 -0.5760 cyclist
119 19.4046 0.1571 car
120 22.9733 -0.3665 pedestrian
120 19.6277 -0.5760 cyclist
120 19.6277 0.1571 car
121 22.9733 -0.3665 pedestrian
121 19.6277 -0.5760 cyclist
121 19.6277 0.1571 car
122 23.1963 -0.3665 pedestrian
122 19.6277 -0.5760 cyclist
122 19.6277 0.1396 car
123 23.1963 -0.3665 pedestrian
123 19.6277 -0.5760 cyclist
123 19.4046 0.1396 car
124 23.1963 -0.3665 pedestrian
124 19.6277 -0.5760 cyclist
124 19.4046 0.1396 car
125 23.1963 -0.3665 pedestrian
125 19.1816 -0.5760 cyclist
125 19.4046 0.1396 car
126 23.4194 -0.3840 pedestrian
126 19.1816 -0.5760 cyclist
126 19.1816 0.1222 car
127 23.4194 -0.3840 pedestrian
127 19.1816 -0.5760 cyclist
127 19.1816 0.1222 car
128 23.4194 -0.3840 pedestrian
128 18.9586 -0.5760 cyclist
128 19.1816 0.1222 car
129 23.4194 -0.3840 pedestrian
129 18.5125 -0.5585 cyclist
129 19.1816 0.1222 car
130 23.4194 -0.3840 pedestrian
130 18.7355 -0.5760 cyclist
130 19.1816 0.1222 car
131 23.4194 -0.3840 pedestrian
131 18.5125 -0.5760 cyclist
131 18.9586 0.0873 car
132 23.4194 -0.3840 pedestrian
132 18.5125 -0.5760 cyclist
132 18.9586 0.0873 car
133 23.4194 -0.3840 pedestrian
133 18.5125 -0.5760 cyclist
133 18.9586 0.0873 car
134 23.4194 -0.3840 pedestrian
134 18.5125 -0.5760 cyclist
134 18.9586 0.0873 car
135 23.4194 -0.3840 pedestrian
135 18.5125 -0.5760 cyclist
135 18.9586 0.0873 car
136 23.6424 -0.3840 pedestrian
136 18.7355 -0.5760 cyclist
136 18.7355 0.0873 car
137 23.6424 -0.3840 pedestrian
137 18.7355 -0.5760 cyclist
137 18.7355 0.0873 car
138 23.6424 -0.3840 pedestrian
138 18.7355 -0.5760 cyclist
138 18.7355 0.0873 car
139 23.6424 -0.3840 pedestrian
139 18.7355 -0.5760 cyclist
139 18.7355 0.0873 car
140 23.6424 -0.3840 pedestrian
140 18.5125 -0.5760 cyclist
140 18.7355 0.0873 car
141 23.6424 -0.3840 pedestrian
141 18.5125 -0.5061 cyclist
141 18.7355 0.0873 car
142 23.6424 -0.3840 pedestrian
142 18.5125 -0.5061 cyclist
142 18.2894 0.0698 car
143 23.6424 -0.3840 pedestrian
143 18.5125 -0.5061 cyclist
143 18.2894 0.0698 car
144 23.6424 -0.3840 pedestrian
144 18.5125 -0.5061 cyclist
144 18.2894 0.0698 car
145 23.6424 -0.3840 pedestrian
145 18.5125 -0.5061 cyclist
145 18.0664 0.0524 car
146 23.6424 -0.3840 pedestrian
146 18.2894 -0.5061 cyclist
146 18.0664 0.0524 car
147 23.8655 -0.3840 pedestrian
147 18.5125 -0.5061 cyclist
147 18.0664 0.0524 car
148 23.8655 -0.4014 pedestrian
148 18.0664 -0.5061 cyclist
148 18.0664 0.0524 car
149 23.8655 -0.3840 pedestrian
149 18.0664 -0.5061 cyclist
149 17.8433 0.0349 car
150 23.8655 -0.3665 pedestrian
150 18.2894 -0.5236 cyclist
150 17.8433 0.0349 car
151 24.0885 -0.3840 pedestrian
151 18.2894 -0.5411 cyclist
151 17.8433 0.0349 car
152 24.0885 -0.3665 pedestrian
152 18.0664 -0.5236 cyclist
152 17.6203 0.0349 car
153 23.8655 -0.3840 pedestrian
153 18.2894 -0.5411 cyclist
153 17.6203 0.0349 car
154 24.0885 -0.3840 pedestrian
154 18.2894 -0.5411 cyclist
154 17.6203 0.0349 car
155 24.0885 -0.3840 pedestrian
155 18.0664 -0.5236 cyclist
155 17.3973 0.0175 car
156 24.0885 -0.3665 pedestrian
156 18.2894 -0.5411 cyclist
156 17.1742 0.0000 car
157 24.0885 -0.3491 pedestrian
157 18.2894 -0.5411 cyclist
157 17.1742 0.0000 car
158 24.0885 -0.3316 pedestrian
158 18.2894 -0.5411 cyclist
158 17.1742 0.0000 car
159 24.0885 -0.3491 pedestrian
159 18.2894 -0.5236 cyclist
159 16.9512 -0.0175 car
160 24.3116 -0.3316 pedestrian
160 18.2894 -0.5236 cyclist
160 16.9512 -0.0175 car
161 24.3116 -0.3316 pedestrian
161 18.5125 -0.5585 cyclist
161 16.9512 -0.0175 car
162 24.3116 -0.3316 pedestrian
162 18.7355 -0.5585 cyclist
162 16.9512 -0.0175 car
163 24.3116 -0.3142 pedestrian
163 18.7355 -0.5585 cyclist
163 16.7281 -0.0175 car
164 24.3116 -0.3142 pedestrian
164 18.2894 -0.5760 cyclist
164 16.7281 -0.0175 car
165 24.3116 -0.3142 pedestrian
165 18.2894 -0.5760 cyclist
165 16.7281 -0.0175 car
166 24.3116 -0.3142 pedestrian
166 18.2894 -0.5760 cyclist
166 16.7281 -0.0175 car
167 24.3116 -0.3142 pedestrian
167 18.0664 -0.5760 cyclist
167 16.5051 -0.0349 car
168 24.3116 -0.2967 pedestrian
168 18.0664 -0.5760 cyclist
168 16.2821 -0.0524 car
169 24.3116 -0.2967 pedestrian
169 18.0664 -0.5760 cyclist
169 16.2821 -0.0524 car
170 24.5346 -0.2967 pedestrian
170 17.8433 -0.5934 cyclist
170 16.2821 -0.0524 car
171 24.5346 -0.2967 pedestrian
171 18.0664 -0.5760 cyclist
171 16.2821 -0.0524 car
172 24.7576 -0.2967 pedestrian
172 18.0664 -0.5760 cyclist
172 16.0590 -0.0524 car
173 24.7576 -0.3142 pedestrian
173 18.0664 -0.5760 cyclist
173 15.8360 -0.0524 car
174 24.7576 -0.3142 pedestrian
174 18.0664 -0.5760 cyclist
174 15.8360 -0.0524 car
175 24.7576 -0.3142 pedestrian
175 18.0664 -0.5760 cyclist
175 15.8360 -0.0524 car
176 24.7576 -0.3142 pedestrian
176 18.0664 -0.5760 cyclist
176 15.8360 -0.0524 car
177 24.7576 -0.3142 pedestrian
177 17.8433 -0.5934 cyclist
177 15.6129 -0.0698 car
178 24.7576 -0.3142 pedestrian
178 17.8433 -0.5934 cyclist
178 15.6129 -0.0698 car
179 24.7576 -0.3142 pedestrian
179 17.8433 -0.6109 cyclist
179 15.3899 -0.0873 car
180 24.7576 -0.3142 pedestrian
180 17.8433 -0.6109 cyclist
180 15.3899 -0.0698 car
181 24.7576 -0.3142 pedestrian
181 17.8433 -0.6109 cyclist
181 15.3899 -0.0698 car
182 24.7576 -0.3142 pedestrian
182 17.8433 -0.6109 cyclist
182 15.1668 -0.0698 car
183 24.9807 -0.2967 pedestrian
183 17.8433 -0.6109 cyclist
183 15.1668 -0.0698 car
184 24.9807 -0.2967 pedestrian
184 17.8433 -0.6109 cyclist
184 14.9438 -0.0873 car
185 24.9807 -0.2967 pedestrian
185 17.8433 -0.6109 cyclist
185 14.9438 -0.0873 car
186 24.9807 -0.2967 pedestrian
186 17.8433 -0.6283 cyclist
186 14.7208 -0.1047 car
187 24.9807 -0.2967 pedestrian
187 17.8433 -0.6458 cyclist
187 14.7208 -0.1047 car
188 24.9807 -0.2967 pedestrian
188 17.8433 -0.6458 cyclist
188 14.4977 -0.1222 car
189 24.9807 -0.2967 pedestrian
189 17.8433 -0.6458 cyclist
189 14.4977 -0.1222 car
190 24.9807 -0.2967 pedestrian
190 17.8433 -0.6458 cyclist
190 14.4977 -0.1222 car
191 24.9807 -0.2967 pedestrian
191 17.8433 -0.6458 cyclist
191 14.0516 -0.1396 car
192 17.8433 -0.6632 cyclist
192 13.8286 -0.1571 car
193 17.8433 -0.6807 cyclist
193 13.8286 -0.1571 car
194 17.8433 -0.6807 cyclist
194 13.8286 -0.1571 car
195 17.8433 -0.6807 cyclist
195 13.8286 -0.1571 car
196 17.8433 -0.6807 cyclist
196 13.6056 -0.1571 car
197 17.8433 -0.6807 cyclist
197 13.6056 -0.1571 car
198 17.8433 -0.6807 cyclist
198 13.6056 -0.1571 car
199 17.8433 -0.6981 cyclist
199 13.3825 -0.1745 car
200 17.8433 -0.6981 cyclist
200 13.3825 -0.1745 car
201 17.8433 -0.6981 cyclist
201 13.3825 -0.1745 car
202 17.8433 -0.6981 cyclist
202 13.1595 -0.1920 car
203 17.8433 -0.6981 cyclist
203 13.1595 -0.1920 car
204 17.6203 -0.6981 cyclist
204 12.9364 -0.2094 car
205 17.6203 -0.6981 cyclist
205 12.9364 -0.2094 car
206 17.6203 -0.6981 cyclist
206 12.4903 -0.2443 car
207 17.6203 -0.6981 cyclist
207 12.4903 -0.2443 car
208 17.6203 -0.6981 cyclist
208 12.4903 -0.2443 car
209 17.6203 -0.7330 cyclist
209 12.4903 -0.2443 car
210 17.6203 -0.7330 cyclist
210 12.2673 -0.2618 car
211 17.6203 -0.7330 cyclist
211 12.2673 -0.2618 car
212 17.6203 -0.7330 cyclist
212 12.0443 -0.2793 car
213 17.6203 -0.7330 cyclist
213 12.0443 -0.2793 car
214 17.6203 -0.7679 cyclist
214 11.8212 -0.2967 car
215 17.6203 -0.7679 cyclist
215 11.8212 -0.2967 car
216 17.6203 -0.8029 cyclist
216 11.5982 -0.3142 car
217 17.6203 -0.8029 cyclist
217 11.5982 -0.3142 car
218 17.6203 -0.8029 cyclist
218 11.5982 -0.3142 car
219 17.6203 -0.8029 cyclist
219 11.5982 -0.3142 car
220 17.3973 -0.7854 cyclist
220 11.3751 -0.3316 car
221 17.1742 -0.7505 cyclist
221 11.3751 -0.3316 car
222 17.1742 -0.7330 cyclist
222 10.9290 -0.3840 car
223 16.9512 -0.7330 cyclist
223 10.9290 -0.3840 car
224 17.1742 -0.7156 cyclist
224 10.9290 -0.3840 car
225 17.1742 -0.7330 cyclist
225 10.9290 -0.3840 car
226 17.1742 -0.7330 cyclist
226 10.7060 -0.4189 car
227 17.1742 -0.7330 cyclist
227 10.7060 -0.4189 car
228 16.7281 -0.7156 cyclist
228 10.7060 -0.4189 car
229 16.7281 -0.7156 cyclist
229 10.4830 -0.4363 car
230 16.7281 -0.7156 cyclist
230 10.4830 -0.4712 car
231 16.7281 -0.7156 cyclist
231 10.4830 -0.4712 car
232 16.7281 -0.7156 cyclist
232 10.2599 -0.4887 car
233 16.7281 -0.7156 cyclist
233 10.2599 -0.4887 car
234 16.5051 -0.6981 cyclist
234 10.2599 -0.4887 car
235 16.5051 -0.6981 cyclist
235 10.0369 -0.5236 car
236 16.5051 -0.6981 cyclist
236 10.0369 -0.5236 car
237 16.5051 -0.6981 cyclist
237 9.8138 -0.5585 car
238 16.5051 -0.6981 cyclist
238 9.8138 -0.5585 car
239 16.5051 -0.6981 cyclist
239 9.8138 -0.6109 car
240 16.5051 -0.6981 cyclist
240 9.8138 -0.6109 car
241 16.0590 -0.6981 cyclist
241 9.8138 -0.6458 car
242 16.0590 -0.6981 cyclist
242 9.5908 -0.6632 car
243 16.0590 -0.6981 cyclist
243 9.5908 -0.6807 car
244 16.0590 -0.6981 cyclist
244 9.3678 -0.7330 car
245 16.0590 -0.6981 cyclist
245 9.3678 -0.7330 car
246 16.0590 -0.6981 cyclist
246 9.3678 -0.7330 car
247 16.0590 -0.6981 cyclist
247 9.3678 -0.7330 car
248 16.0590 -0.6981 cyclist
248 9.3678 -0.7330 car
249 16.0590 -0.6981 cyclist
249 9.3678 -0.7330 car
250 16.0590 -0.6981 cyclist
250 9.3678 -0.7854 car
251 16.0590 -0.6981 cyclist
251 9.3678 -0.7854 car
252 16.0590 -0.6981 cyclist
252 9.3678 -0.7854 car
253 16.0590 -0.6981 cyclist
253 9.3678 -0.7854 car
254 16.0590 -0.6981 cyclist
254 9.3678 -0.7854 car
255 16.0590 -0.6981 cyclist
255 9.3678 -0.7854 car
256 16.0590 -0.6981 cyclist
256 9.3678 -0.7854 car
257 16.0590 -0.6981 cyclist
257 9.3678 -0.7854 car
258 16.0590 -0.6981 cyclist
258 9.3678 -0.7854 car
259 16.0590 -0.6981 cyclist
259 9.3678 -0.7854 car
260 16.0590 -0.6981 cyclist
260 9.3678 -0.7854 car
261 16.0590 -0.6981 cyclist
261 9.3678 -0.7854 car
262 16.0590 -0.6981 cyclist
262 9.3678 -0.7854 car
263 16.0590 -0.6981 cyclist
263 9.3678 -0.7854 car
264 16.0590 -0.6458 cyclist
264 9.3678 -0.7854 car
265 16.0590 -0.6458 cyclist
265 9.3678 -0.7854 car
266 16.0590 -0.6458 cyclist
266 9.3678 -0.7854 car
267 16.0590 -0.6458 cyclist
267 9.3678 -0.7854 car
268 16.0590 -0.6458 cyclist
268 9.3678 -0.8203 car
269 16.0590 -0.6458 cyclist
269 9.3678 -0.8203 car
270 16.0590 -0.6458 cyclist
270 9.5908 -0.8203 car
271 16.0590 -0.6458 cyclist
271 9.5908 -0.8203 car
272 16.0590 -0.6109 cyclist
272 9.5908 -0.8203 car
273 16.0590 -0.6283 cyclist
273 9.5908 -0.8203 car
274 16.0590 -0.6283 cyclist
274 9.5908 -0.8203 car
275 16.0590 -0.6283 cyclist
275 9.5908 -0.8552 car
276 16.0590 -0.6283 cyclist
276 9.5908 -0.8552 car
277 16.0590 -0.6283 cyclist
277 9.5908 -0.8552 car
278 16.0590 -0.6283 cyclist
278 9.5908 -0.8727 car
279 16.0590 -0.6283 cyclist
279 9.5908 -0.8901 car
280 16.0590 -0.6283 cyclist
280 9.5908 -0.8901 car
281 16.0590 -0.6283 cyclist
281 9.8138 -0.9076 car
282 16.0590 -0.6283 cyclist
282 9.8138 -0.9076 car
283 16.0590 -0.6283 cyclist
284 16.0590 -0.6283 cyclist
285 16.2821 -0.5760 cyclist
286 16.2821 -0.5760 cyclist
287 16.2821 -0.5760 cyclist
288 16.2821 -0.5760 cyclist
289 16.2821 -0.5760 cyclist
290 16.2821 -0.5760 cyclist
291 16.2821 -0.5760 cyclist
292 16.2821 -0.5760 cyclist
293 16.2821 -0.5760 cyclist
294 16.2821 -0.5760 cyclist
295 16.5051 -0.5585 cyclist
296 16.5051 -0.5585 cyclist
297 16.5051 -0.5585 cyclist
298 16.5051 -0.5411 cyclist
299 16.5051 -0.5411 cyclist
300 16.5051 -0.5411 cyclist
301 16.5051 -0.5411 cyclist
302 16.5051 -0.5411 cyclist
303 16.7281 -0.5411 cyclist
304 16.7281 -0.5411 cyclist
305 16.7281 -0.5411 cyclist
306 16.7281 -0.5411 cyclist
307 17.1742 -0.5236 cyclist
308 17.1742 -0.5236 cyclist
309 17.1742 -0.5236 cyclist
310 17.1742 -0.5236 cyclist
311 17.1742 -0.5236 cyclist
312 17.6203 -0.4887 cyclist
313 17.6203 -0.4887 cyclist
314 17.6203 -0.4887 cyclist
315 17.6203 -0.4887 cyclist
316 17.6203 -0.4887 cyclist
317 17.6203 -0.4887 cyclist
318 17.8433 -0.4887 cyclist
319 17.8433 -0.4887 cyclist
320 17.8433 -0.4887 cyclist
321 17.8433 -0.4887 cyclist
322 17.8433 -0.4887 cyclist
323 17.8433 -0.4887 cyclist
324 18.0664 -0.4887 cyclist
325 18.0664 -0.4887 cyclist
326 24.9807 -0.4014 pedestrian
326 18.0664 -0.4538 cyclist
327 24.9807 -0.4014 pedestrian
327 18.0664 -0.4538 cyclist
328 24.9807 -0.4014 pedestrian
328 18.0664 -0.4538 cyclist
329 24.9807 -0.4014 pedestrian
329 18.2894 -0.4538 cyclist
330 24.9807 -0.4014 pedestrian
330 18.2894 -0.4538 cyclist
331 24.9807 -0.4014 pedestrian
331 18.2894 -0.4538 cyclist
332 24.9807 -0.4014 pedestrian
332 18.2894 -0.4538 cyclist
333 24.9807 -0.4014 pedestrian
333 18.2894 -0.4538 cyclist
334 24.9807 -0.4014 pedestrian
334 18.2894 -0.4538 cyclist
335 24.9807 -0.4014 pedestrian
335 18.5125 -0.4363 cyclist
336 24.9807 -0.4014 pedestrian
336 18.5125 -0.4363 cyclist
337 24.9807 -0.4014 pedestrian
337 18.5125 -0.4363 cyclist
338 24.7576 -0.4014 pedestrian
338 18.5125 -0.4363 cyclist
339 24.7576 -0.4014 pedestrian
339 18.5125 -0.4363 cyclist
340 24.7576 -0.4014 pedestrian
340 18.5125 -0.4363 cyclist
341 24.7576 -0.4014 pedestrian
341 18.7355 -0.4363 cyclist
342 24.7576 -0.4014 pedestrian
342 18.7355 -0.4363 cyclist
343 24.7576 -0.4014 pedestrian
343 18.5125 -0.4538 cyclist
344 24.7576 -0.4014 pedestrian
344 18.5125 -0.4538 cyclist
345 24.7576 -0.4014 pedestrian
345 18.5125 -0.4538 cyclist
346 24.7576 -0.4014 pedestrian
346 18.7355 -0.4363 cyclist
347 24.5346 -0.4014 pedestrian
347 18.7355 -0.4363 cyclist
348 24.5346 -0.4014 pedestrian
348 18.7355 -0.4363 cyclist
349 24.5346 -0.4014 pedestrian
349 18.7355 -0.4363 cyclist
350 24.5346 -0.4014 pedestrian
350 18.9586 -0.4363 cyclist
351 24.5346 -0.4014 pedestrian
351 19.1816 -0.4189 cyclist
352 24.5346 -0.4014 pedestrian
352 19.1816 -0.4189 cyclist
353 24.5346 -0.4014 pedestrian
353 19.1816 -0.4189 cyclist
354 24.3116 -0.4189 pedestrian
354 19.1816 -0.4189 cyclist
355 24.3116 -0.4189 pedestrian
355 19.1816 -0.4189 cyclist
356 24.3116 -0.4189 pedestrian
356 19.1816 -0.4189 cyclist
357 24.3116 -0.4189 pedestrian
357 19.4046 -0.4189 cyclist
358 24.0885 -0.4189 pedestrian
358 19.4046 -0.4189 cyclist
359 24.0885 -0.4189 pedestrian
359 19.4046 -0.4189 cyclist
360 24.0885 -0.4189 pedestrian
360 19.4046 -0.4189 cyclist
361 24.0885 -0.4189 pedestrian
361 19.6277 -0.4189 cyclist
362 23.8655 -0.4538 pedestrian
362 19.6277 -0.4189 cyclist
363 23.8655 -0.4538 pedestrian
363 19.6277 -0.4189 cyclist
364 23.8655 -0.4538 pedestrian
364 19.6277 -0.4189 cyclist
365 23.8655 -0.4538 pedestrian
365 19.6277 -0.4189 cyclist
366 23.8655 -0.4538 pedestrian
366 19.8507 -0.4014 cyclist
367 23.8655 -0.4538 pedestrian
367 19.8507 -0.4014 cyclist
368 23.8655 -0.4538 pedestrian
368 20.0738 -0.3665 cyclist
369 23.8655 -0.4538 pedestrian
369 20.0738 -0.3665 cyclist
370 23.8655 -0.4538 pedestrian
370 20.0738 -0.3665 cyclist
371 23.8655 -0.4538 pedestrian
371 20.0738 -0.3665 cyclist
372 23.8655 -0.4538 pedestrian
372 20.2968 -0.3665 cyclist
373 23.8655 -0.4538 pedestrian
373 20.2968 -0.3665 cyclist
374 23.8655 -0.4538 pedestrian
374 20.2968 -0.3665 cyclist
375 23.6424 -0.4538 pedestrian
375 20.2968 -0.3665 cyclist
376 23.6424 -0.4538 pedestrian
376 20.2968 -0.3665 cyclist
377 23.6424 -0.4538 pedestrian
377 20.2968 -0.3665 cyclist
378 23.6424 -0.4538 pedestrian
378 20.2968 -0.3665 cyclist
379 23.6424 -0.4538 pedestrian
379 20.2968 -0.3665 cyclist
380 23.6424 -0.4538 pedestrian
380 20.2968 -0.3665 cyclist
381 23.6424 -0.4538 pedestrian
381 20.2968 -0.3665 cyclist
382 23.6424 -0.4538 pedestrian
382 20.7429 -0.3665 cyclist
383 23.6424 -0.4538 pedestrian
383 20.7429 -0.3665 cyclist
384 23.6424 -0.4538 pedestrian
384 20.7429 -0.3665 cyclist
385 23.4194 -0.4538 pedestrian
385 20.7429 -0.3665 cyclist
386 23.4194 -0.4538 pedestrian
386 20.7429 -0.3665 cyclist
387 23.4194 -0.4538 pedestrian
387 20.7429 -0.3665 cyclist
388 23.4194 -0.4538 pedestrian
388 21.1890 -0.3665 cyclist
389 23.4194 -0.4538 pedestrian
389 21.1890 -0.3665 cyclist
390 23.1963 -0.4538 pedestrian
390 21.1890 -0.3665 cyclist
391 23.1963 -0.4538 pedestrian
391 21.1890 -0.3665 cyclist
392 22.9733 -0.4538 pedestrian
392 21.1890 -0.3665 cyclist
393 22.9733 -0.4538 pedestrian
393 21.1890 -0.3665 cyclist
394 22.9733 -0.4538 pedestrian
394 21.1890 -0.3665 cyclist
395 22.9733 -0.4538 pedestrian
395 21.1890 -0.3665 cyclist
396 22.9733 -0.4538 pedestrian
396 21.1890 -0.3665 cyclist
397 22.9733 -0.4538 pedestrian
397 21.4120 -0.3491 cyclist
398 22.9733 -0.4538 pedestrian
398 21.4120 -0.3491 cyclist
399 22.9733 -0.4538 pedestrian
399 21.4120 -0.3491 cyclist
400 22.9733 -0.4538 pedestrian
400 21.4120 -0.3491 cyclist
401 22.9733 -0.4538 pedestrian
401 21.4120 -0.3491 cyclist
402 22.9733 -0.4538 pedestrian
402 21.4120 -0.3491 cyclist
403 22.5272 -0.4538 pedestrian
403 21.6351 -0.3491 cyclist
404 22.5272 -0.4538 pedestrian
404 21.6351 -0.3491 cyclist
405 22.5272 -0.4538 pedestrian
405 21.6351 -0.3491 cyclist
406 22.5272 -0.4538 pedestrian
406 21.6351 -0.3142 cyclist
407 22.5272 -0.4538 pedestrian
407 21.6351 -0.3142 cyclist
408 22.5272 -0.4538 pedestrian
408 21.6351 -0.3142 cyclist
409 22.3042 -0.4538 pedestrian
409 21.6351 -0.3142 cyclist
410 22.3042 -0.4538 pedestrian
410 21.8581 -0.3142 cyclist
411 22.3042 -0.4538 pedestrian
411 21.8581 -0.3142 cyclist
412 22.3042 -0.4538 pedestrian
412 22.3042 -0.3142 cyclist
413 22.3042 -0.4538 pedestrian
413 22.7503 -0.3142 cyclist
414 22.3042 -0.4538 pedestrian
414 22.7503 -0.3142 cyclist
415 22.3042 -0.4538 pedestrian
415 22.7503 -0.3142 cyclist
416 22.3042 -0.4538 pedestrian
416 22.7503 -0.3142 cyclist
417 22.0811 -0.4538 pedestrian
417 22.9733 -0.2967 cyclist
418 22.0811 -0.4538 pedestrian
418 23.1963 -0.2967 cyclist
419 22.0811 -0.4538 pedestrian
419 23.1963 -0.2967 cyclist
420 22.0811 -0.4538 pedestrian
420 23.1963 -0.2967 cyclist
421 22.0811 -0.4538 pedestrian
421 23.1963 -0.2967 cyclist
422 22.0811 -0.4538 pedestrian
422 23.1963 -0.2967 cyclist
423 22.0811 -0.4538 pedestrian
423 23.4194 -0.2793 cyclist
424 21.8581 -0.4538 pedestrian
424 23.4194 -0.3142 cyclist
425 21.8581 -0.4538 pedestrian
425 23.6424 -0.2793 cyclist
426 21.8581 -0.4538 pedestrian
426 23.1963 -0.2793 cyclist
427 21.6351 -0.4538 pedestrian
427 23.1963 -0.2793 cyclist
428 21.6351 -0.4538 pedestrian
428 23.1963 -0.2793 cyclist
429 21.6351 -0.4538 pedestrian
429 23.1963 -0.2793 cyclist
430 21.6351 -0.4538 pedestrian
430 23.4194 -0.2793 cyclist
431 21.6351 -0.4538 pedestrian
431 23.4194 -0.2793 cyclist
432 21.6351 -0.4538 pedestrian
432 23.4194 -0.2793 cyclist
433 21.6351 -0.4538 pedestrian
433 23.4194 -0.2793 cyclist
434 21.6351 -0.4538 pedestrian
434 23.4194 -0.2793 cyclist
435 21.6351 -0.4538 pedestrian
435 23.4194 -0.2793 cyclist
436 21.6351 -0.4538 pedestrian
436 23.4194 -0.2793 cyclist
437 21.6351 -0.4538 pedestrian
437 23.4194 -0.2793 cyclist
438 21.6351 -0.4538 pedestrian
438 23.4194 -0.2793 cyclist
439 21.1890 -0.4538 pedestrian
439 23.4194 -0.2793 cyclist
440 21.1890 -0.4538 pedestrian
440 23.4194 -0.2793 cyclist
441 21.1890 -0.4538 pedestrian
441 23.4194 -0.2793 cyclist
442 21.1890 -0.4538 pedestrian
442 23.4194 -0.2793 cyclist
443 21.1890 -0.4538 pedestrian
443 23.4194 -0.2793 cyclist
444 21.1890 -0.4538 pedestrian
444 23.4194 -0.2793 cyclist
445 20.9659 -0.4538 pedestrian
445 23.4194 -0.2793 cyclist
446 20.9659 -0.4538 pedestrian
446 23.6424 -0.2793 cyclist
447 20.9659 -0.4538 pedestrian
447 23.6424 -0.2793 cyclist
448 20.7429 -0.4538 pedestrian
448 23.8655 -0.2618 cyclist
449 20.7429 -0.4538 pedestrian
449 23.8655 -0.2618 cyclist
450 20.7429 -0.4538 pedestrian
450 24.0885 -0.2443 cyclist
451 20.7429 -0.4538 pedestrian
451 24.0885 -0.2443 cyclist
452 20.7429 -0.4538 pedestrian
452 24.0885 -0.2443 cyclist
453 20.7429 -0.4538 pedestrian
453 24.0885 -0.2443 cyclist
454 20.7429 -0.4538 pedestrian
454 24.0885 -0.2443 cyclist
455 20.7429 -0.4538 pedestrian
455 24.0885 -0.2443 cyclist
456 20.5198 -0.4538 pedestrian
456 24.0885 -0.2443 cyclist
457 20.5198 -0.4538 pedestrian
457 24.0885 -0.2443 cyclist
458 20.5198 -0.4538 pedestrian
458 24.0885 -0.2443 cyclist
459 20.5198 -0.4538 pedestrian
459 24.0885 -0.2443 cyclist
460 20.5198 -0.4538 pedestrian
460 24.5346 -0.2443 cyclist
461 20.5198 -0.4538 pedestrian
461 24.5346 -0.2443 cyclist
462 20.2968 -0.4538 pedestrian
462 24.5346 -0.2443 cyclist
463 20.2968 -0.4538 pedestrian
463 24.7576 -0.2618 cyclist
464 20.2968 -0.4538 pedestrian
464 24.7576 -0.2618 cyclist
465 20.2968 -0.4538 pedestrian
465 24.7576 -0.2618 cyclist
466 20.0738 -0.4538 pedestrian
466 24.7576 -0.2618 cyclist
467 20.0738 -0.4538 pedestrian
467 24.7576 -0.2618 cyclist
468 20.0738 -0.4538 pedestrian
468 24.7576 -0.2443 cyclist
469 20.0738 -0.4538 pedestrian
469 24.9807 -0.2618 cyclist
470 20.0738 -0.4538 pedestrian
470 24.9807 -0.2618 cyclist
471 20.0738 -0.4538 pedestrian
472 19.8507 -0.4538 pedestrian
473 19.8507 -0.4538 pedestrian
473 24.9807 -0.2618 cyclist
474 19.8507 -0.4538 pedestrian
475 19.8507 -0.4538 pedestrian
476 19.8507 -0.4538 pedestrian
477 19.8507 -0.4538 pedestrian
478 19.6277 -0.4538 pedestrian
479 19.6277 -0.4538 pedestrian
480 19.6277 -0.4538 pedestrian
481 19.6277 -0.4538 pedestrian
482 19.6277 -0.4712 pedestrian
483 19.6277 -0.4538 pedestrian
484 19.4046 -0.4712 pedestrian
485 19.4046 -0.4887 pedestrian
486 19.4046 -0.4887 pedestrian
487 19.4046 -0.4887 pedestrian
488 19.4046 -0.4887 pedestrian
489 19.4046 -0.4887 pedestrian
490 19.4046 -0.4887 pedestrian
491 19.4046 -0.4887 pedestrian
492 19.4046 -0.4887 pedestrian
493 19.1816 -0.4887 pedestrian
494 19.1816 -0.4887 pedestrian
495 19.1816 -0.4887 pedestrian
496 19.1816 -0.4887 pedestrian
497 19.1816 -0.4887 pedestrian
498 19.1816 -0.4887 pedestrian
499 19.1816 -0.4887 pedestrian
500 19.1816 -0.4887 pedestrian
501 18.9586 -0.4712 pedestrian
502 18.9586 -0.4712 pedestrian
503 18.9586 -0.4712 pedestrian
504 18.9586 -0.4712 pedestrian
505 18.9586 -0.4712 pedestrian
506 18.9586 -0.4712 pedestrian
507 18.9586 -0.4712 pedestrian
508 18.9586 -0.4712 pedestrian
509 18.9586 -0.4712 pedestrian
510 18.9586 -0.4712 pedestrian
511 18.9586 -0.4712 pedestrian
512 18.9586 -0.4712 pedestrian
513 18.9586 -0.4712 pedestrian
514 18.9586 -0.4712 pedestrian
515 18.9586 -0.4712 pedestrian
516 18.9586 -0.4712 pedestrian
517 18.9586 -0.4712 pedestrian
518 18.9586 -0.4712 pedestrian
519 18.9586 -0.4887 pedestrian
520 18.9586 -0.4887 pedestrian
521 18.9586 -0.4887 pedestrian
522 18.9586 -0.4887 pedestrian
523 18.9586 -0.4887 pedestrian
524 18.9586 -0.4887 pedestrian
525 18.9586 -0.4887 pedestrian
526 18.9586 -0.4887 pedestrian
527 18.9586 -0.4887 pedestrian
528 18.9586 -0.4887 pedestrian
529 18.9586 -0.4887 pedestrian
530 18.9586 -0.4887 pedestrian
531 18.9586 -0.4887 pedestrian
532 18.9586 -0.4887 pedestrian
533 19.1816 -0.5061 pedestrian
534 19.1816 -0.5061 pedestrian
535 19.1816 -0.5061 pedestrian
536 19.1816 -0.5061 pedestrian
537 19.1816 -0.5061 pedestrian
538 19.1816 -0.5061 pedestrian
539 19.1816 -0.5061 pedestrian
540 19.1816 -0.5061 pedestrian
541 19.1816 -0.5061 pedestrian
542 19.4046 -0.5061 pedestrian
543 19.4046 -0.5061 pedestrian
544 19.4046 -0.5061 pedestrian
545 19.4046 -0.5061 pedestrian
546 19.4046 -0.5061 pedestrian
547 19.4046 -0.5061 pedestrian
548 19.4046 -0.5061 pedestrian
549 19.4046 -0.5061 pedestrian
550 19.4046 -0.5061 pedestrian
551 19.6277 -0.5061 pedestrian
552 19.6277 -0.5061 pedestrian
553 19.6277 -0.5061 pedestrian
554 19.6277 -0.5061 pedestrian
555 19.6277 -0.4887 pedestrian
556 19.6277 -0.4887 pedestrian
557 19.6277 -0.4887 pedestrian
558 19.6277 -0.4887 pedestrian
559 19.6277 -0.4887 pedestrian
560 19.6277 -0.4887 pedestrian
561 19.6277 -0.4887 pedestrian
562 19.6277 -0.4887 pedestrian
563 19.6277 -0.4887 pedestrian
564 19.6277 -0.4887 pedestrian
565 19.6277 -0.4887 pedestrian
566 19.6277 -0.4887 pedestrian
567 19.6277 -0.4887 pedestrian
568 19.6277 -0.4887 pedestrian
569 19.6277 -0.4887 pedestrian
570 19.8507 -0.4887 pedestrian
571 19.8507 -0.4887 pedestrian
572 19.8507 -0.4887 pedestrian
573 19.8507 -0.4887 pedestrian
574 19.8507 -0.4887 pedestrian
575 19.8507 -0.4887 pedestrian
576 19.8507 -0.4887 pedestrian
577 19.8507 -0.4887 pedestrian
578 20.0738 -0.4538 pedestrian
579 20.0738 -0.4538 pedestrian
580 20.0738 -0.4538 pedestrian
581 20.0738 -0.4538 pedestrian
582 20.0738 -0.4538 pedestrian
583 20.0738 -0.4538 pedestrian
584 20.0738 -0.4538 pedestrian
585 20.2968 -0.4538 pedestrian
586 20.2968 -0.4538 pedestrian
587 20.2968 -0.4538 pedestrian
588 20.2968 -0.4538 pedestrian
589 20.2968 -0.4538 pedestrian
590 20.2968 -0.4538 pedestrian
591 20.2968 -0.4538 pedestrian
592 20.2968 -0.4538 pedestrian
593 20.2968 -0.4538 pedestrian
594 20.2968 -0.4538 pedestrian
595 20.2968 -0.4538 pedestrian
596 20.2968 -0.4538 pedestrian
597 20.2968 -0.4538 pedestrian
598 20.2968 -0.4538 pedestrian
599 20.2968 -0.4538 pedestrian
600 20.2968 -0.4538 pedestrian
601 20.2968 -0.4538 pedestrian
602 20.2968 -0.4189 pedestrian
603 20.2968 -0.4189 pedestrian
604 20.2968 -0.4189 pedestrian
605 20.2968 -0.4189 pedestrian
606 20.2968 -0.4189 pedestrian
607 20.2968 -0.4189 pedestrian
608 20.5198 -0.4014 pedestrian
609 20.5198 -0.4014 pedestrian
610 20.5198 -0.4014 pedestrian
611 20.5198 -0.4014 pedestrian
612 20.5198 -0.4014 pedestrian
613 20.5198 -0.4014 pedestrian
614 20.5198 -0.4014 pedestrian
615 20.5198 -0.4014 pedestrian
616 20.5198 -0.4014 pedestrian
617 20.7429 -0.3665 pedestrian
618 20.7429 -0.4014 pedestrian
619 20.7429 -0.4014 pedestrian
620 20.7429 -0.4014 pedestrian
621 20.7429 -0.4014 pedestrian
622 20.7429 -0.4014 pedestrian
623 20.7429 -0.3840 pedestrian
624 20.7429 -0.3840 pedestrian
625 20.7429 -0.3840 pedestrian
626 20.7429 -0.3840 pedestrian
627 20.7429 -0.3840 pedestrian
628 20.7429 -0.3840 pedestrian
629 20.7429 -0.3840 pedestrian
630 20.7429 -0.3840 pedestrian
631 20.7429 -0.3840 pedestrian
632 20.7429 -0.3840 pedestrian
633 20.7429 -0.3840 pedestrian
634 20.7429 -0.3840 pedestrian
635 20.7429 -0.3840 pedestrian
636 20.7429 -0.3840 pedestrian
637 20.9659 -0.3665 pedestrian
638 20.9659 -0.3665 pedestrian
639 20.9659 -0.3665 pedestrian
640 20.9659 -0.3665 pedestrian
641 20.9659 -0.3665 pedestrian
642 20.9659 -0.3665 pedestrian
643 20.9659 -0.3665 pedestrian
644 20.9659 -0.3665 pedestrian
645 20.9659 -0.3665 pedestrian
646 20.9659 -0.3491 pedestrian
647 20.9659 -0.3491 pedestrian
648 20.9659 -0.3491 pedestrian
649 21.1890 -0.3491 pedestrian
650 21.1890 -0.3491 pedestrian
651 21.1890 -0.3491 pedestrian
652 21.4120 -0.3491 pedestrian
653 21.4120 -0.3491 pedestrian
654 21.4120 -0.3491 pedestrian
655 21.4120 -0.3491 pedestrian
656 21.4120 -0.3142 pedestrian
657 21.4120 -0.3142 pedestrian
658 21.4120 -0.3142 pedestrian
658 24.7576 -0.3665 cyclist
659 21.4120 -0.3142 pedestrian
659 24.7576 -0.3665 cyclist
660 21.4120 -0.3142 pedestrian
660 24.7576 -0.3665 cyclist
661 21.4120 -0.3142 pedestrian
661 24.7576 -0.3665 cyclist
662 21.4120 -0.3142 pedestrian
662 24.7576 -0.3665 cyclist
663 21.4120 -0.3142 pedestrian
663 24.7576 -0.3665 cyclist
664 21.4120 -0.3142 pedestrian
664 24.7576 -0.3665 cyclist
665 21.4120 -0.3142 pedestrian
665 24.7576 -0.3665 cyclist
666 21.6351 -0.3142 pedestrian
666 24.5346 -0.3840 cyclist
667 21.6351 -0.3142 pedestrian
667 24.5346 -0.3840 cyclist
668 21.6351 -0.3142 pedestrian
668 24.5346 -0.3665 cyclist
669 21.6351 -0.3142 pedestrian
669 24.5346 -0.3665 cyclist
670 21.6351 -0.3142 pedestrian
670 24.5346 -0.3665 cyclist
671 21.6351 -0.3142 pedestrian
671 24.5346 -0.3665 cyclist
672 21.8581 -0.2967 pedestrian
672 24.5346 -0.3665 cyclist
673 21.8581 -0.2967 pedestrian
673 24.5346 -0.3665 cyclist
674 21.8581 -0.2967 pedestrian
674 24.5346 -0.3665 cyclist
675 21.8581 -0.2967 pedestrian
675 24.5346 -0.3665 cyclist
676 21.8581 -0.2967 pedestrian
676 24.5346 -0.3665 cyclist
677 21.8581 -0.2967 pedestrian
677 24.5346 -0.3665 cyclist
678 21.8581 -0.2967 pedestrian
678 24.5346 -0.3665 cyclist
679 21.8581 -0.2967 pedestrian
679 24.5346 -0.3665 cyclist
680 21.8581 -0.2967 pedestrian
680 24.5346 -0.3665 cyclist
681 22.0811 -0.2967 pedestrian
681 23.8655 -0.4014 cyclist
682 22.0811 -0.2967 pedestrian
682 23.8655 -0.4014 cyclist
683 22.0811 -0.2967 pedestrian
683 23.8655 -0.4014 cyclist
684 22.0811 -0.2967 pedestrian
684 23.8655 -0.4014 cyclist
685 22.0811 -0.2967 pedestrian
685 23.8655 -0.4014 cyclist
686 22.0811 -0.2967 pedestrian
686 23.8655 -0.4014 cyclist
687 22.3042 -0.2618 pedestrian
687 23.8655 -0.4014 cyclist
688 22.3042 -0.2618 pedestrian
688 23.8655 -0.4014 cyclist
689 22.3042 -0.2618 pedestrian
689 23.8655 -0.4014 cyclist
690 22.3042 -0.2618 pedestrian
690 23.8655 -0.4014 cyclist
691 22.3042 -0.2618 pedestrian
691 23.8655 -0.4014 cyclist
692 22.3042 -0.2618 pedestrian
692 23.8655 -0.4014 cyclist
693 22.3042 -0.2618 pedestrian
693 23.8655 -0.4014 cyclist
694 22.5272 -0.2793 pedestrian
694 23.8655 -0.4014 cyclist
695 22.5272 -0.2793 pedestrian
695 23.8655 -0.4014 cyclist
696 22.5272 -0.2793 pedestrian
696 23.8655 -0.4014 cyclist
697 22.5272 -0.2793 pedestrian
697 23.8655 -0.4014 cyclist
698 22.5272 -0.2793 pedestrian
698 23.8655 -0.4014 cyclist
699 22.5272 -0.2793 pedestrian
699 23.8655 -0.4014 cyclist
700 22.7503 -0.2793 pedestrian
700 23.8655 -0.4014 cyclist
701 22.7503 -0.2793 pedestrian
701 23.4194 -0.4014 cyclist
702 22.7503 -0.2793 pedestrian
702 23.4194 -0.4014 cyclist
703 22.7503 -0.2793 pedestrian
703 23.4194 -0.4014 cyclist
704 22.7503 -0.2793 pedestrian
704 23.1963 -0.4014 cyclist
705 22.7503 -0.2793 pedestrian
705 23.1963 -0.4014 cyclist
706 22.7503 -0.2793 pedestrian
706 23.1963 -0.4014 cyclist
707 22.7503 -0.2793 pedestrian
707 23.1963 -0.4014 cyclist
708 22.7503 -0.2793 pedestrian
708 23.1963 -0.4014 cyclist
709 22.7503 -0.2793 pedestrian
709 23.1963 -0.4014 cyclist
710 22.7503 -0.2793 pedestrian
710 23.1963 -0.4014 cyclist
711 23.1963 -0.2618 pedestrian
711 23.1963 -0.4014 cyclist
712 23.1963 -0.2618 pedestrian
712 23.1963 -0.4014 cyclist
713 23.1963 -0.2618 pedestrian
713 23.1963 -0.4014 cyclist
714 23.1963 -0.2618 pedestrian
714 23.1963 -0.4014 cyclist
715 23.1963 -0.2618 pedestrian
715 23.1963 -0.4014 cyclist
716 23.1963 -0.2618 pedestrian
716 23.1963 -0.4014 cyclist
717 23.1963 -0.2618 pedestrian
717 23.1963 -0.4014 cyclist
718 23.1963 -0.2618 pedestrian
718 22.7503 -0.4363 cyclist
719 23.1963 -0.2618 pedestrian
719 22.7503 -0.4363 cyclist
720 23.4194 -0.2618 pedestrian
720 22.7503 -0.4363 cyclist
721 23.4194 -0.2618 pedestrian
721 22.7503 -0.4363 cyclist
722 23.4194 -0.2618 pedestrian
722 22.7503 -0.4363 cyclist
723 23.4194 -0.2618 pedestrian
723 22.7503 -0.4363 cyclist
724 23.6424 -0.2618 pedestrian
724 22.7503 -0.4363 cyclist
725 23.6424 -0.2618 pedestrian
725 22.7503 -0.4363 cyclist
726 23.6424 -0.2618 pedestrian
726 22.7503 -0.4363 cyclist
727 23.6424 -0.2618 pedestrian
727 22.7503 -0.4363 cyclist
728 23.6424 -0.2618 pedestrian
728 22.7503 -0.4363 cyclist
729 23.8655 -0.2618 pedestrian
729 22.7503 -0.4363 cyclist
730 23.8655 -0.2618 pedestrian
730 22.7503 -0.4363 cyclist
731 23.8655 -0.2618 pedestrian
731 22.7503 -0.4363 cyclist
732 23.8655 -0.2618 pedestrian
732 22.7503 -0.4363 cyclist
733 23.8655 -0.2618 pedestrian
733 22.7503 -0.4363 cyclist
734 23.8655 -0.2618 pedestrian
734 22.7503 -0.4363 cyclist
735 23.8655 -0.2618 pedestrian
735 22.7503 -0.4363 cyclist
736 23.8655 -0.2618 pedestrian
736 22.7503 -0.4363 cyclist
737 23.8655 -0.2618 pedestrian
737 22.7503 -0.4363 cyclist
738 24.3116 -0.2618 pedestrian
738 22.7503 -0.4363 cyclist
739 24.3116 -0.2618 pedestrian
739 22.7503 -0.4363 cyclist
740 24.3116 -0.2618 pedestrian
740 22.7503 -0.4363 cyclist
741 24.3116 -0.2618 pedestrian
741 22.7503 -0.4363 cyclist
742 24.3116 -0.2618 pedestrian
742 22.7503 -0.4363 cyclist
743 24.3116 -0.2618 pedestrian
743 22.7503 -0.4363 cyclist
744 24.3116 -0.2618 pedestrian
744 22.7503 -0.4363 cyclist
745 24.3116 -0.2618 pedestrian
745 22.3042 -0.4538 cyclist
746 24.3116 -0.2618 pedestrian
746 22.3042 -0.4538 cyclist
747 24.5346 -0.2618 pedestrian
747 22.3042 -0.4538 cyclist
748 24.5346 -0.2618 pedestrian
748 22.3042 -0.4538 cyclist
749 24.5346 -0.2618 pedestrian
749 22.3042 -0.4538 cyclist
750 24.5346 -0.2618 pedestrian
750 22.3042 -0.4538 cyclist
751 24.5346 -0.2618 pedestrian
751 22.3042 -0.4538 cyclist
752 24.7576 -0.2793 pedestrian
752 22.3042 -0.4538 cyclist
753 24.7576 -0.2793 pedestrian
753 22.3042 -0.4538 cyclist
754 24.7576 -0.2793 pedestrian
754 22.3042 -0.4538 cyclist
755 24.7576 -0.2793 pedestrian
755 22.3042 -0.4538 cyclist
756 24.7576 -0.2793 pedestrian
756 22.3042 -0.4538 cyclist
757 24.7576 -0.2793 pedestrian
757 22.3042 -0.4538 cyclist
758 24.9807 -0.2618 pedestrian
758 22.0811 -0.4887 cyclist
759 24.9807 -0.2618 pedestrian
759 22.0811 -0.4887 cyclist
760 24.9807 -0.2618 pedestrian
760 22.0811 -0.4887 cyclist
761 24.9807 -0.2618 pedestrian
761 22.0811 -0.4887 cyclist
762 21.8581 -0.4887 cyclist
763 21.8581 -0.4887 cyclist
764 21.8581 -0.4887 cyclist
765 21.8581 -0.4887 cyclist
766 21.8581 -0.4887 cyclist
767 21.8581 -0.4887 cyclist
768 21.8581 -0.4887 cyclist
769 21.8581 -0.4887 cyclist
770 21.8581 -0.4887 cyclist
771 21.6351 -0.4887 cyclist
772 21.6351 -0.4887 cyclist
773 21.6351 -0.4887 cyclist
774 21.4120 -0.4887 cyclist
775 21.4120 -0.4887 cyclist
776 21.4120 -0.4887 cyclist
777 21.4120 -0.4887 cyclist
778 21.4120 -0.4887 cyclist
779 21.4120 -0.4887 cyclist
780 21.4120 -0.4887 cyclist
781 21.4120 -0.4887 cyclist
782 21.4120 -0.4887 cyclist
783 21.1890 -0.5061 cyclist
784 21.1890 -0.5061 cyclist
785 21.1890 -0.5061 cyclist
786 21.1890 -0.5061 cyclist
787 21.1890 -0.5061 cyclist
788 21.1890 -0.5061 cyclist
789 21.1890 -0.5061 cyclist
790 20.7429 -0.5061 cyclist
791 20.7429 -0.5061 cyclist
792 20.7429 -0.5061 cyclist
793 20.7429 -0.5061 cyclist
794 20.5198 -0.5061 cyclist
795 20.5198 -0.5061 cyclist
796 20.5198 -0.5061 cyclist
797 20.5198 -0.5061 cyclist
798 20.0738 -0.5061 cyclist
799 20.0738 -0.5061 cyclist
800 20.0738 -0.5061 cyclist
801 20.0738 -0.5061 cyclist
802 20.0738 -0.5061 cyclist
803 20.0738 -0.5061 cyclist
804 20.0738 -0.5061 cyclist
805 20.0738 -0.5061 cyclist
806 20.0738 -0.5061 cyclist
807 20.0738 -0.5061 cyclist
808 20.0738 -0.5061 cyclist
809 19.8507 -0.5061 cyclist
810 19.8507 -0.5061 cyclist
811 19.8507 -0.5061 cyclist
812 19.8507 -0.5061 cyclist
813 19.8507 -0.5061 cyclist
814 19.6277 -0.5061 cyclist
815 19.6277 -0.5061 cyclist
816 19.6277 -0.5061 cyclist
817 19.6277 -0.5061 cyclist
818 19.6277 -0.5061 cyclist
819 19.6277 -0.5061 cyclist
820 19.6277 -0.5061 cyclist
821 19.6277 -0.5061 cyclist
822 19.6277 -0.5061 cyclist
823 19.8507 -0.4712 cyclist
824 19.6277 -0.4538 cyclist
825 19.6277 -0.4538 cyclist
826 19.6277 -0.4538 cyclist
827 19.6277 -0.4538 cyclist
828 19.6277 -0.4538 cyclist
829 19.6277 -0.4538 cyclist
830 19.6277 -0.4538 cyclist
831 19.6277 -0.4538 cyclist
832 19.6277 -0.4538 cyclist
833 19.6277 -0.4538 cyclist
834 19.6277 -0.4538 cyclist
835 19.6277 -0.4363 cyclist
836 19.6277 -0.4363 cyclist
837 19.6277 -0.4363 cyclist
838 19.6277 -0.4363 cyclist
839 19.6277 -0.4363 cyclist
840 19.6277 -0.4363 cyclist
841 19.6277 -0.4363 cyclist
842 19.6277 -0.4189 cyclist
843 19.6277 -0.4189 cyclist
844 19.6277 -0.4189 cyclist
845 19.6277 -0.4189 cyclist
846 19.6277 -0.4189 cyclist
847 19.6277 -0.4189 cyclist
848 19.8507 -0.3840 cyclist
849 19.8507 -0.3840 cyclist
850 19.8507 -0.3840 cyclist
851 19.8507 -0.3840 cyclist
852 19.8507 -0.3840 cyclist
853 20.0738 -0.3665 cyclist
854 20.0738 -0.3665 cyclist
855 20.0738 -0.3665 cyclist
856 20.0738 -0.3665 cyclist
857 20.0738 -0.3665 cyclist
858 20.0738 -0.3665 cyclist
859 20.0738 -0.3665 cyclist
860 20.0738 -0.3665 cyclist
861 20.0738 -0.3665 cyclist
862 20.2968 -0.3665 cyclist
863 20.2968 -0.3665 cyclist
864 20.2968 -0.3665 cyclist
865 20.2968 -0.3665 cyclist
866 20.2968 -0.3665 cyclist
867 20.2968 -0.3665 cyclist
868 20.2968 -0.3665 cyclist
869 20.2968 -0.3665 cyclist
870 20.2968 -0.3665 cyclist
871 20.5198 -0.3665 cyclist
872 20.5198 -0.3665 cyclist
873 20.5198 -0.3665 cyclist
874 20.5198 -0.3665 cyclist
875 20.5198 -0.3665 cyclist
876 20.5198 -0.3665 cyclist
877 20.5198 -0.3665 cyclist
878 20.7429 -0.3665 cyclist
879 20.7429 -0.3665 cyclist
880 20.7429 -0.3665 cyclist
881 20.7429 -0.3665 cyclist
882 20.7429 -0.3665 cyclist
883 20.7429 -0.3665 cyclist
884 20.7429 -0.3665 cyclist
885 20.7429 -0.3665 cyclist
886 20.7429 -0.3665 cyclist
887 20.7429 -0.3665 cyclist
888 20.9659 -0.3665 cyclist
889 20.9659 -0.3665 cyclist
890 20.9659 -0.3665 cyclist
891 20.9659 -0.3665 cyclist
892 20.9659 -0.3665 cyclist
893 20.9659 -0.3665 cyclist
894 20.9659 -0.3665 cyclist
895 21.1890 -0.3316 cyclist
896 21.1890 -0.3316 cyclist
897 21.1890 -0.3316 cyclist
898 21.1890 -0.3316 cyclist
899 21.1890 -0.3316 cyclist
