0 6.4682 0.1920 pedestrian
0 12.4903 0.0000 car
1 6.4682 0.1920 pedestrian
1 12.4903 0.0000 car
2 6.4682 0.1920 pedestrian
2 13.1595 0.0000 car
3 6.4682 0.1920 pedestrian
3 13.1595 0.0000 car
4 6.6913 0.1571 pedestrian
4 13.6056 0.0349 car
5 6.6913 0.1571 pedestrian
5 13.6056 0.0349 car
6 6.6913 0.1571 pedestrian
6 14.0516 0.0349 car
7 6.6913 0.1571 pedestrian
7 14.0516 0.0349 car
8 6.6913 0.1571 pedestrian
8 14.4977 0.0349 car
9 6.6913 0.1571 pedestrian
9 14.4977 0.0349 car
10 6.6913 0.1571 pedestrian
10 14.4977 0.0349 car
11 6.6913 0.1222 pedestrian
11 15.1668 0.0349 car
12 6.6913 0.1222 pedestrian
12 15.1668 0.0349 car
13 6.6913 0.1222 pedestrian
13 15.6129 0.0524 car
14 6.6913 0.1222 pedestrian
14 15.6129 0.0524 car
15 6.6913 0.1222 pedestrian
15 16.0590 0.0524 car
16 6.6913 0.1222 pedestrian
16 16.2821 0.0524 car
17 6.6913 0.1222 pedestrian
17 16.2821 0.0524 car
18 6.6913 0.1222 pedestrian
18 16.7281 0.0524 car
19 6.9143 0.1222 pedestrian
19 17.1742 0.0524 car
20 6.9143 0.1222 pedestrian
20 17.1742 0.0698 car
21 6.9143 0.1222 pedestrian
21 17.1742 0.0698 car
22 7.1373 0.1047 pedestrian
22 17.8433 0.0698 car
23 7.1373 0.1047 pedestrian
23 17.8433 0.0698 car
24 7.1373 0.1047 pedestrian
24 17.8433 0.0698 car
25 7.1373 0.1047 pedestrian
25 18.2894 0.0873 car
25 3.1226 -0.9948 car
26 7.1373 0.1047 pedestrian
26 18.2894 0.0873 car
26 3.1226 -0.9948 car
27 7.1373 0.1047 pedestrian
27 18.9586 0.0698 car
27 3.3456 -0.9076 car
28 7.1373 0.1047 pedestrian
28 18.9586 0.0873 car
28 3.3456 -0.8552 car
29 7.1373 0.1047 pedestrian
29 18.9586 0.0873 car
29 3.3456 -0.8552 car
30 7.1373 0.1047 pedestrian
30 19.4046 0.0698 car
30 3.7917 -0.7679 car
31 7.3604 0.0873 pedestrian
31 19.4046 0.0873 car
31 4.2378 -0.7330 car
32 7.3604 0.0873 pedestrian
32 19.8507 0.0873 car
32 4.2378 -0.6981 car
33 7.3604 0.0873 pedestrian
33 20.2968 0.0698 car
33 4.2378 -0.6283 car
34 7.3604 0.0873 pedestrian
34 20.2968 0.0698 car
34 4.2378 -0.6283 car
35 7.3604 0.0873 pedestrian
35 20.7429 0.0873 car
35 4.2378 -0.6283 car
36 7.3604 0.0873 pedestrian
36 20.7429 0.0873 car
36 4.2378 -0.6283 car
37 7.3604 0.0873 pedestrian
37 20.7429 0.0873 car
37 4.2378 -0.5585 car
38 7.3604 0.0873 pedestrian
38 20.7429 0.0873 car
38 4.2378 -0.5585 car
39 7.5834 0.1222 pedestrian
39 21.4120 0.1222 car
39 4.2378 -0.5585 car
40 7.5834 0.1222 pedestrian
40 21.4120 0.1222 car
40 4.2378 -0.5585 car
41 7.5834 0.1222 pedestrian
41 22.0811 0.1047 car
41 4.2378 -0.5236 car
42 7.5834 0.1222 pedestrian
42 22.0811 0.1047 car
42 4.2378 -0.5236 car
43 7.8065 0.0873 pedestrian
43 22.5272 0.1222 car
43 4.2378 -0.5236 car
44 7.8065 0.0873 pedestrian
44 22.5272 0.1222 car
44 4.2378 -0.5236 car
45 8.0295 0.0873 pedestrian
45 22.9733 0.1222 car
45 4.2378 -0.5236 car
46 8.0295 0.0873 pedestrian
46 22.9733 0.1222 car
46 4.2378 -0.5236 car
47 8.0295 0.0873 pedestrian
47 23.4194 0.1222 car
47 4.2378 -0.5236 car
48 8.0295 0.0873 pedestrian
48 23.4194 0.1222 car
48 4.2378 -0.5236 car
49 8.0295 0.0873 pedestrian
49 24.0885 0.1047 car
49 4.6839 -0.5061 car
50 8.0295 0.0873 pedestrian
50 24.0885 0.1047 car
50 4.6839 -0.5061 car
51 8.0295 0.0873 pedestrian
51 24.0885 0.1047 car
51 4.6839 -0.5061 car
52 8.0295 0.0873 pedestrian
52 24.0885 0.1047 car
52 4.6839 -0.5061 car
53 8.2525 0.1047 pedestrian
53 24.7576 0.1047 car
53 4.6839 -0.5061 car
54 8.2525 0.1047 pedestrian
54 24.7576 0.1047 car
54 5.1300 -0.4363 car
55 8.2525 0.1047 pedestrian
55 24.7576 0.1047 car
55 5.1300 -0.4363 car
56 8.2525 0.1047 pedestrian
56 5.3530 -0.3491 car
57 8.2525 0.1047 pedestrian
57 5.3530 -0.3491 car
58 8.2525 0.1396 pedestrian
58 5.7991 -0.3142 car
59 6.0221 -0.2967 car
59 8.2525 0.1396 pedestrian
60 6.0221 -0.2967 car
60 8.2525 0.1396 pedestrian
61 8.4756 0.1571 pedestrian
61 6.0221 -0.2967 car
62 8.4756 0.1571 pedestrian
62 6.0221 -0.2967 car
63 8.4756 0.1396 pedestrian
63 6.0221 -0.2967 car
64 8.4756 0.1571 pedestrian
64 6.2452 -0.2618 car
65 8.4756 0.1571 pedestrian
65 6.4682 -0.2269 car
66 8.4756 0.1571 pedestrian
66 6.4682 -0.2269 car
67 8.4756 0.1745 pedestrian
67 7.1373 -0.1920 car
68 8.4756 0.1745 pedestrian
68 7.1373 -0.1920 car
69 8.4756 0.1745 pedestrian
69 7.8065 -0.1396 car
70 8.4756 0.1745 pedestrian
70 7.8065 -0.1396 car
71 8.4756 0.1745 pedestrian
71 7.8065 -0.1396 car
72 8.6986 0.1745 pedestrian
72 8.4756 -0.1047 car
73 8.6986 0.1745 pedestrian
73 8.4756 -0.1047 car
74 8.6986 0.1745 pedestrian
74 8.4756 -0.1047 car
75 8.6986 0.1745 pedestrian
75 9.3678 -0.0698 car
76 8.6986 0.1745 pedestrian
76 9.3678 -0.0698 car
77 8.9217 0.2094 pedestrian
77 9.3678 -0.0698 car
78 8.9217 0.2094 pedestrian
78 9.3678 -0.0698 car
79 8.9217 0.2094 pedestrian
79 10.2599 -0.0698 car
80 8.9217 0.2094 pedestrian
80 10.2599 -0.0698 car
81 8.9217 0.2094 pedestrian
81 10.2599 -0.0698 car
82 8.9217 0.2094 pedestrian
82 10.2599 -0.0698 car
83 8.9217 0.2094 pedestrian
83 11.3751 -0.0524 car
84 8.9217 0.2094 pedestrian
84 11.3751 -0.0524 car
85 9.1447 0.2094 pedestrian
85 11.3751 -0.0524 car
86 9.1447 0.2094 pedestrian
86 11.3751 -0.0524 car
87 9.1447 0.2094 pedestrian
87 11.3751 -0.0524 car
88 9.1447 0.2094 pedestrian
88 12.2673 0.0000 car
89 9.1447 0.2094 pedestrian
89 12.2673 0.0000 car
90 9.1447 0.2269 pedestrian
90 12.2673 0.0000 car
91 9.3678 0.2269 pedestrian
91 12.2673 0.0000 car
92 9.3678 0.2269 pedestrian
92 12.2673 0.0000 car
93 9.3678 0.2269 pedestrian
93 13.3825 0.0175 car
94 9.3678 0.2269 pedestrian
94 13.3825 0.0175 car
95 9.3678 0.2269 pedestrian
95 13.3825 0.0175 car
96 9.5908 0.2443 pedestrian
96 13.3825 0.0175 car
97 9.5908 0.2443 pedestrian
97 13.3825 0.0175 car
98 9.5908 0.2443 pedestrian
98 14.2747 0.0000 car
99 9.5908 0.2443 pedestrian
99 14.2747 0.0000 car
100 9.5908 0.2443 pedestrian
100 14.2747 0.0175 car
101 9.5908 0.2443 pedestrian
101 14.4977 0.0524 car
102 9.5908 0.2443 pedestrian
102 14.9438 0.0524 car
103 9.5908 0.2443 pedestrian
103 15.6129 0.0524 car
104 9.5908 0.2443 pedestrian
104 15.6129 0.0524 car
105 9.5908 0.2443 pedestrian
105 15.6129 0.0524 car
106 9.8138 0.2618 pedestrian
106 16.0590 0.0698 car
107 9.8138 0.2618 pedestrian
107 16.0590 0.0698 car
108 9.8138 0.2618 pedestrian
108 16.5051 0.0698 car
109 9.8138 0.2618 pedestrian
109 16.5051 0.0698 car
110 9.8138 0.2618 pedestrian
110 17.1742 0.0873 car
111 9.8138 0.2618 pedestrian
111 17.1742 0.0873 car
112 10.0369 0.2618 pedestrian
112 17.6203 0.0873 car
113 10.0369 0.2618 pedestrian
113 17.6203 0.0873 car
114 10.0369 0.2618 pedestrian
114 17.6203 0.0873 car
115 10.0369 0.2618 pedestrian
115 18.2894 0.0873 car
116 10.0369 0.2618 pedestrian
116 18.2894 0.0873 car
117 10.0369 0.2618 pedestrian
117 18.7355 0.0873 car
118 10.0369 0.2618 pedestrian
118 18.7355 0.0873 car
119 10.2599 0.2618 pedestrian
119 19.4046 0.0873 car
120 10.2599 0.2618 pedestrian
120 19.4046 0.0873 car
121 10.2599 0.2618 pedestrian
121 20.0738 0.1047 car
122 10.2599 0.2618 pedestrian
122 20.0738 0.1047 car
123 10.2599 0.2618 pedestrian
123 20.0738 0.1047 car
124 10.2599 0.2618 pedestrian
124 20.7429 0.1047 car
125 10.2599 0.2618 pedestrian
125 20.7429 0.1047 car
126 10.2599 0.2618 pedestrian
126 20.7429 0.1047 car
127 10.4830 0.2618 pedestrian
127 21.4120 0.1222 car
128 10.4830 0.2618 pedestrian
128 21.4120 0.1222 car
129 10.4830 0.2618 pedestrian
129 21.4120 0.1222 car
130 10.4830 0.2618 pedestrian
130 22.0811 0.1222 car
131 10.4830 0.2618 pedestrian
131 22.0811 0.1222 car
132 10.4830 0.2618 pedestrian
132 22.0811 0.1222 car
133 10.4830 0.2618 pedestrian
133 22.7503 0.1396 car
134 10.4830 0.2618 pedestrian
134 22.7503 0.1396 car
135 10.4830 0.2618 pedestrian
135 22.7503 0.1396 car
136 10.9290 0.2618 pedestrian
136 23.4194 0.1222 car
137 10.9290 0.2618 pedestrian
137 23.4194 0.1222 car
138 10.9290 0.2618 pedestrian
138 23.4194 0.1222 car
139 10.9290 0.2618 pedestrian
139 24.3116 0.1222 car
140 10.9290 0.2618 pedestrian
140 24.3116 0.1222 car
141 10.9290 0.2618 pedestrian
141 24.3116 0.1222 car
142 10.9290 0.2618 pedestrian
142 24.9807 0.1396 car
143 10.9290 0.2618 pedestrian
143 24.9807 0.1396 car
144 10.9290 0.2618 pedestrian
145 10.9290 0.2618 pedestrian
146 10.9290 0.2618 pedestrian
147 10.9290 0.2618 pedestrian
148 10.9290 0.2618 pedestrian
149 10.9290 0.2618 pedestrian
150 10.9290 0.2618 pedestrian
151 10.9290 0.2618 pedestrian
152 11.1521 0.2443 pedestrian
153 11.1521 0.2443 pedestrian
154 11.1521 0.2443 pedestrian
155 11.1521 0.2443 pedestrian
156 11.1521 0.2443 pedestrian
157 11.1521 0.2443 pedestrian
158 11.1521 0.2443 pedestrian
159 11.1521 0.2094 pedestrian
160 11.1521 0.2094 pedestrian
161 11.1521 0.2094 pedestrian
162 11.1521 0.2094 pedestrian
163 11.1521 0.2094 pedestrian
164 11.1521 0.2094 pedestrian
165 11.1521 0.2094 pedestrian
166 11.1521 0.2094 pedestrian
167 11.1521 0.2094 pedestrian
168 11.1521 0.2094 pedestrian
169 11.1521 0.2094 pedestrian
170 11.1521 0.2094 pedestrian
171 11.1521 0.2094 pedestrian
172 11.1521 0.2094 pedestrian
173 11.1521 0.1571 pedestrian
174 11.1521 0.1571 pedestrian
175 11.1521 0.1571 pedestrian
176 11.1521 0.1571 pedestrian
177 11.1521 0.1571 pedestrian
178 11.1521 0.1571 pedestrian
179 11.1521 0.1571 pedestrian
180 11.1521 0.1571 pedestrian
181 11.1521 0.1571 pedestrian
182 11.1521 0.1571 pedestrian
183 11.1521 0.1571 pedestrian
184 11.1521 0.1571 pedestrian
185 10.9290 0.1571 pedestrian
186 10.9290 0.1571 pedestrian
187 10.9290 0.1396 pedestrian
188 10.9290 0.1396 pedestrian
189 10.9290 0.1396 pedestrian
190 10.9290 0.1396 pedestrian
190 3.7917 -0.9948 car
191 10.9290 0.1396 pedestrian
191 3.7917 -0.9948 car
192 10.9290 0.1396 pedestrian
192 4.0148 -0.9250 car
193 10.7060 0.1396 pedestrian
193 4.0148 -0.9250 car
194 10.7060 0.1396 pedestrian
194 4.2378 -0.8901 car
195 10.7060 0.1047 pedestrian
195 4.2378 -0.8203 car
196 10.7060 0.1047 pedestrian
196 4.2378 -0.8203 car
197 10.7060 0.1047 pedestrian
197 4.2378 -0.8203 car
198 10.4830 0.1222 pedestrian
198 4.2378 -0.8203 car
199 10.4830 0.1222 pedestrian
199 4.2378 -0.8203 car
200 10.4830 0.1222 pedestrian
200 4.2378 -0.8203 car
201 10.4830 0.1222 pedestrian
201 4.2378 -0.8203 car
202 10.4830 0.1222 pedestrian
202 4.2378 -0.7679 car
203 10.4830 0.1222 pedestrian
203 4.2378 -0.7679 car
204 10.4830 0.1222 pedestrian
204 4.2378 -0.7679 car
205 10.4830 0.1222 pedestrian
205 4.4608 -0.7156 car
206 10.4830 0.1222 pedestrian
206 4.4608 -0.7156 car
207 10.2599 0.1396 pedestrian
207 4.4608 -0.7156 car
208 10.2599 0.1396 pedestrian
208 4.4608 -0.7156 car
209 10.2599 0.1396 pedestrian
209 4.6839 -0.6632 car
210 10.2599 0.1396 pedestrian
210 4.6839 -0.6632 car
211 10.2599 0.1396 pedestrian
211 4.6839 -0.6632 car
212 10.0369 0.1396 pedestrian
212 5.1300 -0.6109 car
213 10.0369 0.1396 pedestrian
213 5.1300 -0.6109 car
214 10.0369 0.1396 pedestrian
214 5.1300 -0.6109 car
215 10.0369 0.1396 pedestrian
215 5.5760 -0.5411 car
216 10.0369 0.1396 pedestrian
216 5.5760 -0.5411 car
217 10.0369 0.1396 pedestrian
217 5.5760 -0.5411 car
218 10.0369 0.1396 pedestrian
218 5.5760 -0.5411 car
219 10.0369 0.1396 pedestrian
219 6.4682 -0.4189 car
220 9.8138 0.1396 pedestrian
220 6.4682 -0.4189 car
221 9.8138 0.1396 pedestrian
221 6.4682 -0.4189 car
222 9.8138 0.1396 pedestrian
222 6.4682 -0.4189 car
223 9.8138 0.1396 pedestrian
223 7.5834 -0.2967 car
224 9.8138 0.1396 pedestrian
224 7.5834 -0.2967 car
225 9.8138 0.1396 pedestrian
225 7.5834 -0.2967 car
226 9.5908 0.1571 pedestrian
226 8.0295 -0.2618 car
227 9.5908 0.1571 pedestrian
227 8.0295 -0.2618 car
228 9.5908 0.1571 pedestrian
228 8.0295 -0.2618 car
229 9.5908 0.1571 pedestrian
229 8.0295 -0.2618 car
230 9.5908 0.1571 pedestrian
230 8.6986 -0.2094 car
231 9.5908 0.1571 pedestrian
231 8.6986 -0.2094 car
232 9.5908 0.1571 pedestrian
232 8.6986 -0.2094 car
233 9.5908 0.1571 pedestrian
233 9.3678 -0.1745 car
234 9.5908 0.1571 pedestrian
234 9.3678 -0.1745 car
235 9.5908 0.1571 pedestrian
235 9.3678 -0.1745 car
236 9.5908 0.1571 pedestrian
236 10.0369 -0.1571 car
237 9.5908 0.1571 pedestrian
237 10.0369 -0.1571 car
238 9.5908 0.1571 pedestrian
238 10.0369 -0.1571 car
239 9.1447 0.1920 pedestrian
239 10.7060 -0.1222 car
240 9.1447 0.1920 pedestrian
240 10.7060 -0.1222 car
241 9.1447 0.1920 pedestrian
241 10.7060 -0.1222 car
242 9.1447 0.1920 pedestrian
242 10.7060 -0.1222 car
243 9.1447 0.1920 pedestrian
243 10.7060 -0.1222 car
244 9.1447 0.1920 pedestrian
244 11.5982 -0.0698 car
245 9.1447 0.1920 pedestrian
245 11.5982 -0.0698 car
246 9.1447 0.1920 pedestrian
246 11.5982 -0.0698 car
247 8.9217 0.2094 pedestrian
247 12.2673 -0.0524 car
248 8.9217 0.2094 pedestrian
248 12.2673 -0.0524 car
249 9.1447 0.2269 pedestrian
249 12.9364 -0.0698 car
250 9.1447 0.2269 pedestrian
250 12.9364 -0.0698 car
251 9.1447 0.2269 pedestrian
251 12.9364 -0.0698 car
252 9.1447 0.2269 pedestrian
252 13.8286 -0.0175 car
253 9.1447 0.2269 pedestrian
253 13.8286 -0.0175 car
254 9.1447 0.2269 pedestrian
254 13.8286 -0.0175 car
255 9.1447 0.2269 pedestrian
255 13.8286 -0.0175 car
256 8.9217 0.2443 pedestrian
256 14.7208 0.0000 car
257 8.9217 0.2443 pedestrian
257 14.7208 0.0000 car
258 8.9217 0.2443 pedestrian
258 14.7208 0.0000 car
259 8.9217 0.2443 pedestrian
259 14.7208 0.0000 car
260 8.9217 0.2443 pedestrian
260 14.7208 0.0000 car
261 8.9217 0.2443 pedestrian
261 15.8360 0.0524 car
262 8.9217 0.2443 pedestrian
262 15.8360 0.0524 car
263 8.9217 0.2443 pedestrian
263 15.8360 0.0524 car
264 8.9217 0.2443 pedestrian
264 16.0590 0.0524 car
265 8.9217 0.2443 pedestrian
265 16.0590 0.0524 car
266 8.9217 0.2443 pedestrian
266 16.9512 0.0524 car
267 8.9217 0.2443 pedestrian
267 16.9512 0.0524 car
268 8.6986 0.2967 pedestrian
268 17.3973 0.0873 car
269 8.6986 0.2967 pedestrian
269 17.3973 0.0873 car
270 8.6986 0.2967 pedestrian
270 17.8433 0.0873 car
271 8.6986 0.2967 pedestrian
271 17.8433 0.0873 car
272 8.6986 0.2967 pedestrian
272 18.2894 0.0873 car
273 8.6986 0.2967 pedestrian
273 18.2894 0.0873 car
274 8.6986 0.2967 pedestrian
274 18.9586 0.0873 car
275 8.6986 0.2967 pedestrian
275 18.9586 0.0873 car
276 8.6986 0.2967 pedestrian
276 19.6277 0.0873 car
277 8.6986 0.2967 pedestrian
277 19.6277 0.0873 car
278 8.4756 0.2967 pedestrian
278 20.0738 0.0873 car
279 8.4756 0.2967 pedestrian
279 20.0738 0.0873 car
280 8.4756 0.2967 pedestrian
280 20.7429 0.1047 car
281 8.4756 0.2967 pedestrian
281 20.7429 0.1047 car
282 8.2525 0.3142 pedestrian
282 21.1890 0.1222 car
283 8.2525 0.3142 pedestrian
283 21.6351 0.1222 car
284 8.2525 0.3142 pedestrian
284 21.6351 0.1222 car
285 8.2525 0.3142 pedestrian
285 22.3042 0.1222 car
286 8.2525 0.3142 pedestrian
286 22.3042 0.1222 car
287 8.2525 0.3142 pedestrian
287 22.3042 0.1222 car
288 8.2525 0.3142 pedestrian
288 22.9733 0.1222 car
289 8.2525 0.3142 pedestrian
289 22.9733 0.1222 car
290 8.0295 0.3142 pedestrian
290 23.6424 0.1047 car
291 8.0295 0.3142 pedestrian
291 23.6424 0.1047 car
292 8.0295 0.3142 pedestrian
292 24.0885 0.1396 car
293 8.0295 0.3142 pedestrian
293 24.0885 0.1396 car
294 7.8065 0.3142 pedestrian
294 24.7576 0.1396 car
295 7.8065 0.3142 pedestrian
295 24.7576 0.1396 car
296 7.8065 0.3142 pedestrian
297 7.8065 0.3142 pedestrian
298 7.8065 0.3142 pedestrian
299 7.8065 0.3142 pedestrian
300 7.8065 0.3142 pedestrian
301 7.8065 0.3142 pedestrian
302 7.5834 0.3142 pedestrian
303 7.3604 0.3142 pedestrian
304 7.3604 0.3142 pedestrian
305 7.3604 0.3142 pedestrian
306 7.3604 0.3142 pedestrian
307 7.3604 0.3142 pedestrian
308 7.3604 0.3142 pedestrian
309 7.3604 0.3142 pedestrian
310 7.3604 0.3142 pedestrian
311 7.3604 0.3142 pedestrian
312 7.3604 0.3142 pedestrian
313 7.3604 0.3142 pedestrian
314 7.3604 0.3142 pedestrian
315 7.3604 0.3142 pedestrian
316 7.1373 0.3142 pedestrian
317 7.1373 0.3142 pedestrian
318 7.1373 0.3142 pedestrian
319 6.9143 0.2793 pedestrian
320 6.9143 0.2793 pedestrian
321 6.9143 0.2793 pedestrian
322 6.9143 0.2793 pedestrian
323 6.9143 0.2793 pedestrian
324 6.6913 0.2443 pedestrian
325 6.6913 0.2443 pedestrian
326 6.6913 0.2443 pedestrian
327 6.6913 0.2443 pedestrian
328 6.6913 0.2443 pedestrian
329 6.6913 0.2443 pedestrian
330 6.6913 0.2443 pedestrian
331 6.6913 0.2443 pedestrian
332 6.6913 0.2443 pedestrian
333 6.6913 0.2443 pedestrian
334 6.6913 0.2443 pedestrian
335 6.6913 0.2443 pedestrian
336 6.6913 0.2443 pedestrian
337 6.6913 0.2443 pedestrian
338 6.6913 0.2094 pedestrian
339 6.6913 0.2094 pedestrian
340 6.6913 0.2094 pedestrian
341 6.6913 0.2094 pedestrian
342 6.6913 0.2094 pedestrian
343 6.6913 0.2094 pedestrian
344 6.6913 0.2094 pedestrian
345 6.6913 0.2094 pedestrian
346 6.6913 0.2094 pedestrian
347 6.6913 0.2094 pedestrian
348 6.6913 0.2094 pedestrian
349 6.6913 0.2094 pedestrian
350 6.6913 0.1396 pedestrian
351 6.6913 0.1396 pedestrian
352 6.6913 0.1396 pedestrian
353 6.6913 0.1396 pedestrian
354 6.6913 0.1396 pedestrian
355 6.6913 0.1396 pedestrian
356 6.6913 0.1396 pedestrian
357 6.6913 0.1396 pedestrian
358 6.6913 0.1396 pedestrian
359 6.6913 0.1396 pedestrian
360 6.6913 0.1396 pedestrian
361 6.6913 0.1396 pedestrian
362 6.9143 0.1396 pedestrian
363 6.9143 0.1396 pedestrian
364 6.9143 0.1396 pedestrian
365 6.9143 0.1396 pedestrian
366 6.9143 0.1396 pedestrian
367 6.9143 0.1396 pedestrian
368 6.9143 0.1396 pedestrian
369 6.9143 0.1396 pedestrian
370 7.1373 0.1222 pedestrian
371 7.1373 0.1222 pedestrian
372 7.1373 0.1222 pedestrian
373 7.1373 0.1222 pedestrian
374 7.1373 0.1222 pedestrian
375 7.1373 0.1222 pedestrian
376 7.1373 0.1222 pedestrian
377 7.3604 0.0873 pedestrian
378 7.3604 0.0873 pedestrian
379 7.3604 0.0873 pedestrian
380 7.3604 0.0873 pedestrian
381 7.3604 0.0873 pedestrian
382 7.3604 0.0873 pedestrian
383 7.3604 0.0873 pedestrian
384 7.5834 0.0698 pedestrian
385 7.5834 0.0698 pedestrian
386 7.5834 0.0698 pedestrian
387 7.5834 0.0698 pedestrian
388 7.5834 0.0698 pedestrian
389 7.5834 0.0698 pedestrian
390 7.5834 0.0698 pedestrian
391 7.8065 0.0873 pedestrian
392 7.8065 0.0873 pedestrian
393 7.8065 0.0873 pedestrian
394 7.8065 0.0873 pedestrian
395 8.0295 0.0698 pedestrian
396 8.0295 0.0698 pedestrian
397 8.0295 0.0698 pedestrian
398 8.0295 0.0698 pedestrian
399 8.0295 0.0698 pedestrian
400 8.2525 0.0698 pedestrian
401 8.2525 0.0698 pedestrian
402 8.2525 0.0698 pedestrian
403 8.2525 0.0698 pedestrian
404 8.2525 0.0698 pedestrian
405 8.2525 0.0698 pedestrian
406 8.4756 0.0698 pedestrian
407 8.4756 0.0698 pedestrian
408 8.4756 0.0698 pedestrian
409 8.4756 0.0698 pedestrian
410 8.4756 0.0698 pedestrian
411 8.4756 0.0698 pedestrian
412 8.6986 0.0698 pedestrian
413 8.6986 0.0698 pedestrian
414 8.6986 0.0698 pedestrian
415 8.6986 0.0698 pedestrian
416 8.9217 0.0873 pedestrian
417 8.9217 0.0873 pedestrian
418 8.9217 0.0873 pedestrian
419 8.9217 0.0873 pedestrian
420 8.9217 0.0873 pedestrian
421 8.9217 0.0873 pedestrian
422 9.1447 0.0873 pedestrian
423 9.1447 0.0873 pedestrian
424 9.1447 0.0873 pedestrian
425 9.1447 0.0873 pedestrian
426 9.1447 0.0873 pedestrian
427 9.1447 0.0873 pedestrian
428 9.1447 0.0873 pedestrian
429 9.1447 0.0873 pedestrian
430 9.1447 0.0873 pedestrian
431 9.1447 0.0873 pedestrian
432 9.3678 0.1396 pedestrian
433 9.3678 0.1396 pedestrian
434 9.3678 0.1396 pedestrian
435 9.3678 0.1396 pedestrian
436 9.3678 0.1396 pedestrian
437 9.3678 0.1396 pedestrian
438 9.3678 0.1396 pedestrian
439 9.3678 0.1396 pedestrian
440 9.3678 0.1396 pedestrian
441 9.5908 0.1571 pedestrian
442 9.5908 0.1571 pedestrian
443 9.5908 0.1571 pedestrian
444 9.5908 0.1571 pedestrian
445 9.5908 0.1571 pedestrian
446 9.5908 0.1571 pedestrian
447 9.5908 0.1571 pedestrian
448 9.5908 0.1571 pedestrian
449 9.5908 0.1571 pedestrian
450 9.5908 0.1571 pedestrian
451 10.0369 0.1745 pedestrian
452 10.0369 0.1745 pedestrian
453 10.0369 0.1745 pedestrian
454 10.0369 0.1745 pedestrian
455 10.0369 0.1745 pedestrian
456 10.0369 0.1920 pedestrian
457 10.0369 0.1920 pedestrian
458 10.0369 0.1920 pedestrian
459 10.0369 0.1920 pedestrian
459 24.7576 -0.1571 car
460 10.0369 0.1920 pedestrian
460 24.7576 -0.1571 car
461 10.0369 0.1920 pedestrian
461 24.7576 -0.1571 car
462 10.0369 0.1920 pedestrian
462 24.3116 -0.1571 car
463 10.0369 0.1920 pedestrian
463 24.3116 -0.1571 car
464 10.0369 0.1920 pedestrian
464 24.3116 -0.1571 car
465 10.0369 0.1920 pedestrian
465 23.6424 -0.1571 car
466 10.0369 0.1920 pedestrian
466 23.6424 -0.1571 car
467 10.2599 0.2269 pedestrian
467 23.1963 -0.1571 car
468 10.2599 0.2269 pedestrian
468 23.1963 -0.1571 car
469 10.2599 0.2269 pedestrian
469 23.1963 -0.1571 car
470 10.2599 0.2269 pedestrian
470 23.1963 -0.1571 car
471 10.2599 0.2269 pedestrian
471 23.1963 -0.1571 car
472 10.2599 0.2618 pedestrian
472 22.5272 -0.1571 car
473 10.2599 0.2618 pedestrian
473 22.5272 -0.1571 car
474 10.2599 0.2618 pedestrian
474 22.3042 -0.1920 car
475 10.2599 0.2618 pedestrian
475 22.3042 -0.1920 car
476 10.7060 0.2618 pedestrian
476 21.6351 -0.1920 car
477 10.7060 0.2618 pedestrian
477 21.6351 -0.1920 car
478 10.7060 0.2618 pedestrian
478 21.6351 -0.1920 car
479 10.4830 0.2618 pedestrian
479 21.6351 -0.1920 car
480 10.4830 0.2618 pedestrian
480 21.1890 -0.1920 car
481 10.4830 0.2618 pedestrian
481 21.1890 -0.1920 car
482 10.4830 0.2618 pedestrian
482 21.1890 -0.1920 car
483 10.4830 0.2618 pedestrian
483 20.5198 -0.1920 car
484 10.7060 0.2618 pedestrian
484 20.2968 -0.2269 car
485 10.7060 0.2618 pedestrian
485 20.2968 -0.2269 car
486 10.7060 0.2793 pedestrian
486 19.8507 -0.2094 car
487 10.7060 0.2793 pedestrian
487 19.8507 -0.2094 car
488 10.7060 0.2793 pedestrian
488 19.8507 -0.2094 car
489 10.7060 0.2793 pedestrian
489 19.8507 -0.2094 car
490 10.7060 0.2793 pedestrian
490 19.1816 -0.2443 car
491 10.7060 0.2793 pedestrian
491 19.1816 -0.2443 car
492 10.9290 0.2793 pedestrian
492 18.9586 -0.2443 car
493 10.9290 0.2793 pedestrian
493 18.9586 -0.2443 car
494 10.9290 0.2793 pedestrian
494 18.9586 -0.2443 car
495 11.1521 0.2967 pedestrian
495 18.2894 -0.2443 car
496 11.1521 0.2967 pedestrian
496 18.2894 -0.2443 car
497 11.1521 0.2967 pedestrian
497 18.2894 -0.2443 car
498 11.1521 0.2967 pedestrian
498 17.8433 -0.2618 car
499 11.1521 0.2967 pedestrian
499 17.8433 -0.2618 car
500 11.1521 0.2967 pedestrian
500 17.8433 -0.2618 car
501 11.1521 0.2967 pedestrian
501 17.8433 -0.2618 car
502 11.1521 0.2967 pedestrian
502 17.1742 -0.2793 car
503 11.1521 0.2967 pedestrian
503 17.1742 -0.2793 car
504 11.1521 0.2967 pedestrian
504 17.1742 -0.2793 car
505 11.3751 0.2793 pedestrian
505 16.7281 -0.2967 car
506 11.3751 0.2793 pedestrian
506 16.7281 -0.2967 car
507 11.3751 0.2793 pedestrian
507 16.7281 -0.2967 car
508 11.3751 0.2793 pedestrian
508 16.0590 -0.3142 car
509 11.3751 0.2793 pedestrian
509 16.0590 -0.3142 car
510 11.5982 0.2967 pedestrian
510 15.6129 -0.3142 car
511 11.5982 0.2967 pedestrian
511 15.6129 -0.3142 car
512 11.5982 0.2967 pedestrian
512 15.1668 -0.3316 car
513 11.5982 0.2967 pedestrian
513 15.1668 -0.3316 car
514 11.5982 0.2967 pedestrian
514 15.1668 -0.3316 car
515 11.5982 0.2967 pedestrian
515 15.1668 -0.3316 car
516 11.5982 0.2967 pedestrian
516 14.4977 -0.3665 car
517 11.5982 0.2967 pedestrian
517 14.4977 -0.3665 car
518 11.8212 0.2793 pedestrian
518 14.4977 -0.3665 car
519 11.8212 0.2793 pedestrian
519 13.8286 -0.3665 car
520 11.8212 0.2793 pedestrian
520 13.8286 -0.3665 car
521 11.8212 0.2793 pedestrian
521 13.8286 -0.3665 car
522 11.8212 0.2793 pedestrian
522 13.3825 -0.4014 car
523 11.8212 0.2793 pedestrian
523 13.3825 -0.4014 car
524 11.8212 0.2793 pedestrian
524 13.3825 -0.4014 car
525 12.0443 0.2618 pedestrian
525 12.7134 -0.4363 car
526 12.0443 0.2618 pedestrian
526 12.7134 -0.4363 car
527 12.0443 0.2618 pedestrian
527 12.7134 -0.4363 car
528 12.0443 0.2618 pedestrian
528 12.0443 -0.4363 car
529 12.0443 0.2618 pedestrian
529 12.0443 -0.4363 car
530 12.0443 0.2618 pedestrian
530 12.0443 -0.4363 car
531 12.0443 0.2618 pedestrian
531 12.0443 -0.4363 car
532 12.0443 0.2618 pedestrian
532 11.8212 -0.4887 car
533 12.0443 0.2618 pedestrian
533 11.8212 -0.4887 car
534 12.0443 0.1920 pedestrian
534 11.3751 -0.4887 car
535 12.0443 0.1920 pedestrian
535 11.3751 -0.4887 car
536 12.0443 0.1920 pedestrian
536 11.3751 -0.4887 car
537 12.2673 0.1920 pedestrian
537 11.1521 -0.5061 car
538 12.2673 0.1920 pedestrian
538 11.1521 -0.5061 car
539 12.2673 0.1920 pedestrian
539 10.9290 -0.5236 car
540 12.2673 0.1920 pedestrian
540 10.9290 -0.5236 car
541 12.2673 0.1920 pedestrian
541 10.9290 -0.5236 car
542 12.2673 0.1920 pedestrian
542 10.7060 -0.5236 car
543 12.2673 0.1920 pedestrian
543 10.7060 -0.5236 car
544 12.2673 0.1920 pedestrian
544 10.7060 -0.5236 car
545 12.2673 0.1920 pedestrian
545 10.7060 -0.5236 car
546 12.2673 0.1920 pedestrian
546 10.7060 -0.5236 car
547 12.2673 0.1920 pedestrian
547 10.7060 -0.5236 car
548 12.2673 0.1920 pedestrian
548 10.7060 -0.5236 car
549 12.2673 0.1920 pedestrian
549 10.2599 -0.5585 car
550 12.2673 0.1920 pedestrian
550 10.2599 -0.5585 car
551 12.2673 0.1920 pedestrian
551 10.2599 -0.5585 car
552 12.2673 0.1920 pedestrian
552 10.2599 -0.5585 car
553 12.0443 0.1396 pedestrian
553 9.3678 -0.6109 car
554 12.0443 0.1396 pedestrian
554 9.3678 -0.6109 car
555 12.0443 0.1396 pedestrian
555 9.3678 -0.6109 car
556 12.0443 0.1396 pedestrian
556 9.3678 -0.6109 car
557 12.0443 0.1396 pedestrian
557 9.3678 -0.6109 car
558 12.0443 0.1396 pedestrian
558 8.9217 -0.6632 car
559 12.0443 0.1396 pedestrian
559 8.9217 -0.6632 car
559 24.7576 -0.1745 car
560 12.0443 0.1396 pedestrian
560 8.9217 -0.6632 car
560 24.7576 -0.1745 car
561 12.0443 0.1396 pedestrian
561 8.9217 -0.6632 car
561 24.7576 -0.1745 car
562 12.0443 0.1396 pedestrian
562 8.2525 -0.7156 car
562 24.3116 -0.1745 car
563 12.0443 0.1396 pedestrian
563 8.2525 -0.7156 car
563 23.8655 -0.1745 car
564 12.0443 0.1396 pedestrian
564 8.2525 -0.7156 car
564 23.8655 -0.1745 car
565 12.0443 0.1396 pedestrian
565 8.2525 -0.7156 car
565 23.8655 -0.1745 car
566 11.8212 0.1396 pedestrian
566 8.0295 -0.7505 car
566 23.4194 -0.1920 car
567 11.8212 0.1396 pedestrian
567 8.0295 -0.7505 car
567 23.4194 -0.1920 car
568 11.8212 0.1396 pedestrian
568 8.0295 -0.7505 car
568 23.4194 -0.1920 car
569 11.5982 0.1222 pedestrian
569 7.8065 -0.8029 car
569 22.9733 -0.1745 car
570 11.5982 0.1222 pedestrian
570 7.8065 -0.8029 car
570 22.9733 -0.1745 car
571 11.5982 0.1222 pedestrian
571 7.8065 -0.8029 car
571 22.5272 -0.1745 car
572 11.5982 0.1222 pedestrian
572 7.8065 -0.8029 car
572 22.5272 -0.1745 car
573 11.5982 0.1222 pedestrian
573 7.8065 -0.8029 car
573 22.5272 -0.1745 car
574 11.5982 0.1222 pedestrian
574 7.3604 -0.8727 car
574 21.8581 -0.1920 car
575 11.5982 0.1222 pedestrian
575 7.3604 -0.8727 car
575 21.8581 -0.1920 car
576 11.5982 0.1222 pedestrian
576 7.1373 -0.9076 car
576 21.6351 -0.1745 car
577 11.5982 0.1222 pedestrian
577 7.1373 -0.9076 car
577 21.6351 -0.1745 car
578 11.5982 0.0873 pedestrian
578 6.6913 -0.9599 car
578 21.1890 -0.2094 car
579 11.5982 0.0873 pedestrian
579 6.6913 -0.9599 car
579 21.1890 -0.2094 car
580 11.5982 0.0873 pedestrian
580 6.6913 -0.9599 car
580 21.1890 -0.2094 car
581 11.3751 0.0873 pedestrian
581 6.4682 -0.9948 car
581 20.9659 -0.2094 car
582 11.3751 0.0873 pedestrian
582 6.4682 -0.9948 car
582 20.9659 -0.2094 car
583 11.3751 0.0873 pedestrian
583 6.0221 -1.0123 car
583 20.2968 -0.2269 car
584 11.3751 0.0873 pedestrian
584 6.0221 -1.0123 car
584 20.2968 -0.2269 car
585 11.3751 0.0873 pedestrian
585 6.0221 -1.0123 car
585 20.2968 -0.2269 car
586 11.3751 0.0873 pedestrian
586 6.0221 -1.0123 car
586 19.6277 -0.2443 car
587 11.3751 0.0873 pedestrian
587 6.0221 -1.0123 car
587 19.6277 -0.2443 car
588 11.3751 0.0873 pedestrian
588 6.0221 -1.0123 car
588 19.6277 -0.2443 car
589 11.3751 0.0873 pedestrian
589 6.0221 -1.0123 car
589 19.6277 -0.2443 car
590 10.9290 0.0873 pedestrian
590 6.0221 -1.0123 car
590 19.1816 -0.2443 car
591 10.9290 0.0873 pedestrian
591 6.0221 -1.0123 car
591 19.1816 -0.2443 car
592 10.9290 0.0873 pedestrian
592 6.0221 -1.0123 car
592 19.1816 -0.2443 car
593 10.9290 0.0873 pedestrian
593 18.5125 -0.2618 car
594 10.9290 0.0873 pedestrian
594 18.5125 -0.2618 car
595 10.9290 0.0873 pedestrian
595 18.5125 -0.2618 car
596 10.9290 0.0873 pedestrian
596 18.0664 -0.2793 car
597 10.9290 0.0873 pedestrian
597 18.0664 -0.2793 car
598 10.9290 0.0873 pedestrian
598 18.0664 -0.2793 car
599 10.9290 0.0873 pedestrian
599 17.1742 -0.2967 car
600 10.9290 0.0873 pedestrian
600 17.1742 -0.2967 car
601 10.9290 0.0873 pedestrian
601 17.1742 -0.2967 car
602 10.9290 0.0873 pedestrian
602 17.1742 -0.2967 car
603 10.9290 0.0873 pedestrian
603 17.1742 -0.2967 car
604 10.4830 0.0873 pedestrian
604 16.5051 -0.3142 car
605 10.4830 0.0873 pedestrian
605 16.5051 -0.3142 car
606 10.4830 0.0873 pedestrian
606 15.8360 -0.3316 car
607 10.4830 0.0873 pedestrian
607 15.8360 -0.3316 car
608 10.4830 0.0873 pedestrian
608 15.8360 -0.3316 car
609 10.4830 0.0873 pedestrian
609 15.1668 -0.3491 car
610 10.4830 0.0873 pedestrian
610 15.1668 -0.3491 car
611 10.4830 0.0873 pedestrian
611 15.1668 -0.3491 car
612 10.4830 0.0873 pedestrian
612 14.7208 -0.3491 car
613 10.4830 0.0873 pedestrian
613 14.7208 -0.3491 car
614 10.2599 0.0873 pedestrian
614 14.2747 -0.3665 car
615 10.2599 0.0873 pedestrian
615 14.2747 -0.3665 car
616 10.2599 0.0873 pedestrian
616 14.2747 -0.3665 car
617 10.2599 0.0873 pedestrian
617 13.6056 -0.4014 car
618 10.2599 0.0873 pedestrian
618 13.6056 -0.4014 car
619 10.0369 0.1047 pedestrian
619 13.6056 -0.4014 car
620 10.0369 0.1047 pedestrian
620 13.6056 -0.4014 car
621 10.0369 0.1047 pedestrian
621 13.6056 -0.4014 car
622 10.0369 0.1047 pedestrian
622 12.9364 -0.4189 car
623 10.0369 0.1047 pedestrian
623 12.9364 -0.4189 car
624 10.0369 0.1047 pedestrian
624 12.9364 -0.4189 car
625 10.0369 0.1047 pedestrian
625 12.9364 -0.4189 car
626 9.8138 0.1222 pedestrian
626 12.2673 -0.4363 car
627 9.8138 0.1222 pedestrian
627 12.2673 -0.4363 car
628 9.8138 0.1222 pedestrian
628 12.2673 -0.4363 car
629 9.8138 0.1222 pedestrian
629 12.2673 -0.4363 car
630 9.8138 0.1222 pedestrian
630 11.5982 -0.4712 car
631 9.8138 0.1222 pedestrian
631 11.5982 -0.4712 car
632 9.8138 0.1396 pedestrian
632 11.3751 -0.5061 car
633 9.8138 0.1396 pedestrian
633 11.3751 -0.5061 car
634 9.8138 0.1396 pedestrian
634 11.3751 -0.5061 car
635 9.8138 0.1396 pedestrian
635 10.7060 -0.5411 car
636 9.8138 0.1396 pedestrian
636 10.7060 -0.5411 car
637 9.8138 0.1396 pedestrian
637 10.7060 -0.5411 car
638 9.8138 0.1396 pedestrian
638 10.7060 -0.5411 car
639 9.5908 0.1396 pedestrian
639 10.2599 -0.5585 car
640 9.5908 0.1396 pedestrian
640 10.2599 -0.5585 car
641 9.5908 0.1396 pedestrian
641 10.2599 -0.5585 car
642 9.5908 0.1396 pedestrian
642 10.2599 -0.5585 car
643 9.5908 0.1396 pedestrian
643 10.2599 -0.5585 car
644 9.5908 0.1571 pedestrian
644 10.2599 -0.5585 car
645 9.5908 0.1571 pedestrian
645 10.2599 -0.5585 car
646 9.5908 0.1571 pedestrian
646 10.2599 -0.5585 car
647 9.3678 0.1745 pedestrian
647 9.8138 -0.5934 car
648 9.3678 0.1745 pedestrian
648 9.8138 -0.5934 car
649 9.3678 0.1745 pedestrian
649 9.8138 -0.5934 car
650 9.3678 0.1745 pedestrian
650 9.8138 -0.5934 car
651 9.3678 0.1745 pedestrian
651 9.3678 -0.6458 car
652 9.3678 0.1745 pedestrian
652 9.3678 -0.6458 car
653 9.1447 0.1920 pedestrian
653 8.9217 -0.6807 car
654 9.1447 0.1920 pedestrian
654 8.9217 -0.6807 car
655 9.1447 0.1920 pedestrian
655 8.9217 -0.6807 car
656 9.1447 0.1920 pedestrian
656 8.9217 -0.6807 car
657 9.1447 0.1920 pedestrian
657 8.4756 -0.7330 car
658 9.1447 0.1920 pedestrian
658 8.4756 -0.7330 car
659 9.1447 0.1920 pedestrian
659 8.4756 -0.7330 car
660 9.1447 0.1920 pedestrian
660 8.4756 -0.7330 car
661 8.9217 0.2094 pedestrian
661 8.0295 -0.7679 car
662 8.9217 0.2094 pedestrian
662 8.0295 -0.7679 car
663 8.9217 0.2094 pedestrian
663 8.0295 -0.7679 car
664 8.9217 0.2094 pedestrian
664 8.0295 -0.7679 car
665 8.9217 0.2094 pedestrian
665 7.5834 -0.8378 car
666 8.9217 0.2094 pedestrian
666 7.5834 -0.8378 car
667 8.9217 0.2443 pedestrian
667 7.5834 -0.8727 car
668 8.9217 0.2443 pedestrian
668 7.5834 -0.8727 car
668 24.9807 -0.1745 car
669 8.9217 0.2443 pedestrian
669 7.5834 -0.8727 car
669 24.9807 -0.1745 car
670 8.9217 0.2443 pedestrian
670 7.1373 -0.9076 car
670 24.7576 -0.1745 car
671 8.9217 0.2443 pedestrian
671 7.1373 -0.9076 car
671 24.5346 -0.1745 car
672 8.6986 0.2443 pedestrian
672 6.9143 -0.9425 car
672 24.5346 -0.1745 car
673 8.6986 0.2443 pedestrian
673 6.9143 -0.9425 car
673 24.5346 -0.1745 car
674 8.6986 0.2443 pedestrian
674 6.6913 -0.9774 car
674 24.0885 -0.1745 car
675 8.6986 0.2443 pedestrian
675 6.6913 -0.9774 car
675 23.4194 -0.1745 car
676 8.6986 0.2443 pedestrian
676 6.6913 -0.9774 car
676 23.4194 -0.1745 car
677 8.6986 0.2443 pedestrian
677 6.2452 -1.0123 car
677 23.4194 -0.1745 car
678 8.4756 0.2618 pedestrian
678 6.2452 -1.0123 car
678 22.9733 -0.1745 car
679 8.4756 0.2618 pedestrian
679 6.2452 -1.0123 car
679 22.9733 -0.1745 car
680 8.4756 0.2618 pedestrian
680 6.2452 -1.0123 car
680 22.9733 -0.1745 car
681 8.4756 0.2618 pedestrian
681 6.2452 -1.0123 car
681 22.3042 -0.1745 car
682 8.4756 0.2618 pedestrian
682 22.3042 -0.1745 car
683 8.4756 0.2618 pedestrian
683 22.3042 -0.1745 car
684 8.2525 0.2793 pedestrian
684 21.6351 -0.1920 car
685 8.2525 0.2793 pedestrian
685 21.6351 -0.1920 car
686 8.2525 0.2793 pedestrian
686 21.6351 -0.1920 car
687 8.2525 0.2793 pedestrian
687 21.1890 -0.1920 car
688 8.2525 0.2793 pedestrian
688 21.1890 -0.1920 car
689 8.2525 0.2793 pedestrian
689 21.1890 -0.1920 car
690 8.2525 0.2793 pedestrian
690 21.1890 -0.1920 car
691 8.2525 0.2793 pedestrian
691 20.5198 -0.2269 car
692 8.2525 0.2793 pedestrian
692 20.5198 -0.2269 car
693 8.2525 0.2967 pedestrian
693 20.5198 -0.2269 car
694 8.2525 0.2967 pedestrian
694 20.0738 -0.2094 car
695 8.2525 0.2967 pedestrian
695 20.0738 -0.2094 car
696 8.2525 0.2967 pedestrian
696 19.4046 -0.2269 car
697 8.2525 0.2967 pedestrian
697 19.4046 -0.2269 car
698 7.8065 0.2967 pedestrian
698 18.9586 -0.2443 car
699 7.8065 0.2967 pedestrian
699 18.9586 -0.2443 car
700 7.8065 0.2967 pedestrian
700 18.9586 -0.2443 car
701 7.8065 0.2967 pedestrian
701 18.7355 -0.2618 car
702 7.8065 0.2967 pedestrian
702 18.7355 -0.2618 car
703 7.8065 0.2967 pedestrian
703 18.7355 -0.2618 car
704 7.8065 0.2967 pedestrian
704 18.2894 -0.2618 car
705 7.8065 0.2967 pedestrian
705 18.2894 -0.2618 car
706 7.8065 0.2967 pedestrian
706 18.2894 -0.2618 car
707 7.8065 0.2967 pedestrian
707 17.8433 -0.2618 car
708 7.8065 0.2967 pedestrian
708 17.8433 -0.2618 car
709 7.8065 0.2967 pedestrian
709 17.8433 -0.2618 car
710 7.8065 0.2967 pedestrian
710 17.8433 -0.2618 car
711 7.5834 0.3142 pedestrian
711 17.1742 -0.2793 car
712 7.5834 0.3142 pedestrian
712 17.1742 -0.2793 car
713 7.5834 0.3142 pedestrian
713 17.1742 -0.2793 car
714 7.5834 0.3142 pedestrian
714 16.5051 -0.2967 car
715 7.5834 0.3142 pedestrian
715 16.5051 -0.2967 car
716 7.5834 0.3142 pedestrian
716 16.5051 -0.2967 car
717 7.5834 0.3142 pedestrian
717 15.8360 -0.3142 car
718 7.1373 0.2967 pedestrian
718 15.8360 -0.3142 car
719 7.1373 0.2967 pedestrian
719 15.8360 -0.3142 car
720 7.1373 0.2967 pedestrian
720 15.8360 -0.3142 car
721 7.1373 0.2967 pedestrian
721 15.3899 -0.3316 car
722 7.1373 0.2967 pedestrian
722 15.3899 -0.3316 car
723 7.1373 0.2967 pedestrian
723 15.3899 -0.3316 car
724 7.1373 0.2967 pedestrian
724 15.3899 -0.3316 car
725 7.1373 0.2967 pedestrian
725 14.2747 -0.3491 car
726 7.1373 0.2967 pedestrian
726 14.2747 -0.3491 car
727 7.1373 0.2967 pedestrian
727 14.2747 -0.3491 car
728 7.1373 0.2967 pedestrian
728 14.2747 -0.3491 car
729 6.9143 0.2618 pedestrian
729 13.8286 -0.3840 car
730 6.9143 0.2618 pedestrian
730 13.8286 -0.3840 car
731 6.9143 0.2618 pedestrian
731 13.8286 -0.3840 car
732 6.9143 0.2618 pedestrian
732 13.1595 -0.4014 car
733 6.9143 0.2618 pedestrian
733 13.1595 -0.4014 car
734 6.9143 0.2618 pedestrian
734 13.1595 -0.4014 car
735 6.9143 0.2618 pedestrian
735 13.1595 -0.4014 car
736 6.9143 0.2094 pedestrian
736 12.7134 -0.4189 car
737 6.9143 0.2094 pedestrian
737 12.7134 -0.4189 car
738 6.9143 0.2094 pedestrian
738 12.7134 -0.4189 car
739 6.6913 0.2269 pedestrian
739 12.2673 -0.4363 car
740 6.6913 0.2269 pedestrian
740 12.2673 -0.4363 car
741 6.6913 0.2269 pedestrian
741 12.2673 -0.4363 car
742 6.6913 0.2269 pedestrian
742 12.2673 -0.4363 car
743 6.6913 0.2269 pedestrian
743 11.8212 -0.4712 car
744 6.6913 0.2269 pedestrian
744 11.8212 -0.4712 car
745 6.6913 0.2269 pedestrian
745 11.8212 -0.4712 car
746 6.6913 0.1745 pedestrian
746 11.3751 -0.5061 car
747 6.6913 0.1745 pedestrian
747 11.3751 -0.5061 car
748 6.6913 0.1745 pedestrian
748 11.3751 -0.5061 car
749 6.6913 0.1745 pedestrian
749 11.3751 -0.5061 car
750 6.6913 0.1745 pedestrian
750 11.3751 -0.5061 car
751 6.6913 0.1745 pedestrian
751 10.7060 -0.5585 car
752 6.6913 0.1745 pedestrian
752 10.7060 -0.5585 car
753 6.6913 0.1745 pedestrian
753 10.7060 -0.5585 car
754 6.6913 0.1745 pedestrian
754 10.7060 -0.5585 car
755 6.6913 0.1745 pedestrian
755 10.0369 -0.5934 car
756 6.6913 0.1745 pedestrian
756 10.0369 -0.5934 car
757 6.6913 0.1745 pedestrian
757 10.0369 -0.5934 car
758 6.4682 0.1222 pedestrian
758 9.5908 -0.6283 car
759 6.4682 0.1222 pedestrian
759 9.5908 -0.6283 car
760 6.4682 0.1222 pedestrian
760 9.5908 -0.6283 car
761 6.4682 0.1222 pedestrian
761 9.5908 -0.6283 car
762 6.4682 0.1222 pedestrian
762 9.5908 -0.6283 car
763 6.4682 0.1222 pedestrian
763 8.9217 -0.6807 car
764 6.4682 0.1222 pedestrian
764 8.9217 -0.6807 car
765 6.4682 0.1222 pedestrian
765 8.9217 -0.6807 car
766 6.4682 0.1222 pedestrian
766 8.9217 -0.6807 car
767 6.4682 0.1222 pedestrian
767 8.9217 -0.6807 car
768 6.4682 0.1222 pedestrian
768 8.9217 -0.6807 car
769 6.6913 0.1047 pedestrian
769 8.2525 -0.7330 car
770 6.6913 0.1047 pedestrian
770 8.2525 -0.7330 car
771 6.6913 0.1047 pedestrian
771 8.2525 -0.7330 car
772 6.6913 0.1047 pedestrian
772 8.2525 -0.7330 car
773 6.6913 0.1047 pedestrian
773 8.2525 -0.7330 car
774 6.6913 0.1047 pedestrian
774 8.2525 -0.7330 car
775 6.6913 0.1047 pedestrian
775 8.2525 -0.7330 car
776 6.9143 0.1222 pedestrian
776 7.5834 -0.7679 car
777 6.9143 0.1222 pedestrian
777 7.5834 -0.7679 car
778 6.9143 0.1222 pedestrian
778 7.5834 -0.7679 car
779 6.9143 0.1222 pedestrian
779 7.5834 -0.7679 car
780 6.9143 0.1222 pedestrian
780 7.5834 -0.7679 car
781 6.9143 0.1222 pedestrian
781 7.5834 -0.7679 car
782 7.1373 0.0873 pedestrian
782 7.1373 -0.8552 car
783 7.1373 0.0873 pedestrian
783 7.1373 -0.8552 car
784 7.1373 0.0873 pedestrian
784 7.1373 -0.8552 car
785 7.1373 0.0873 pedestrian
785 7.1373 -0.8552 car
786 7.1373 0.0873 pedestrian
786 7.1373 -0.8552 car
787 7.1373 0.0873 pedestrian
787 6.9143 -0.9599 car
788 7.1373 0.0873 pedestrian
788 6.9143 -0.9599 car
789 7.1373 0.0873 pedestrian
789 6.9143 -0.9599 car
790 7.1373 0.0873 pedestrian
790 6.9143 -0.9599 car
791 7.1373 0.0873 pedestrian
791 6.9143 -0.9599 car
792 7.1373 0.0873 pedestrian
792 6.9143 -0.9599 car
793 7.3604 0.0524 pedestrian
793 6.9143 -0.9599 car
794 7.3604 0.0873 pedestrian
795 7.3604 0.0873 pedestrian
796 7.3604 0.0873 pedestrian
797 7.5834 0.0698 pedestrian
798 7.5834 0.0698 pedestrian
799 7.5834 0.0698 pedestrian
800 7.5834 0.0698 pedestrian
801 7.5834 0.0698 pedestrian
802 7.5834 0.0698 pedestrian
803 7.5834 0.0698 pedestrian
804 7.5834 0.0698 pedestrian
805 7.5834 0.0698 pedestrian
806 7.5834 0.0698 pedestrian
807 7.8065 0.0698 pedestrian
808 7.8065 0.0698 pedestrian
809 7.8065 0.0698 pedestrian
810 7.8065 0.0698 pedestrian
811 7.8065 0.0698 pedestrian
812 7.8065 0.0698 pedestrian
813 8.0295 0.0873 pedestrian
814 8.0295 0.0873 pedestrian
815 8.0295 0.0873 pedestrian
816 8.0295 0.0873 pedestrian
817 8.0295 0.0873 pedestrian
818 8.0295 0.0873 pedestrian
819 8.0295 0.0873 pedestrian
820 8.2525 0.0873 pedestrian
821 8.2525 0.0873 pedestrian
822 8.2525 0.0873 pedestrian
823 8.2525 0.0873 pedestrian
824 8.2525 0.0873 pedestrian
825 8.2525 0.0873 pedestrian
826 8.2525 0.0873 pedestrian
827 8.2525 0.0873 pedestrian
828 8.2525 0.0873 pedestrian
829 8.4756 0.1222 pedestrian
830 8.4756 0.1222 pedestrian
831 8.4756 0.1222 pedestrian
832 8.4756 0.1222 pedestrian
833 8.4756 0.1222 pedestrian
834 8.4756 0.1222 pedestrian
835 8.9217 0.1571 pedestrian
836 8.9217 0.1571 pedestrian
837 8.9217 0.1571 pedestrian
838 8.9217 0.1571 pedestrian
839 8.9217 0.1571 pedestrian
840 8.9217 0.1571 pedestrian
841 8.9217 0.1571 pedestrian
842 8.9217 0.1571 pedestrian
843 8.9217 0.1571 pedestrian
844 8.9217 0.1571 pedestrian
845 8.9217 0.1571 pedestrian
846 8.9217 0.1571 pedestrian
847 8.9217 0.1571 pedestrian
848 8.9217 0.1571 pedestrian
849 8.9217 0.1571 pedestrian
850 9.3678 0.1571 pedestrian
851 9.3678 0.1571 pedestrian
852 9.3678 0.1571 pedestrian
853 9.3678 0.1571 pedestrian
854 9.3678 0.1571 pedestrian
855 9.3678 0.1571 pedestrian
856 9.3678 0.1571 pedestrian
857 9.3678 0.1571 pedestrian
858 9.3678 0.1571 pedestrian
859 9.3678 0.1571 pedestrian
860 9.3678 0.1571 pedestrian
861 9.8138 0.1571 pedestrian
862 9.8138 0.1571 pedestrian
863 9.8138 0.1571 pedestrian
864 9.8138 0.1571 pedestrian
865 9.8138 0.1571 pedestrian
866 9.8138 0.1571 pedestrian
867 9.8138 0.1571 pedestrian
868 9.8138 0.1571 pedestrian
869 9.8138 0.1571 pedestrian
870 10.2599 0.1745 pedestrian
871 10.2599 0.1745 pedestrian
872 10.2599 0.1745 pedestrian
873 10.2599 0.1745 pedestrian
874 10.2599 0.1745 pedestrian
875 10.2599 0.1745 pedestrian
876 10.2599 0.1745 pedestrian
877 10.2599 0.1745 pedestrian
878 10.2599 0.1745 pedestrian
879 10.4830 0.1571 pedestrian
880 10.4830 0.1571 pedestrian
881 10.4830 0.1571 pedestrian
882 10.4830 0.1571 pedestrian
883 10.4830 0.1571 pedestrian
884 10.4830 0.1571 pedestrian
885 10.4830 0.1571 pedestrian
886 10.4830 0.1571 pedestrian
887 10.4830 0.1571 pedestrian
888 10.9290 0.1571 pedestrian
889 10.9290 0.1571 pedestrian
890 10.9290 0.1571 pedestrian
891 10.9290 0.1571 pedestrian
892 10.9290 0.1571 pedestrian
893 10.9290 0.1571 pedestrian
894 10.9290 0.1571 pedestrian
895 10.9290 0.1571 pedestrian
896 10.9290 0.1571 pedestrian
897 10.9290 0.1571 pedestrian
898 10.9290 0.1571 pedestrian
899 11.1521 0.1396 pedestrian
