0 5.9025 0.0190 car
1 15.2948 -0.1348 pedestrian
2 15.2945 -0.1323 pedestrian
2 5.6453 0.0560 car
3 15.2939 -0.1266 pedestrian
3 5.6453 0.0560 car
4 15.2937 -0.1249 pedestrian
4 18.7162 -0.2394 car
4 5.6453 0.0560 car
4 18.3143 -0.4353 car
5 18.1008 -0.4318 car
5 5.6453 0.0560 car
6 5.6453 0.0560 car
6 18.1006 -0.4305 car
7 18.5065 -0.2669 car
7 5.6453 0.0560 car
8 18.2056 -0.3957 car
8 5.6453 0.0560 car
9 15.2911 -0.1025 pedestrian
9 18.5185 -0.4228 car
9 5.6453 0.0560 car
10 18.1038 -0.3874 car
10 5.6453 0.0560 car
11 18.0930 -0.4199 car
11 5.9021 0.0223 car
12 17.6810 -0.3960 car
12 5.9019 0.0240 car
13 15.0775 -0.0975 pedestrian
13 17.2574 -0.4132 car
13 5.6453 0.0560 car
14 15.2904 -0.0967 pedestrian
14 5.6444 0.0644 car
14 17.2574 -0.4132 car
15 5.6444 0.0644 car
15 17.0444 -0.4132 car
16 5.2630 0.0207 car
16 17.0322 -0.4059 car
17 5.2627 0.0232 car
17 16.8313 -0.4132 car
18 5.6453 0.0560 car
18 16.8313 -0.4132 car
19 16.6183 -0.3961 car
20 16.3919 -0.3966 car
21 16.6047 -0.3945 car
21 5.6453 0.0560 car
22 16.1922 -0.4132 car
22 5.6453 0.0560 car
23 5.9017 0.0257 car
23 16.1922 -0.3961 car
24 5.9021 0.0223 car
24 15.9791 -0.3961 car
25 5.6453 0.0560 car
25 15.9791 -0.3961 car
26 6.1065 0.0605 car
26 16.1915 -0.4976 car
27 15.9791 -0.4305 car
27 6.6039 0.0536 car
28 5.6453 0.0560 car
28 15.5530 -0.3961 car
29 5.6453 0.0560 car
29 15.7661 -0.3622 car
30 15.3400 -0.3961 car
30 5.6453 0.0560 car
31 15.8632 -0.4147 car
31 5.9017 0.0265 car
32 15.1269 -0.3961 car
32 5.9019 0.0240 car
33 6.1054 0.0376 car
33 15.1108 -0.3743 car
34 15.4413 -0.4229 car
34 5.9020 0.0232 car
35 5.9025 0.0190 car
35 14.6844 -0.3721 car
36 14.7008 -0.3622 car
37 5.2626 0.0249 car
37 14.4877 -0.3961 car
38 14.4877 -0.3454 car
38 5.2628 0.0223 car
39 5.2625 0.0257 car
39 14.2578 -0.3684 car
40 5.2629 0.0215 car
40 14.2747 -0.3622 car
41 5.2629 0.0215 car
41 14.2747 -0.4305 car
42 6.1063 0.0436 car
42 14.3765 -0.4054 car
43 14.1231 -0.3966 car
43 5.9017 0.0257 car
44 5.9020 0.0232 car
44 13.8486 -0.3791 car
45 5.6453 0.0560 car
45 13.6355 -0.3961 car
46 13.4225 -0.3791 car
46 5.9020 0.0232 car
47 6.1065 0.0511 car
47 14.0027 -0.4004 car
48 12.9963 -0.3961 car
48 5.6444 0.0644 car
49 12.9963 -0.4132 car
49 5.6444 0.0644 car
50 5.6444 0.0644 car
50 12.7833 -0.4132 car
51 5.2630 0.0207 car
51 12.9963 -0.3622 car
52 5.2626 0.0240 car
52 12.5702 -0.4132 car
53 5.2629 0.0215 car
53 12.3572 -0.3961 car
54 5.2624 0.0265 car
54 12.5702 -0.3454 car
55 12.9896 -0.3657 car
55 5.6453 0.0560 car
56 5.6453 0.0560 car
56 12.1441 -0.3961 car
57 21.6885 -0.1513 car
57 11.9144 -0.3714 car
57 5.2623 0.0274 car
58 11.9311 -0.3791 car
58 5.2628 0.0223 car
58 21.4913 -0.2833 car
59 21.4915 -0.2848 car
59 11.5050 -0.4132 car
59 5.2628 0.0223 car
60 12.9963 -0.3961 car
60 5.2624 0.0265 car
60 21.4756 -0.1521 car
61 12.5698 -0.4044 car
61 6.1784 0.0304 car
61 21.4758 -0.1537 car
62 21.0634 -0.2685 car
62 11.2919 -0.3961 car
62 5.2625 0.0257 car
63 21.4756 -0.1521 car
63 10.8658 -0.4305 car
63 5.2626 0.0249 car
64 12.1424 -0.3956 car
64 5.2623 0.0274 car
64 21.5527 -0.2476 car
65 5.2623 0.0274 car
65 21.2745 -0.2421 car
65 12.3264 -0.2560 car
66 5.4755 0.0265 car
66 10.8658 -0.3791 car
66 21.2802 -0.2479 car
67 21.2075 -0.2257 car
67 5.4756 0.0249 car
67 10.4397 -0.4305 car
68 10.2266 -0.4305 car
68 5.2624 0.0265 car
68 20.8356 -0.1455 car
69 5.2624 0.0265 car
69 10.0136 -0.4479 car
70 5.9019 0.0240 car
70 10.2266 -0.4479 car
70 20.6317 -0.2226 car
71 20.7722 -0.1421 car
71 9.8005 -0.4479 car
71 5.9019 0.0240 car
72 9.5875 -0.4479 car
72 20.4168 -0.2066 car
72 5.6453 0.0560 car
73 9.3744 -0.4479 car
73 5.2624 0.0265 car
74 5.4756 0.0257 car
74 9.3744 -0.4479 car
74 20.4131 -0.1758 car
75 9.3744 -0.4831 car
75 5.4754 0.0274 car
76 9.1614 -0.4831 car
76 5.4754 0.0274 car
76 20.4114 -0.1619 car
77 9.1614 -0.5191 car
77 5.4755 0.0265 car
77 20.4099 -0.1488 car
78 8.9401 -0.4408 car
78 5.2621 0.0291 car
78 20.1966 -0.1472 car
79 8.7352 -0.5010 car
79 6.0713 0.0217 car
80 20.6192 -0.1166 car
80 8.5222 -0.5373 car
80 5.2625 0.0257 car
81 20.8733 -0.1904 car
81 8.3091 -0.5373 car
82 20.6167 -0.0950 car
82 8.3091 -0.4831 car
82 6.0713 0.0217 car
83 20.6481 -0.1717 car
83 8.0961 -0.5932 car
83 5.2628 0.0223 car
84 20.5494 -0.1348 car
84 6.1778 0.0220 car
84 7.8830 -0.5373 car
85 21.2309 0.1358 pedestrian
85 20.1847 -0.0432 car
85 7.8830 -0.5557 car
85 6.1778 0.0220 car
86 14.6257 0.1399 pedestrian
86 20.5283 0.0962 car
86 5.4763 0.0190 car
86 7.6700 -0.5744 car
86 20.9425 -0.1989 car
87 14.6256 0.1407 pedestrian
87 20.5437 0.0957 car
87 7.2439 -0.5932 car
87 5.2626 0.0249 car
87 20.4108 -0.1562 car
88 21.2302 0.1424 pedestrian
88 7.4569 -0.5744 car
88 5.2630 0.0207 car
88 20.6339 -0.1744 car
89 14.8380 0.1473 pedestrian
89 7.2439 -0.6124 car
89 20.5367 0.0881 car
89 5.2626 0.0240 car
89 20.7304 -0.1674 car
90 21.0165 0.1490 pedestrian
90 7.0308 -0.5932 car
90 5.2632 0.0190 car
90 20.4103 -0.1521 car
90 20.7625 0.0873 car
91 20.1641 0.1506 pedestrian
91 6.8178 -0.6317 car
91 5.2623 0.0274 car
92 20.1633 0.1588 pedestrian
92 20.6604 0.1418 car
92 5.2626 0.0249 car
92 6.6047 -0.6317 car
93 20.1628 0.1645 pedestrian
93 6.3916 -0.6317 car
93 5.2621 0.0291 car
94 14.8364 0.1637 pedestrian
94 6.3916 -0.6317 car
94 20.1687 0.1052 car
94 6.0713 0.0217 car
95 20.1690 0.1027 car
95 6.1786 -0.6317 car
95 6.0719 0.0148 car
96 20.2402 0.1821 pedestrian
96 5.9655 -0.6317 car
96 6.0719 0.0305 car
96 20.6009 0.0475 car
97 20.1613 0.1792 pedestrian
97 5.9655 -0.6514 car
97 6.0719 0.0305 car
98 5.7525 -0.6714 car
98 6.0719 0.0305 car
98 20.3719 0.2051 car
99 6.0713 0.0217 car
99 20.5848 0.2067 car
99 6.3916 -0.5932 car
100 15.0479 0.1792 pedestrian
100 6.6047 -0.6317 car
100 20.3716 0.2084 car
100 5.2626 0.0240 car
101 20.3741 0.1817 pedestrian
101 5.2625 0.0257 car
101 5.9655 -0.6714 car
102 14.9134 0.2223 pedestrian
102 20.7996 0.1890 car
102 6.0719 0.0305 car
102 6.3916 -0.6714 car
103 20.1604 0.1890 pedestrian
103 14.8320 0.2092 car
103 5.7525 -0.6714 car
103 5.4760 0.0215 car
104 20.1601 0.1922 pedestrian
104 6.0713 0.0217 car
104 5.5394 -0.6317 car
105 14.8330 0.1987 pedestrian
105 20.1566 0.2292 car
105 5.7525 -0.6714 car
105 5.2626 0.0249 car
106 14.8328 0.2011 pedestrian
106 5.3264 -0.6916 car
106 5.2628 0.0223 car
107 5.9655 -0.6714 car
107 20.5802 0.2561 car
107 5.2626 0.0249 car
108 15.0455 0.2043 pedestrian
108 20.3683 0.2435 pedestrian
108 5.7525 -0.6916 car
108 5.2623 0.0274 car
109 5.7525 -0.7123 car
109 15.0406 0.2577 car
109 5.2632 0.0190 car
110 15.0450 0.2100 pedestrian
110 5.5394 -0.7123 car
110 5.2632 0.0190 car
111 5.2626 0.0249 car
111 5.7525 -0.7123 car
112 6.1786 -0.6317 car
112 5.2626 0.0249 car
113 5.2627 0.0232 car
113 6.1786 -0.6514 car
114 5.2625 0.0257 car
114 6.3916 -0.6124 car
115 5.2630 0.0207 car
116 5.4758 0.0232 car
117 15.2568 0.2228 pedestrian
117 5.4756 0.0249 car
118 5.2625 0.0257 car
119 6.2620 -0.0766 car
120 6.1558 -0.0594 car
121 14.8287 0.2443 pedestrian
121 6.1514 -0.0685 car
122 5.2627 0.0232 car
123 5.2633 0.0181 car
124 5.2630 0.0207 car
125 21.4755 -0.1513 car
125 6.3635 -0.0681 car
126 6.3721 -0.0500 car
127 21.4756 -0.1521 car
127 6.2658 -0.0489 car
128 6.2573 -0.0667 car
129 21.2625 -0.1521 car
129 5.2626 0.0249 car
130 5.2628 0.0223 car
131 21.0495 -0.1521 car
131 5.2627 0.0232 car
132 21.2745 -0.2689 car
132 5.2626 0.0249 car
133 20.6397 -0.2879 car
133 5.2626 0.0240 car
134 20.6383 -0.2771 car
134 5.2629 0.0215 car
135 20.7722 -0.2061 car
135 5.2631 0.0198 car
136 20.8353 -0.2484 car
136 5.2636 0.0148 car
137 5.2635 0.0156 car
137 20.4106 -0.1546 car
138 20.1970 -0.1505 car
138 5.4757 0.0240 car
139 5.4762 0.0198 car
139 20.5598 -0.1343 car
140 20.4507 -0.1341 car
140 5.4760 0.0215 car
141 5.4760 0.0215 car
142 20.2001 -0.1766 car
142 5.4758 0.0232 car
143 5.2635 0.0156 car
143 20.4912 -0.1990 car
144 20.4104 -0.1529 car
144 5.2635 0.0165 car
145 21.0473 -0.1340 car
145 5.2628 0.0223 car
146 21.0472 -0.1332 car
146 5.2628 0.0223 car
147 20.6637 -0.1983 car
147 5.2633 0.0181 car
148 19.9771 -0.0917 car
148 5.2631 0.0198 car
149 5.2626 0.0240 car
149 20.4102 -0.1513 car
150 20.1973 -0.1529 car
151 19.9771 -0.0917 car
151 6.0713 0.0217 car
152 19.9750 -0.0725 car
152 6.0713 0.0217 car
153 5.2630 0.0207 car
154 19.9807 -0.1224 car
154 5.2626 0.0240 car
155 5.2626 0.0249 car
156 5.2624 0.0265 car
157 5.2624 0.0265 car
158 5.2626 0.0249 car
159 19.9573 0.0893 car
159 5.4757 0.0240 car
160 20.2376 0.2144 car
160 5.4760 0.0215 car
161 20.4526 0.2386 car
161 5.4754 0.0274 car
162 20.3774 0.1481 car
162 5.4755 0.0265 car
163 20.1633 0.1588 car
163 5.4759 0.0223 car
164 20.3753 0.1694 car
164 5.4758 0.0232 car
165 20.3746 0.1768 car
165 5.2624 0.0265 car
166 20.3425 0.2528 car
166 5.2625 0.0257 car
167 5.2634 0.0173 car
167 20.1978 0.2316 car
168 5.4761 0.0207 car
168 20.5860 0.1946 car
169 5.4763 0.0190 car
169 19.9465 0.1979 car
170 5.4766 0.0165 car
171 5.4761 0.0207 car
171 20.1585 0.2084 car
172 20.8787 0.2221 car
172 5.4757 0.0240 car
173 20.1550 0.2458 car
173 5.4761 0.0207 car
174 5.4759 0.0223 car
175 5.4758 0.0232 car
175 14.6816 -0.3500 car
176 5.4758 0.0232 car
177 5.4759 0.0223 car
178 5.4761 0.0207 car
179 14.6858 -0.3837 car
179 5.4765 0.0173 car
180 5.4762 0.0198 car
181 5.4760 0.0215 car
182 5.4764 0.0181 car
183 5.4758 0.0232 car
184 5.4763 0.0190 car
185 5.4760 0.0215 car
185 14.6930 -0.4415 car
186 14.6947 -0.4552 car
186 5.4758 0.0232 car
187 5.4756 0.0257 car
187 14.6956 -0.4626 car
188 5.4758 0.0232 car
188 14.6966 -0.4700 car
189 5.4757 0.0240 car
189 14.6977 -0.4786 car
190 5.4759 0.0223 car
190 14.6991 -0.4898 car
191 5.4761 0.0207 car
191 14.6995 -0.4931 car
192 14.7000 -0.4976 car
192 5.4762 0.0198 car
193 5.4755 0.0265 car
193 14.7008 -0.5041 car
194 5.4762 0.0198 car
195 5.4757 0.0240 car
196 15.8732 0.5061 car
196 5.2627 0.0232 car
196 14.7025 -0.5175 car
197 5.2629 0.0215 car
198 5.4757 0.0240 car
199 5.4756 0.0249 car
200 5.4762 0.0198 car
201 5.4755 0.0265 car
202 5.4763 0.0190 car
203 5.2629 0.0215 car
204 5.2624 0.0265 car
205 5.2627 0.0232 car
206 5.2626 0.0249 car
207 5.4760 0.0215 car
208 5.4757 0.0240 car
209 5.4757 0.0240 car
210 5.4756 0.0249 car
211 5.4753 0.0282 car
212 5.4755 0.0265 car
213 5.2629 0.0215 car
214 5.2630 0.0207 car
215 5.4767 0.0148 car
216 5.4756 0.0257 car
217 5.4763 0.0190 car
218 5.4756 0.0249 car
219 5.4757 0.0240 car
221 5.4757 0.0240 car
222 5.4755 0.0265 car
223 5.4766 0.0165 car
224 5.4763 0.0190 car
225 5.4759 0.0223 car
226 5.4758 0.0232 car
227 5.4766 0.0165 car
228 5.4756 0.0249 car
229 5.4761 0.0207 car
230 5.4760 0.0215 car
231 14.7038 -0.5276 car
231 5.4762 0.0198 car
232 14.7031 -0.5219 car
232 5.4754 0.0274 car
233 14.7024 -0.5162 car
233 5.4765 0.0173 car
234 14.7016 -0.5099 car
234 5.4765 0.0173 car
235 14.7006 -0.5022 car
235 5.4758 0.0232 car
236 5.4759 0.0223 car
237 5.4759 0.0223 car
238 5.4756 0.0249 car
239 5.4756 0.0249 car
240 14.6962 -0.4673 car
240 5.4755 0.0265 car
241 14.6949 -0.4565 car
241 5.4756 0.0249 car
242 14.6934 -0.4443 car
242 5.4758 0.0232 car
243 5.4756 0.0257 car
243 14.6911 -0.4263 car
244 5.4764 0.0181 car
244 14.6893 -0.4116 car
245 5.4761 0.0207 car
245 14.6875 -0.3974 car
245 21.4112 -0.3708 car
246 5.4758 0.0232 car
246 21.0585 -0.2282 car
247 20.8453 -0.2266 car
247 14.6835 -0.3648 car
247 5.4757 0.0240 car
248 5.4762 0.0198 car
248 21.4855 -0.2354 car
249 21.0560 -0.3556 car
249 5.4763 0.0190 car
250 20.6431 -0.3163 car
250 5.4761 0.0207 car
251 5.4761 0.0207 car
251 20.7475 -0.2968 car
252 5.4766 0.0156 car
252 20.8515 -0.2778 car
253 5.4760 0.0215 car
253 21.3055 -0.3622 car
254 19.9953 -0.2449 car
254 5.4764 0.0181 car
255 20.2297 -0.2147 car
255 14.6826 -0.3582 car
255 5.4763 0.0190 car
256 5.4761 0.0207 car
256 20.8786 -0.3372 car
257 20.1867 -0.2237 car
257 5.4763 0.0190 car
258 5.4761 0.0207 car
258 14.6823 -0.3552 car
259 20.1986 -0.1832 car
259 5.4756 0.0257 car
260 5.4757 0.0240 car
261 19.9822 -0.1356 car
261 5.4756 0.0249 car
262 5.4759 0.0223 car
262 14.6866 -0.3902 car
263 14.6877 -0.3988 car
263 20.2396 -0.1581 car
263 5.4764 0.0181 car
264 14.6888 -0.4080 car
264 5.4758 0.0232 car
265 19.7746 -0.0559 car
265 5.4755 0.0265 car
265 14.6900 -0.4172 car
266 14.6911 -0.4263 car
266 5.4756 0.0249 car
267 14.6920 -0.4332 car
267 5.4757 0.0240 car
268 5.4757 0.0240 car
268 14.6930 -0.4415 car
269 5.4759 0.0223 car
270 20.0265 0.2063 car
270 5.4760 0.0215 car
271 14.6962 -0.4673 car
271 5.4761 0.0207 car
272 5.4758 0.0232 car
272 19.5269 0.1317 car
272 14.6969 -0.4726 car
273 19.9508 0.1531 car
273 5.4760 0.0215 car
273 14.6982 -0.4832 car
274 14.6990 -0.4891 car
274 5.4756 0.0257 car
275 5.4758 0.0232 car
275 14.6997 -0.4950 car
276 5.4756 0.0249 car
276 14.7003 -0.4996 car
277 19.7349 0.1825 car
277 14.7008 -0.5041 car
277 5.4756 0.0257 car
278 20.5591 0.2065 car
278 14.7016 -0.5099 car
278 5.4755 0.0265 car
279 5.4758 0.0232 car
279 20.6663 0.2304 car
280 5.4756 0.0249 car
280 19.7306 0.2276 car
281 14.7028 -0.5201 car
281 5.4753 0.0282 car
282 19.9403 0.2639 car
282 5.4759 0.0223 car
282 14.7032 -0.5232 car
283 5.4762 0.0198 car
283 14.7038 -0.5276 car
284 14.7043 -0.5320 car
284 5.4757 0.0240 car
285 5.4755 0.0265 car
285 14.7049 -0.5364 car
286 1.2118 0.0173 car
287 5.4759 0.0223 car
288 5.4759 0.0223 car
289 5.4757 0.0240 car
290 5.4757 0.0240 car
291 5.4755 0.0265 car
292 5.4756 0.0257 car
293 5.4756 0.0249 car
294 5.4756 0.0257 car
295 5.4756 0.0249 car
295 14.7034 -0.5245 car
296 14.7028 -0.5201 car
296 5.4755 0.0265 car
297 14.7019 -0.5124 car
297 5.4761 0.0207 car
298 14.7011 -0.5060 car
298 5.4758 0.0232 car
299 14.7002 -0.4989 car
299 5.4756 0.0257 car
300 14.6995 -0.4937 car
300 5.4756 0.0249 car
301 5.4758 0.0232 car
302 14.6979 -0.4806 car
302 5.4757 0.0240 car
303 5.4756 0.0249 car
304 5.4756 0.0257 car
305 5.4764 0.0181 car
305 14.6941 -0.4504 car
306 5.4763 0.0190 car
306 14.6924 -0.4367 car
307 14.6910 -0.4256 car
307 5.4758 0.0232 car
308 14.6890 -0.4094 car
308 5.4765 0.0173 car
309 14.6876 -0.3981 car
309 5.4758 0.0232 car
310 14.6857 -0.3830 car
310 21.4827 -0.2122 car
310 5.4756 0.0257 car
311 14.6842 -0.3706 car
311 5.4756 0.0257 car
312 5.4757 0.0240 car
312 14.6823 -0.3552 car
313 5.4757 0.0240 car
313 21.2707 -0.2210 car
314 5.4758 0.0232 car
315 5.4754 0.0274 car
316 21.6289 -0.3247 car
316 5.4759 0.0223 car
317 21.0496 -0.1529 car
317 5.4757 0.0240 car
318 20.6363 -0.2607 car
318 5.4758 0.0232 car
319 20.8767 -0.1820 car
319 5.4756 0.0257 car
320 21.5156 -0.3289 car
320 20.8363 -0.1513 car
320 5.4757 0.0240 car
321 20.6663 -0.1502 car
321 5.4753 0.0282 car
322 20.4163 -0.2026 car
322 6.1769 0.0133 car
323 21.0811 -0.2797 car
323 6.1769 0.0133 car
324 20.5572 -0.1186 car
324 5.4758 0.0232 car
325 5.4752 0.0291 car
325 20.8372 -0.1587 car
326 5.4760 0.0215 car
326 14.6829 -0.3604 car
327 20.6603 -0.1904 car
328 20.4070 -0.1241 car
328 5.4756 0.0249 car
329 5.4763 0.0190 car
329 20.4060 -0.1150 car
330 20.4044 -0.1017 car
330 5.4763 0.0190 car
331 20.1893 -0.0833 car
331 5.4755 0.0265 car
332 19.9641 0.0257 car
333 19.9726 -0.0516 car
333 5.4756 0.0249 car
334 19.9699 -0.0272 car
334 5.4756 0.0249 car
335 5.4756 0.0249 car
336 5.4763 0.0190 car
337 5.4756 0.0257 car
337 20.4121 0.1193 car
338 20.8079 0.1052 car
338 5.4759 0.0223 car
339 20.1670 0.1226 car
339 5.4765 0.0173 car
340 20.3783 0.1399 car
340 5.4756 0.0257 car
341 5.4762 0.0198 car
342 20.5886 0.1670 car
342 5.4758 0.0232 car
343 5.4756 0.0249 car
344 5.4757 0.0240 car
345 5.4758 0.0232 car
345 20.4104 0.2315 car
346 20.4506 0.1982 car
346 6.2834 0.0129 car
347 20.3719 0.2051 car
347 6.2834 0.0129 car
349 20.3693 0.2332 car
349 5.4757 0.0240 car
350 14.7032 -0.5232 car
350 5.4758 0.0232 car
351 14.7029 -0.5207 car
351 5.4756 0.0257 car
352 22.0706 0.2671 car
352 14.7028 -0.5201 car
352 5.4755 0.0265 car
353 14.7023 -0.5156 car
353 5.4756 0.0249 car
354 5.4759 0.0223 car
355 5.4758 0.0232 car
355 14.7016 -0.5105 car
356 14.7013 -0.5079 car
356 5.4761 0.0207 car
357 5.4757 0.0240 car
358 14.7006 -0.5022 car
358 5.4762 0.0198 car
359 5.4760 0.0215 car
360 5.4755 0.0265 car
360 14.7000 -0.4976 car
361 14.7000 -0.4970 car
361 5.4759 0.0223 car
362 5.4757 0.0240 car
363 5.4762 0.0198 car
364 14.6991 -0.4898 car
364 5.4754 0.0274 car
365 5.4760 0.0215 car
366 14.6986 -0.4859 car
366 5.4759 0.0223 car
367 5.4760 0.0215 car
367 14.6983 -0.4839 car
368 14.6970 -0.4733 car
368 5.4765 0.0173 car
369 14.6980 -0.4813 car
369 5.4765 0.0173 car
370 14.6977 -0.4786 car
370 5.4757 0.0240 car
371 14.6969 -0.4726 car
371 5.4756 0.0257 car
372 5.4759 0.0223 car
372 14.6965 -0.4693 car
373 14.6966 -0.4700 car
373 5.4759 0.0223 car
374 14.6945 -0.4538 car
374 5.4759 0.0223 car
375 14.6937 -0.4470 car
375 5.4755 0.0265 car
376 14.6931 -0.4422 car
376 5.4758 0.0232 car
377 14.6939 -0.4484 car
377 5.4756 0.0257 car
378 14.6942 -0.4511 car
378 5.4757 0.0240 car
379 5.4759 0.0223 car
380 5.4756 0.0257 car
380 14.6935 -0.4456 car
381 5.4756 0.0257 car
381 14.6932 -0.4429 car
382 14.6933 -0.4436 car
382 5.4766 0.0165 car
383 14.6931 -0.4422 car
383 5.4758 0.0232 car
384 14.6926 -0.4381 car
384 5.4756 0.0257 car
385 14.6931 -0.4422 car
385 5.4760 0.0215 car
386 14.6941 -0.4504 car
386 5.4761 0.0207 car
387 14.6940 -0.4490 car
387 5.4760 0.0215 car
388 14.7014 -0.5086 car
388 5.4758 0.0232 car
389 5.4758 0.0232 car
389 14.7019 -0.5124 car
390 14.6938 -0.4477 car
390 5.4757 0.0240 car
391 14.6934 -0.4443 car
391 5.4757 0.0240 car
392 14.7019 -0.5124 car
392 5.4757 0.0240 car
393 5.4762 0.0198 car
393 14.7024 -0.5169 car
394 14.6930 -0.4415 car
394 5.4758 0.0232 car
395 5.4757 0.0240 car
396 14.7025 -0.5175 car
396 5.4758 0.0232 car
396 24.8844 -0.1513 car
397 14.7032 -0.5232 car
397 5.4763 0.0190 car
398 14.7036 -0.5257 car
398 5.4759 0.0223 car
399 5.4759 0.0223 car
399 14.7042 -0.5307 car
400 14.7043 -0.5320 car
400 5.4762 0.0198 car
401 14.6873 -0.3959 car
401 5.4757 0.0240 car
402 14.6871 -0.3945 car
402 5.4756 0.0249 car
403 14.6869 -0.3923 car
403 5.4757 0.0240 car
404 14.6869 -0.3923 car
404 5.4756 0.0249 car
404 24.8845 -0.1521 car
405 14.6863 -0.3880 car
405 5.4755 0.0265 car
405 24.8846 -0.1529 car
406 24.6715 -0.1529 car
406 5.4755 0.0265 car
407 5.4756 0.0257 car
408 5.4755 0.0265 car
409 14.6857 -0.3830 car
409 5.4756 0.0249 car
410 5.4766 0.0156 car
410 14.6854 -0.3801 car
411 24.8846 -0.1529 car
411 5.4757 0.0240 car
411 14.6852 -0.3786 car
412 24.8845 -0.1521 car
412 5.4756 0.0249 car
412 14.6847 -0.3750 car
413 17.1509 0.5151 pedestrian
413 14.6845 -0.3735 car
413 5.4758 0.0232 car
413 24.6715 -0.1529 car
414 14.6844 -0.3728 car
414 5.4759 0.0223 car
414 24.9274 -0.3121 car
415 24.8209 -0.3121 car
415 5.4760 0.0215 car
416 14.6840 -0.3692 car
416 5.4760 0.0215 car
417 5.4757 0.0240 car
418 24.4584 -0.1521 car
418 5.4756 0.0249 car
419 5.4756 0.0249 car
420 14.6830 -0.3611 car
420 5.4759 0.0223 car
420 24.4585 -0.1529 car
421 14.6831 -0.3618 car
421 5.4762 0.0198 car
422 14.6824 -0.3567 car
422 5.4760 0.0215 car
423 5.4767 0.0148 car
423 14.6827 -0.3589 car
423 24.6718 -0.1554 car
424 5.4758 0.0232 car
424 14.6822 -0.3545 car
424 24.4586 -0.1537 car
425 16.9382 0.5100 pedestrian
425 14.6820 -0.3530 car
425 5.4758 0.0232 car
425 24.9266 -0.2873 car
426 14.6816 -0.3500 car
426 5.4760 0.0215 car
427 24.2445 -0.1447 car
427 5.4758 0.0232 car
428 16.9382 0.5106 pedestrian
428 5.4761 0.0207 car
429 5.4756 0.0257 car
430 24.4552 -0.1249 car
430 5.4756 0.0249 car
431 5.4762 0.0198 car
432 24.2420 -0.1232 car
432 5.2627 0.0232 car
433 24.6070 -0.3040 car
433 5.4755 0.0265 car
434 5.4758 0.0232 car
435 5.4762 0.0198 car
435 24.2471 -0.1669 car
436 5.4756 0.0249 car
436 24.8201 -0.2875 car
437 5.4760 0.0215 car
438 5.4758 0.0232 car
439 5.4756 0.0257 car
440 5.4757 0.0240 car
441 24.8131 -0.3377 car
441 5.4757 0.0240 car
442 5.4760 0.0215 car
443 5.4764 0.0181 car
444 5.4761 0.0207 car
445 24.6839 -0.3138 car
445 5.4758 0.0232 car
446 5.4758 0.0232 car
447 5.4758 0.0232 car
447 24.6714 -0.1521 car
448 5.4764 0.0181 car
449 5.4761 0.0207 car
449 24.0323 -0.1521 car
450 5.4759 0.0223 car
450 24.3948 -0.2629 car
451 5.4758 0.0232 car
451 24.0322 -0.1513 car
452 5.4761 0.0207 car
452 24.0324 -0.1529 car
453 5.4755 0.0265 car
453 24.0322 -0.1513 car
454 5.4760 0.0215 car
455 5.4764 0.0181 car
456 5.4756 0.0257 car
457 5.2629 0.0215 car
457 24.2453 -0.1521 car
458 5.2626 0.0249 car
459 5.2627 0.0232 car
460 5.2629 0.0215 car
461 5.4765 0.0173 car
462 5.2632 0.0190 car
463 5.2626 0.0240 car
464 5.2630 0.0207 car
464 14.6908 -0.4235 car
465 5.2630 0.0207 car
466 24.2452 -0.1513 car
466 5.2625 0.0257 car
466 14.6934 -0.4443 car
467 24.4582 -0.1505 car
467 14.6940 -0.4497 car
467 5.2626 0.0249 car
468 24.4585 -0.1529 car
468 5.2629 0.0215 car
469 5.2628 0.0223 car
470 5.2624 0.0265 car
471 5.2626 0.0240 car
472 5.2628 0.0223 car
473 5.2629 0.0215 car
474 14.6998 -0.4957 car
474 5.6444 0.0644 car
475 5.9023 0.0207 car
476 5.6444 0.0644 car
477 5.9019 0.0240 car
478 5.9019 0.0240 car
479 5.9018 0.0249 car
480 5.9022 0.0215 car
481 5.6444 0.0644 car
481 14.7028 -0.5201 car
482 5.9024 0.0198 car
483 5.6444 0.0644 car
484 5.6444 0.0644 car
485 5.9024 0.0198 car
486 5.9020 0.0232 car
487 5.9022 0.0215 car
488 5.9025 0.0190 car
489 5.9024 0.0198 car
491 5.9021 0.0223 car
492 5.9017 0.0265 car
493 5.9022 0.0215 car
494 5.9023 0.0207 car
495 5.9017 0.0257 car
496 5.9018 0.0249 car
497 5.9019 0.0240 car
498 5.9020 0.0232 car
499 5.9024 0.0198 car
500 5.9022 0.0215 car
501 5.9019 0.0240 car
502 5.9024 0.0198 car
503 5.9023 0.0207 car
504 5.9023 0.0207 car
505 5.9023 0.0207 car
506 5.9026 0.0181 car
507 5.9024 0.0198 car
508 24.8915 -0.2114 car
508 5.9026 0.0181 car
509 5.9020 0.0232 car
510 5.9020 0.0232 car
511 5.9028 0.0156 car
512 5.9024 0.0198 car
513 6.9167 0.0171 car
514 5.9028 0.0156 car
515 5.9025 0.0190 car
516 5.9025 0.0190 car
517 5.9026 0.0173 car
518 5.9025 0.0190 car
519 5.9022 0.0215 car
520 5.9025 0.0190 car
521 5.9020 0.0232 car
522 5.9023 0.0207 car
523 5.9019 0.0240 car
524 5.9019 0.0240 car
525 5.9024 0.0198 car
526 5.9026 0.0181 car
527 5.9024 0.0198 car
528 5.9021 0.0223 car
529 5.9027 0.0165 car
530 5.9019 0.0240 car
531 5.9023 0.0207 car
532 14.6952 -0.4592 car
532 5.9027 0.0165 car
533 5.9022 0.0215 car
534 5.9024 0.0198 car
535 24.5781 -0.2806 car
535 5.9025 0.0190 car
536 5.9019 0.0240 car
537 5.9025 0.0190 car
538 5.9020 0.0232 car
539 5.9024 0.0198 car
540 24.0323 -0.1521 car
540 5.9020 0.0232 car
541 24.2452 -0.1513 car
541 5.9024 0.0198 car
542 5.9023 0.0207 car
543 5.9023 0.0207 car
544 5.9019 0.0240 car
545 5.9030 0.0139 car
546 5.9020 0.0232 car
547 5.9020 0.0232 car
547 24.0324 -0.1529 car
548 5.9023 0.0207 car
548 14.7046 -0.5339 car
549 5.9024 0.0198 car
550 5.9023 0.0207 car
550 24.1785 -0.2468 car
551 5.9017 0.0265 car
551 24.4585 -0.1529 car
552 5.9020 0.0232 car
552 24.0324 -0.1529 car
553 5.9020 0.0232 car
553 24.2754 -0.2470 car
554 5.9021 0.0223 car
554 24.8845 -0.1521 car
555 5.9020 0.0232 car
555 24.0680 -0.2550 car
556 5.9020 0.0232 car
556 24.5871 -0.2885 car
557 5.9020 0.0232 car
557 23.8194 -0.1537 car
558 5.9021 0.0223 car
559 5.9022 0.0215 car
560 5.9020 0.0232 car
561 5.9024 0.0198 car
562 5.9021 0.0223 car
563 5.9027 0.0165 car
564 5.9019 0.0240 car
565 5.9018 0.0249 car
566 24.2678 -0.2884 car
566 5.9017 0.0265 car
567 5.9025 0.0190 car
568 5.9022 0.0215 car
569 23.8182 -0.1431 car
569 5.9026 0.0181 car
570 5.9016 0.0274 car
571 23.8218 -0.1742 car
571 5.9025 0.0190 car
572 23.8221 -0.1766 car
572 5.9021 0.0223 car
573 23.8239 -0.1913 car
573 5.9028 0.0156 car
574 23.8614 -0.2062 car
574 5.9030 0.0139 car
575 23.8250 -0.2010 car
575 5.9027 0.0165 car
576 24.6788 -0.2138 car
576 5.9022 0.0215 car
577 23.8268 -0.2162 car
577 5.9026 0.0173 car
578 5.9024 0.0198 car
578 23.8188 -0.1488 car
579 5.9022 0.0215 car
579 24.4586 -0.1537 car
580 5.9025 0.0190 car
581 23.8299 -0.2417 car
581 5.9020 0.0232 car
582 5.9019 0.0240 car
582 24.4682 -0.2346 car
583 5.9030 0.0139 car
583 23.8298 -0.2410 car
584 24.2459 -0.1570 car
584 5.9023 0.0207 car
585 23.8326 -0.2638 car
585 5.9022 0.0215 car
586 5.9021 0.0223 car
587 24.2596 -0.2708 car
587 5.9020 0.0232 car
588 24.2543 -0.2274 car
588 14.6822 -0.3545 car
588 5.9018 0.0249 car
589 24.0472 -0.1984 car
589 5.9020 0.0232 car
590 24.3874 -0.2714 car
590 5.9028 0.0156 car
591 24.0628 -0.1982 car
591 5.9018 0.0249 car
592 5.9025 0.0190 car
592 24.2737 -0.1819 car
592 14.6860 -0.3852 car
593 24.0389 -0.2082 car
593 5.9023 0.0207 car
594 24.0744 -0.2062 car
594 5.9020 0.0232 car
594 14.6882 -0.4031 car
595 24.3161 -0.1699 car
595 5.9017 0.0257 car
595 14.6889 -0.4087 car
596 24.3151 -0.1985 car
596 5.9019 0.0240 car
597 24.4111 -0.1607 car
597 5.9018 0.0249 car
597 14.6912 -0.4270 car
598 24.5574 -0.2141 car
598 5.9018 0.0249 car
599 5.9024 0.0198 car
599 24.4981 -0.2306 car
600 24.6046 -0.2306 car
600 14.6944 -0.4524 car
600 5.9019 0.0240 car
601 24.6046 -0.2141 car
601 5.9020 0.0232 car
602 24.5362 -0.1766 car
602 22.0695 0.2795 car
602 5.9017 0.0257 car
603 21.8571 0.2725 car
603 24.0343 -0.1693 car
603 5.9021 0.0223 car
604 21.7288 0.1980 car
604 24.4942 -0.1898 car
604 5.9018 0.0249 car
605 21.2189 0.2616 car
605 5.9021 0.0223 car
605 14.6989 -0.4885 car
606 5.9017 0.0257 car
607 20.5810 0.2474 car
607 24.8851 -0.1570 car
607 5.9017 0.0265 car
608 5.9026 0.0181 car
609 20.7951 0.2363 car
609 5.9021 0.0223 car
610 20.4526 0.1581 car
610 5.9022 0.0215 car
611 24.8835 -0.1439 car
611 5.9018 0.0249 car
612 5.9017 0.0257 car
613 24.8201 -0.1742 car
613 5.9018 0.0249 car
614 24.9148 -0.1346 car
614 20.1592 0.2011 car
614 5.9019 0.0240 car
615 19.7335 0.1971 car
615 5.9017 0.0257 car
616 5.9017 0.0265 car
616 19.7984 0.1591 car
617 24.9274 -0.1343 car
617 5.9017 0.0257 car
618 19.7343 0.1882 car
618 5.9016 0.0274 car
618 24.8138 -0.1426 car
619 24.9266 -0.1423 car
619 5.9022 0.0215 car
620 20.1612 0.1800 car
620 5.9016 0.0274 car
621 19.9488 0.1735 car
621 5.9015 0.0282 car
622 5.9017 0.0257 car
622 19.3101 0.1694 car
623 19.0986 0.1531 car
623 5.9017 0.0265 car
623 24.8800 -0.1133 car
624 23.1476 0.1440 car
624 5.9018 0.0249 car
625 20.3779 0.1440 car
625 5.9015 0.0282 car
626 18.9595 0.1186 car
626 5.9016 0.0274 car
627 19.6976 0.1511 car
627 5.9022 0.0215 car
628 20.1672 0.1201 car
628 5.9023 0.0207 car
629 5.9026 0.0181 car
630 17.8243 0.1126 car
630 5.9021 0.0223 car
631 5.9022 0.0215 car
631 19.5287 0.1135 car
632 5.9025 0.0190 car
633 19.3167 0.1035 car
633 5.9026 0.0181 car
634 5.9019 0.0240 car
635 5.9020 0.0232 car
636 5.9022 0.0215 car
637 5.9018 0.0249 car
638 5.9023 0.0207 car
639 5.9022 0.0215 car
640 5.9017 0.0257 car
641 5.9018 0.0249 car
642 5.9019 0.0240 car
643 5.9022 0.0215 car
643 15.6595 -0.1502 car
644 15.4460 -0.1583 car
644 5.9021 0.0223 car
645 15.2842 -0.0423 car
645 5.9021 0.0223 car
646 15.0750 -0.0758 car
646 5.9018 0.0249 car
647 5.9017 0.0257 car
647 14.8031 -0.1747 car
648 14.2219 -0.0683 car
648 5.9019 0.0240 car
649 14.5867 -0.1990 car
649 5.9025 0.0190 car
650 14.4361 -0.0783 car
650 5.9021 0.0223 car
651 13.9842 -0.1876 car
651 5.9018 0.0249 car
652 14.2250 -0.0959 car
652 5.9020 0.0232 car
653 14.0454 -0.1809 car
653 5.9019 0.0240 car
654 13.6285 -0.1817 car
654 5.9024 0.0198 car
655 13.1640 -0.1332 car
655 5.9018 0.0249 car
656 5.9017 0.0265 car
656 13.3142 -0.2139 car
657 12.9947 -0.2140 car
657 5.9018 0.0249 car
658 12.8861 -0.2056 car
658 5.9018 0.0249 car
659 6.6014 0.0521 car
659 13.1024 -0.2549 car
660 12.7422 -0.1701 car
660 5.9017 0.0265 car
661 5.9020 0.0232 car
661 12.4437 -0.2374 car
662 5.9019 0.0240 car
662 12.4817 -0.2451 car
663 6.6029 0.0450 car
663 12.1405 -0.2539 car
664 11.7145 -0.2702 car
664 6.6029 0.0450 car
665 13.3874 -0.2202 car
665 6.6014 0.0521 car
666 11.8471 -0.2606 car
666 6.6014 0.0521 car
667 11.2919 -0.3454 car
667 6.5996 0.0435 car
668 5.9017 0.0265 car
668 11.7118 -0.2455 car
669 11.2120 -0.3328 car
669 5.9020 0.0232 car
670 5.9024 0.0198 car
670 10.9324 -0.3389 car
671 5.9026 0.0173 car
671 10.7894 -0.3668 car
672 10.5367 -0.3867 car
672 5.9026 0.0181 car
673 10.0121 -0.4140 car
673 5.9028 0.0156 car
674 10.6486 -0.2839 car
674 5.9025 0.0190 car
675 9.9013 -0.3945 car
675 5.9018 0.0249 car
676 9.7917 -0.3880 car
676 5.9020 0.0232 car
677 9.3744 -0.4831 car
677 5.9016 0.0274 car
678 8.7352 -0.4479 car
678 5.9020 0.0232 car
679 8.7352 -0.5010 car
679 5.9021 0.0223 car
680 8.7352 -0.5191 car
680 5.9026 0.0181 car
681 8.3091 -0.5191 car
681 5.9018 0.0249 car
681 21.6446 0.2655 car
682 8.3091 -0.5373 car
682 21.2194 0.2561 car
682 5.9023 0.0207 car
683 7.8830 -0.5744 car
683 5.9019 0.0240 car
684 7.4569 -0.5744 car
684 21.0924 0.1821 car
684 5.9017 0.0257 car
685 7.6700 -0.6317 car
685 5.9020 0.0232 car
685 20.7947 0.2403 car
686 7.4569 -0.6317 car
686 5.9027 0.0165 car
686 20.9751 0.1824 car
687 5.9023 0.0207 car
687 7.0308 -0.6124 car
687 20.5830 0.2260 car
688 7.2439 -0.6514 car
688 5.9019 0.0240 car
688 20.5840 0.2156 car
689 6.8178 -0.6317 car
689 5.9019 0.0240 car
689 20.4507 0.1343 car
690 6.8178 -0.6514 car
690 5.9018 0.0249 car
691 6.8178 -0.6124 car
691 5.9019 0.0240 car
692 5.9655 -0.6514 car
692 5.9018 0.0249 car
692 20.2890 0.1673 car
693 6.3916 -0.7333 car
693 19.5211 0.1898 car
693 5.9021 0.0223 car
694 5.9019 0.0240 car
694 19.7020 0.1267 car
694 6.3916 -0.6916 car
695 6.1786 -0.6916 car
695 5.9023 0.0207 car
696 5.9023 0.0207 car
696 6.1786 -0.6514 car
697 6.1786 -0.6514 car
697 5.9023 0.0207 car
697 19.5986 0.1187 car
698 5.9021 0.0223 car
698 5.7525 -0.6714 car
699 5.9655 -0.6916 car
699 5.9017 0.0265 car
700 5.9024 0.0198 car
700 5.9655 -0.6714 car
700 20.2292 0.1566 car
701 5.5394 -0.7123 car
701 5.9019 0.0240 car
701 19.3149 0.1209 car
702 19.3157 0.1135 car
702 5.9026 0.0173 car
702 5.3264 -0.7547 car
703 5.9025 0.0190 car
703 5.7525 -0.6714 car
703 19.3856 0.1188 car
704 5.9028 0.0156 car
704 5.1133 -0.7123 car
704 20.1687 0.1052 car
705 5.9026 0.0181 car
706 5.9024 0.0198 car
706 18.8335 0.1959 car
707 6.4693 -0.0157 car
708 5.9029 0.0148 car
709 5.9017 0.0257 car
710 5.9017 0.0265 car
711 6.5917 0.0176 car
712 6.5703 -0.0416 car
713 6.5844 -0.0155 car
714 5.9017 0.0257 car
715 5.9020 0.0232 car
716 5.9020 0.0232 car
717 5.9024 0.0198 car
717 15.7084 -0.0247 car
718 15.3322 -0.1507 car
718 5.9023 0.0207 car
719 5.9032 0.0123 car
719 15.2315 -0.1665 car
720 15.0160 -0.1747 car
720 5.9023 0.0207 car
721 14.4342 -0.0616 car
721 5.9026 0.0181 car
722 14.5938 -0.1743 car
722 5.9019 0.0240 car
723 14.3794 -0.1658 car
723 5.9024 0.0198 car
724 14.2240 -0.0867 car
724 5.9016 0.0274 car
725 14.1663 -0.1658 car
725 5.9019 0.0240 car
726 13.5883 -0.1175 car
726 5.9019 0.0240 car
727 5.9021 0.0223 car
727 13.7506 -0.2195 car
728 13.5132 -0.2133 car
728 5.9020 0.0232 car
729 13.4115 -0.2212 car
729 5.9020 0.0232 car
730 12.9918 -0.2298 car
730 5.9016 0.0274 car
731 13.1012 -0.2300 car
731 5.6444 0.0644 car
732 12.9859 -0.2073 car
732 5.6444 0.0644 car
733 12.8426 -0.2233 car
733 5.6453 0.0560 car
734 12.7568 -0.2104 car
734 5.6432 0.0570 car
735 12.5480 -0.2329 car
735 5.6416 0.0653 car
736 12.3349 -0.2496 car
736 5.2620 0.0299 car
737 13.2019 -0.1634 car
737 5.6416 0.0653 car
738 11.9802 -0.2712 car
738 5.4753 0.0282 car
739 11.6799 -0.2936 car
739 5.4752 0.0291 car
740 7.3598 0.3824 car
740 11.4818 -0.3054 car
741 11.1148 -0.3144 car
741 5.4754 0.0274 car
742 5.4763 0.0190 car
742 11.2575 -0.2965 car
743 11.0484 -0.2990 car
743 5.4756 0.0257 car
744 10.6282 -0.3251 car
744 5.4755 0.0265 car
745 7.3598 0.3817 car
745 10.4494 -0.3838 car
746 5.4756 0.0249 car
746 10.2066 -0.3587 car
747 9.8656 -0.3547 car
747 5.2628 0.0223 car
748 9.9895 -0.3452 car
748 5.4753 0.0282 car
749 8.9483 -0.4479 car
749 5.4763 0.0190 car
750 8.5222 -0.4831 car
750 5.4756 0.0249 car
751 9.1459 -0.3823 car
751 7.5731 0.3788 car
751 5.4755 0.0265 car
752 8.3091 -0.5191 car
752 7.5731 0.3795 car
752 5.4756 0.0257 car
753 7.5731 0.3788 car
753 7.8830 -0.5191 car
753 5.4755 0.0265 car
754 7.6700 0.3961 car
754 7.6700 -0.5191 car
754 5.4756 0.0257 car
755 7.4569 -0.5744 car
755 7.6700 0.3961 car
755 5.4756 0.0249 car
756 7.6700 0.4132 car
756 7.2439 -0.6124 car
756 5.4756 0.0257 car
757 7.0308 -0.6124 car
757 8.3091 0.4654 car
757 6.1778 0.0410 car
758 9.1614 0.3121 car
758 7.0308 -0.6514 car
758 5.4758 0.0232 car
759 8.5222 0.4132 car
759 6.6047 -0.6124 car
759 5.4756 0.0249 car
760 6.3916 -0.6124 car
760 5.4762 0.0198 car
761 7.7869 0.3700 car
761 6.3916 -0.6916 car
761 5.6888 0.0240 car
762 8.7352 0.4654 car
762 5.9655 -0.6714 car
762 5.4757 0.0240 car
763 8.5222 0.3961 car
763 5.6886 0.0265 car
763 5.9655 -0.6714 car
764 8.5222 0.4831 car
764 5.6887 0.0249 car
764 6.1786 -0.6317 car
765 8.9483 0.4479 car
765 5.5394 -0.6916 car
765 5.6889 0.0232 car
766 5.9655 -0.6514 car
766 5.6892 0.0207 car
766 8.0961 0.4132 car
767 5.5394 -0.6714 car
767 5.6885 0.0274 car
768 5.3264 -0.7123 car
768 5.9019 0.0240 car
768 8.9483 0.3791 car
769 5.9655 -0.6317 car
769 6.0704 0.0162 car
769 8.9483 0.2792 car
770 4.4742 -0.7547 car
770 6.2447 0.0333 car
770 9.1614 0.3622 car
771 5.9019 0.0240 car
771 9.1614 0.4132 car
771 5.5394 -0.6714 car
772 5.9017 0.0257 car
772 9.0977 0.4279 car
773 6.1149 0.0249 car
773 9.2286 0.4378 car
774 6.1738 0.0144 car
774 9.2675 0.4054 car
775 5.3264 -0.6714 pedestrian
775 9.2665 0.4147 car
775 6.3914 0.0473 car
776 9.5143 0.4090 car
776 6.3284 0.0215 car
777 9.5138 0.4148 car
777 6.4964 0.0311 car
778 9.6926 0.3971 car
778 6.3279 0.0257 car
779 9.7268 0.4147 car
779 6.5414 0.0223 car
780 9.5153 0.4025 car
780 7.1365 0.0248 car
781 17.7947 0.4478 pedestrian
781 9.7991 0.4140 car
781 7.0273 0.0255 car
782 10.0837 0.3278 car
782 7.2436 0.0626 car
783 10.2006 0.3866 car
783 7.1001 0.0563 car
784 9.9339 0.4033 car
784 7.2430 0.0542 car
785 10.2746 0.3753 car
785 7.3467 0.0845 car
786 18.0085 0.4382 pedestrian
786 10.6485 0.3864 car
786 7.3483 0.0648 car
787 18.0085 0.4382 pedestrian
787 10.1187 0.3797 car
787 7.5632 0.0467 car
788 10.3623 0.3920 car
788 7.5634 0.0551 car
789 10.7577 0.3800 car
789 7.5634 0.0709 car
790 7.5987 0.0652 car
790 10.9660 0.3810 car
791 11.0756 0.3802 car
791 7.8821 0.0560 car
792 18.4349 0.4347 pedestrian
792 10.9708 0.3627 car
792 7.8828 0.0626 car
793 11.2873 0.3862 car
793 7.3939 0.0207 car
794 11.1663 0.3393 car
794 8.2016 0.0541 car
795 11.6077 0.3889 car
795 8.0958 0.0784 car
796 11.8575 0.3241 car
796 8.5198 0.0333 car
797 8.3089 0.0469 car
797 11.7176 0.3374 car
798 18.6486 0.4257 pedestrian
798 12.1424 0.3460 car
798 8.4115 0.0698 car
799 18.6487 0.4243 pedestrian
799 8.0938 0.0479 car
799 12.3545 0.3353 car
800 8.7350 0.0467 car
800 12.4230 0.3578 car
801 18.6487 0.4243 pedestrian
801 12.3503 0.3278 car
801 8.2460 0.0223 car
802 18.8619 0.4222 pedestrian
802 8.4595 0.0181 car
802 12.6413 0.3454 car
803 8.4595 0.0181 car
803 12.9945 0.3463 car
804 21.6319 0.4187 pedestrian
804 8.8349 0.0134 car
804 12.8858 0.3382 car
805 21.7316 0.5744 pedestrian
805 9.1568 0.0537 car
805 12.4856 0.2387 car
806 12.6992 0.2324 car
806 9.1568 0.0222 car
807 9.2607 -0.0023 car
807 12.9945 0.3625 car
808 19.0755 0.4152 pedestrian
808 7.8821 0.0577 car
808 12.9126 0.2292 car
809 9.7993 0.0545 car
809 13.1261 0.2244 car
810 13.8481 0.3036 car
810 9.3119 0.0173 car
811 21.9447 0.5557 pedestrian
811 13.5527 0.2196 car
811 9.0988 0.0173 car
812 21.7316 0.5557 pedestrian
812 9.0988 0.0173 car
812 14.0572 0.3543 car
813 21.7316 0.5557 pedestrian
813 13.9792 0.2148 car
813 9.3122 0.0148 car
814 21.7316 0.5557 pedestrian
814 14.8375 0.3127 car
814 9.5251 0.0156 car
815 19.3880 0.4479 pedestrian
815 15.1228 0.3295 car
815 9.7383 0.0148 car
816 19.3880 0.4654 pedestrian
816 14.9092 0.3209 car
816 9.7382 0.0156 car
817 9.9515 0.0139 car
817 15.2329 0.2709 car
818 19.3880 0.4654 pedestrian
818 15.3379 0.3126 car
818 9.9514 0.0148 car
819 19.6010 0.4654 pedestrian
819 15.0463 0.1963 car
819 10.1645 0.0139 car
820 18.6502 0.4046 pedestrian
820 15.2595 0.1946 car
820 10.3777 0.0131 car
821 21.5185 0.5557 pedestrian
821 15.4730 0.1906 car
821 10.3777 0.0131 car
822 21.7316 0.5373 pedestrian
822 15.8589 0.3215 car
822 10.6475 0.0388 car
823 10.3777 0.0131 car
824 19.2895 0.4032 pedestrian
824 15.8995 0.1865 car
824 11.2916 0.0470 car
825 18.2243 0.4018 pedestrian
825 16.3257 0.1849 car
825 11.0169 0.0131 car
826 10.8038 0.0131 car
826 16.3258 0.1841 car
827 19.2896 0.4018 pedestrian
827 17.2569 0.2876 car
827 11.3952 0.0795 car
828 16.7522 0.1809 car
828 11.7180 0.0551 car
829 18.1097 0.5932 pedestrian
829 11.7166 0.0388 car
830 17.6836 0.2629 car
830 11.7147 0.0793 car
831 17.3921 0.1743 car
831 11.6562 0.0123 car
832 20.8794 0.5744 pedestrian
832 17.6049 0.1768 car
832 12.3568 0.0634 car
833 19.3880 0.4654 pedestrian
833 12.2504 0.5183 pedestrian
833 12.4951 0.0715 car
833 18.3221 0.2708 car
834 12.3572 0.5557 pedestrian
834 12.5687 0.0546 car
834 18.0315 0.1711 car
835 12.3572 0.5557 pedestrian
835 12.6732 0.0305 car
835 18.2448 0.1686 car
836 24.8288 0.4046 pedestrian
836 17.8966 0.6514 pedestrian
836 18.4577 0.1703 car
836 12.7833 0.0551 car
837 17.4705 0.5744 pedestrian
837 18.6712 0.1662 car
837 12.9250 0.0762 car
838 18.3227 0.6714 pedestrian
838 12.0371 0.5214 pedestrian
838 12.7215 0.0123 car
838 19.3880 0.2466 car
839 18.3227 0.6916 pedestrian
839 4.1539 0.5202 car
839 12.5085 0.0114 car
839 19.5984 0.2632 car
840 19.3109 0.1613 car
840 13.2094 0.0709 car
841 20.2402 0.2629 pedestrian
841 4.6872 0.5744 pedestrian
841 13.3143 0.0545 car
842 12.9345 0.0131 car
842 19.7372 0.1588 car
843 24.7144 0.4831 pedestrian
843 13.7420 0.0551 car
844 20.2402 0.5744 pedestrian
844 13.4208 0.0712 car
845 20.4533 0.2304 pedestrian
845 13.9534 0.0703 car
846 17.2574 0.6916 pedestrian
846 13.9551 0.0709 car
847 19.0759 0.4103 pedestrian
847 20.5900 0.1531 car
847 14.0599 0.0547 car
848 18.9619 0.4479 pedestrian
848 13.7867 0.0131 car
849 18.9619 0.4479 pedestrian
849 21.5185 0.2466 car
849 14.3812 0.0394 car
850 18.9619 0.4479 pedestrian
850 5.1133 0.5557 car
850 21.2293 0.1514 car
850 13.9998 0.0131 car
851 21.4195 0.4110 pedestrian
851 5.1133 0.5191 car
851 12.7690 0.0979 car
852 4.9003 0.4305 car
852 21.7287 0.2468 car
852 12.7690 0.0979 car
853 19.8141 0.5932 pedestrian
853 21.8689 0.1473 car
853 14.6958 0.0549 car
854 14.7003 0.0470 car
854 5.5394 0.4831 car
855 22.2952 0.1457 car
855 4.9003 0.6124 car
855 14.9138 0.0394 car
856 22.5838 0.2466 pedestrian
856 5.7525 0.4831 car
856 14.4258 0.0139 car
857 21.4186 0.4222 pedestrian
857 22.7901 0.2383 car
857 4.9003 0.5557 car
857 15.0204 0.0709 car
858 23.4360 0.5010 pedestrian
858 22.7216 0.1432 car
858 15.2329 0.0474 car
858 5.7525 0.5010 car
859 18.5358 0.4654 pedestrian
859 22.9347 0.1424 car
859 5.1133 0.5744 car
859 14.8520 0.0131 car
860 19.0747 0.4264 pedestrian
860 23.3610 0.1407 car
860 5.1133 0.5744 car
860 14.8520 0.0131 car
861 18.8615 0.4285 pedestrian
861 23.3611 0.1399 car
861 5.9655 0.4479 car
861 15.0651 0.0131 car
862 20.7788 0.4306 pedestrian
862 23.7873 0.1391 car
862 5.1133 0.5557 car
862 15.5342 -0.3530 car
862 15.0650 0.0139 car
863 20.5656 0.4327 pedestrian
863 23.7872 0.1399 car
863 5.3264 0.5191 car
863 15.2780 0.0139 car
864 18.5358 0.6124 car
864 5.3264 0.5373 car
864 24.0003 0.1391 car
864 15.2780 0.0139 car
865 16.3040 0.4389 pedestrian
865 24.2135 0.1374 car
865 5.3264 0.5373 car
865 24.2720 -0.3721 car
865 20.2402 0.5744 car
865 15.9023 0.0447 car
866 16.1922 0.7333 pedestrian
866 24.4266 0.1374 car
866 5.3264 0.5191 car
866 15.4910 0.0148 car
867 18.3227 0.6317 pedestrian
867 24.6397 0.1366 car
867 5.5394 0.4831 car
867 15.7039 0.0165 car
868 20.0272 0.5744 pedestrian
868 24.8528 0.1366 car
868 5.5394 0.4831 car
868 22.2658 0.4925 car
868 15.9168 0.0181 car
869 18.3227 0.6317 pedestrian
869 5.7525 0.5191 car
869 15.9168 0.0173 car
869 14.9006 -0.3974 car
870 17.7945 0.4512 pedestrian
870 5.7525 0.4831 car
870 14.9011 -0.4016 car
870 15.9168 0.0181 car
871 19.4987 0.4546 pedestrian
871 6.3916 0.4132 car
871 16.4047 0.0631 car
872 5.9655 0.4831 car
872 16.6183 0.0236 car
872 16.4052 -0.7765 car
873 24.8246 0.4614 pedestrian
873 5.9655 0.4831 car
873 16.5118 0.0551 car
874 5.9655 0.4654 car
874 16.3426 0.0207 car
875 6.3916 0.4654 car
875 16.3425 0.0215 car
876 6.8178 0.4479 car
876 14.2676 -0.4470 car
877 14.0554 -0.4545 car
877 6.1786 0.4831 car
877 16.9379 0.0551 car
878 17.3618 0.0714 car
878 6.1786 0.4831 car
878 14.0558 -0.4572 car
879 17.2553 0.0548 car
879 5.5394 0.6124 car
880 7.0308 0.3791 car
880 17.1509 0.0709 car
881 5.5394 0.5932 car
881 20.0233 -0.4713 car
881 16.9815 0.0232 car
882 5.5394 0.5744 car
882 16.9815 0.0232 car
883 17.1945 0.0240 car
883 5.7525 0.5373 car
884 17.6830 0.0628 car
884 24.6403 0.1308 car
884 5.7525 0.5191 car
885 17.4074 0.0249 car
885 5.7525 0.5373 car
885 24.8535 0.1300 car
886 4.4742 0.6714 car
886 17.1943 0.0257 car
886 12.9944 -0.4885 car
887 12.7820 -0.4937 car
887 5.1133 0.5744 car
887 17.6206 0.0240 car
888 5.3264 0.5373 car
888 17.6203 0.0265 car
888 24.0012 0.1300 car
889 4.6872 0.6317 car
889 17.8334 0.0265 car
889 24.2146 0.1267 car
890 5.3264 0.5191 car
890 17.8335 0.0257 car
890 12.3575 -0.5073 car
891 5.1133 0.6714 car
891 17.8334 0.0265 car
891 24.2145 0.1275 car
892 4.9003 0.6124 car
892 18.0464 0.0274 car
892 23.3625 0.1259 car
893 18.3204 0.0238 car
893 4.9003 0.6124 car
893 24.3674 0.0716 car
894 23.7886 0.1259 car
894 18.0464 0.0274 car
894 6.1786 0.7333 car
895 18.2594 0.0274 car
895 5.1133 0.5932 car
896 18.2592 0.0291 car
896 5.5394 0.2792 car
897 18.2593 0.0282 car
897 5.3264 0.2629 car
898 5.3264 0.2792 car
898 18.4724 0.0282 car
898 23.1498 0.1226 car
899 22.5204 0.0291 car
899 5.9655 0.4479 car
900 5.5394 0.5744 car
900 22.6648 0.0875 car
901 20.8768 0.0384 car
901 5.9655 0.4305 car
902 21.1416 0.0889 car
902 5.3264 0.5744 car
903 19.1116 0.0282 car
903 5.5394 0.5744 car
904 20.1584 0.0434 car
904 5.3264 0.5744 car
905 20.6620 0.0423 car
905 6.6047 0.4654 car
906 6.6047 0.4305 car
906 20.3410 0.0800 car
907 6.6047 0.4479 car
907 24.6419 0.1151 car
907 20.7356 0.0546 car
908 6.6047 0.4132 car
908 20.2346 0.0463 car
909 6.1786 0.5557 car
909 20.1237 0.0382 car
910 6.6047 0.4654 car
910 20.2345 0.0626 car
911 6.8178 0.4479 car
911 20.2094 0.0146 car
912 6.3916 0.4831 car
912 20.3411 0.0469 car
913 6.8178 0.5191 car
913 19.9635 0.0307 car
914 6.8178 0.5010 car
914 20.1237 0.0553 car
915 7.2439 0.6124 car
915 20.1419 0.0928 car
916 7.0308 0.5191 car
916 23.1596 0.0291 car
917 6.3916 0.4831 car
917 22.3597 0.0379 car
918 6.8178 0.4479 car
918 22.1521 0.0547 car
919 7.4569 0.6124 car
919 19.6787 -0.0068 car
920 21.7255 0.0461 car
920 7.6700 0.4305 car
921 21.7050 0.1147 car
921 7.6700 0.5932 car
922 7.2439 0.4305 car
922 21.7200 0.0659 car
923 19.7070 0.0625 car
923 8.0961 0.5557 car
924 21.5058 0.0872 car
924 7.6700 0.5744 car
925 7.8830 0.5744 car
925 18.0461 0.0299 car
926 8.0961 0.5191 car
926 21.4858 0.0479 car
927 8.0961 0.5557 car
927 21.4550 0.0299 car
928 8.5222 0.5010 car
928 17.6200 0.0299 car
929 8.5222 0.5373 car
929 19.9521 0.0453 car
930 21.1963 0.0713 car
930 8.7352 0.5191 car
931 7.6700 0.3961 car
931 16.7675 0.0316 car
932 8.7352 0.5191 car
932 21.7275 0.0667 car
933 8.0009 0.3583 car
933 20.7332 0.0456 car
934 18.4323 0.4708 pedestrian
934 9.1614 0.5373 car
934 16.1284 0.0316 car
935 8.3091 0.3791 car
935 19.3242 0.0316 car
936 8.7340 0.3614 car
936 15.7024 0.0299 car
937 8.7913 0.4223 car
937 19.2598 0.0876 car
938 9.0088 0.4504 car
938 19.0684 0.0394 car
939 9.1505 0.4273 car
939 23.0071 0.0706 car
940 18.4719 0.0324 car
940 9.2624 0.4147 car
941 9.4686 0.3953 car
941 22.9463 0.0307 car
942 9.5276 0.3570 car
942 18.2144 0.0771 car
943 9.4637 0.4261 car
943 17.8329 0.0307 car
944 9.6940 0.3622 car
944 17.6199 0.0307 car
945 9.0696 0.3179 car
945 17.4068 0.0307 car
946 9.4963 0.3111 car
946 17.2569 -0.0001 car
947 10.0796 0.3917 car
947 17.1937 0.0316 car
948 9.7991 0.3795 car
948 23.5855 0.0307 car
949 10.9181 0.3170 car
949 23.7985 0.0307 car
950 10.0005 0.3988 car
950 24.2852 0.0554 car
951 10.2207 0.3978 car
951 24.0116 0.0307 car
952 10.2878 0.3921 car
952 24.2248 0.0299 car
953 10.6512 0.3633 car
953 24.2248 0.0299 car
954 10.4397 0.3287 car
954 24.7136 0.0790 car
955 10.6400 0.2612 car
955 23.8621 0.5191 car
955 24.9266 0.0790 car
956 10.8587 0.3283 car
956 24.9266 0.0787 car
957 10.7500 0.3195 car
957 24.9266 0.0787 car
958 10.8562 0.3549 car
959 13.7608 0.2733 car
960 11.8586 0.3348 car
961 12.2736 0.3074 car
962 11.9274 0.3369 car
963 14.9138 0.5010 pedestrian
963 12.0359 0.3301 car
964 11.7656 0.3289 car
965 11.9995 0.3352 car
966 12.8466 0.2754 car
967 14.0616 0.5191 pedestrian
967 11.8529 0.3346 car
968 11.9977 0.3459 car
968 24.8304 0.3846 car
969 12.0823 0.3449 car
970 12.1364 0.3118 car
971 12.0309 0.3298 car
972 24.2883 0.6714 car
972 11.9311 0.3121 car
973 12.1437 0.3369 car
974 12.2490 0.3126 car
975 12.2858 0.3069 car
976 12.5599 0.2373 car
977 11.9996 0.3224 car
978 12.4637 0.3454 car
979 12.8539 0.3229 car
979 24.7144 0.4831 car
980 24.5013 0.4831 car
980 12.6697 0.3298 car
981 11.3789 0.3484 car
981 24.0752 0.7765 car
982 12.8881 0.3126 car
983 13.1024 0.3206 car
984 14.9118 0.3300 car
985 14.1295 0.3024 car
986 14.0050 0.3173 car
987 14.1560 0.3235 car
988 14.1605 0.2980 car
989 21.0924 0.8451 pedestrian
989 14.5371 0.3295 car
990 21.9447 0.5744 pedestrian
990 14.4808 0.3294 car
991 14.4013 0.3481 car
992 13.5527 0.2196 car
993 14.0410 0.3072 car
994 15.4465 0.3454 car
995 16.4052 0.3454 pedestrian
995 13.7659 0.2172 car
996 14.3807 0.2713 car
997 14.1234 0.3287 car
998 13.8486 0.3961 pedestrian
998 15.6574 0.3136 car
999 13.9795 0.2116 car
1000 14.7823 0.3231 car
1001 15.1642 0.3178 car
1002 15.1010 0.3132 car
1003 14.8304 0.3066 car
1004 14.7555 0.3234 car
1004 23.3309 0.4951 car
1005 15.1779 0.2907 car
1005 21.2000 0.5003 car
1006 15.1006 0.2954 car
1007 14.6685 0.3128 car
1008 15.0433 0.3177 car
1009 14.9996 0.3209 car
1010 15.0461 0.1979 car
1011 15.4722 0.1987 car
1012 15.0464 0.1955 car
1013 15.0464 0.1955 car
1014 15.8679 0.2556 car
1015 15.8642 0.2641 car
1016 15.9791 0.2466 car
1017 16.0809 0.2556 car
1017 24.8641 0.0282 car
1018 24.6510 0.0282 car
1018 16.1082 0.2805 car
1019 15.6862 0.1890 car
1019 24.2250 0.0274 car
1020 16.3328 0.2470 car
1020 24.0119 0.0282 car
1021 23.7989 0.0274 car
1021 15.6862 0.1882 car
1022 15.6863 0.1874 car
1023 16.5112 0.2220 car
1024 16.0809 0.2553 car
1025 16.6094 0.2638 car
1026 15.9002 0.1792 car
1027 16.1131 0.1800 car
1028 16.3265 0.1768 car
1029 19.1749 0.2956 pedestrian
1029 17.9520 0.2765 car
1030 17.5991 0.2434 car
1031 16.7226 0.2307 car
1032 17.1144 0.2655 car
1033 19.3067 0.2748 car
1034 17.1723 0.2581 car
1035 18.6918 0.2812 car
1036 18.4131 0.2786 car
1037 17.9304 0.2900 car
1038 18.0565 0.2995 car
1039 17.4074 0.2891 car
1040 17.5018 0.2841 car
1041 17.2967 0.2837 car
1042 17.2758 0.2689 car
1043 17.4459 0.2503 car
1044 17.2768 0.2577 car
1045 17.3219 0.2617 car
1046 16.7316 0.2778 car
1047 16.9018 0.2614 car
1048 17.3756 0.2616 car
1049 18.3204 0.1823 car
1050 18.2156 0.1899 car
1051 18.1882 0.1090 car
1052 17.7878 0.1985 car
1053 18.4199 0.1493 car
1054 18.3726 0.2318 car
1055 18.3996 0.2405 car
1056 18.1044 0.2227 car
1057 18.2475 0.1416 car
1058 19.6853 0.2424 car
1059 18.6564 0.2317 car
1060 18.2481 0.1358 car
1061 18.4197 0.2149 car
1062 18.8529 0.1979 car
1063 18.5261 0.2147 car
1064 18.7482 0.1739 car
1065 18.2488 0.1292 car
1066 18.9595 0.1825 car
1067 18.9595 0.1825 car
1068 18.9613 0.1743 car
1069 19.0257 0.1935 car
1070 18.4622 0.1259 car
1071 19.2808 0.1743 car
1072 19.2759 0.1908 car
1073 19.8141 0.1502 car
1074 19.3726 0.1591 car
1075 19.4920 0.1664 car
1076 19.8611 0.1669 car
1077 20.0266 0.1771 car
1078 19.5911 0.1672 car
1079 19.5985 0.1665 car
1080 19.6975 0.1671 car
1081 19.6669 0.2003 car
1082 19.4846 0.1667 car
1083 19.8052 0.1773 car
1084 20.0265 0.1583 car
1085 20.0246 0.1505 car
1086 20.2377 0.1339 car
1087 20.2396 0.1424 car
1088 20.1311 0.1506 car
1089 20.2299 0.1509 car
1090 20.3409 0.1429 car
1091 20.3442 0.1347 car
1092 20.5100 0.1562 car
1093 20.6637 0.0864 car
1094 21.5077 0.1521 car
1095 21.2941 0.1464 car
1096 21.2217 0.1355 car
1097 20.8787 0.1107 car
1098 20.2756 0.1811 car
1099 20.4722 0.1644 car
1100 20.6427 0.1508 car
1101 20.9859 0.1025 car
1102 20.5980 0.0751 car
1103 20.7213 0.1443 car
1104 20.7860 0.1490 car
1105 20.0926 0.1641 car
1106 21.2327 0.1187 car
1107 21.5124 0.1268 car
1108 21.6224 0.1029 car
1109 21.6244 0.1107 car
1110 21.7309 0.1424 car
1111 21.2378 0.0685 car
1112 21.8360 0.0918 car
1113 21.4509 0.0685 car
1114 22.0505 0.1107 car
1115 21.4512 0.0659 car
1116 22.1403 0.1272 car
1117 13.8532 -0.5407 pedestrian
1117 22.1465 0.1349 car
1118 22.3701 0.0949 car
1119 21.8776 0.0626 car
1120 22.4745 0.0706 car
1121 22.4596 0.1274 car
1122 22.3480 0.1344 car
1123 22.4745 0.1186 car
1124 22.4660 0.1189 car
1125 22.6896 0.0947 car
1126 21.7938 0.1489 car
1127 22.5175 0.0559 car
1128 23.0092 0.0948 car
1129 22.5177 0.0542 car
1130 23.1136 0.1028 car
1131 22.7309 0.0526 car
1132 22.9441 0.0517 car
1133 23.1571 0.0517 car
1134 22.9443 0.0500 car
1135 23.7549 0.0786 car
1136 23.3704 0.0500 car
1137 23.5835 0.0492 car
1138 23.5834 0.0500 car
1139 23.5835 0.0492 car
1140 23.7964 0.0509 car
1141 23.7966 0.0492 car
1142 24.3940 0.0790 car
1143 24.6071 0.0948 car
1144 24.6071 0.0945 car
1145 24.2227 0.0492 car
1146 24.7826 0.0920 car
1147 24.4358 0.0484 car
1150 24.6489 0.0484 car
1151 24.8619 0.0492 car
1188 15.7661 0.5191 pedestrian
1204 24.8667 0.0047 car
1205 24.6536 0.0047 car
1206 24.4406 0.0039 car
1207 24.2278 0.0022 car
1209 23.5885 0.0030 car
1229 19.1799 -0.5419 pedestrian
1230 17.9016 -0.5425 pedestrian
1322 24.2151 0.1217 car
1325 21.4450 0.1259 car
1326 24.6407 0.1275 car
1327 24.2145 0.1275 car
1328 23.7882 0.1300 car
1330 23.1489 0.1308 car
1331 21.2310 0.1350 car
1332 22.7223 0.1358 car
1333 22.0831 0.1358 car
1336 24.8525 0.1399 car
1337 20.8041 0.1424 car
1338 23.9998 0.1440 car
1339 24.7111 0.2299 car
1340 24.2875 0.2382 car
1342 24.4252 0.1514 car
1344 24.7136 0.2220 car
1345 24.5005 0.2382 car
1346 24.8201 0.0632 car
1347 23.9980 0.1621 car
1348 23.9980 0.1629 car
1349 23.7847 0.1654 car
1350 22.7969 0.0867 car
1351 22.5838 0.0867 car
1354 21.2991 0.2701 car
1355 21.6530 0.1768 car
1356 20.6657 0.0946 car
1357 24.6350 0.1841 car
1358 20.5867 0.1865 car
1359 19.6010 0.1025 car
1359 19.5984 0.3115 car
1360 19.1011 0.1284 car
1360 24.8556 0.1093 car
1361 18.7463 0.3114 car
1361 19.2454 0.0971 car
1362 22.7161 0.1987 car
1362 18.9141 0.1055 car
1363 18.6435 0.3044 car
1363 18.7732 0.1396 car
1364 18.3528 0.1279 car
1365 23.0099 0.0709 car
1365 18.2479 0.1383 car
1366 17.5760 0.1553 car
1366 22.7962 0.0814 car
1367 16.9183 0.1826 car
1367 22.3708 0.0709 car
1368 17.5770 0.1025 car
1368 21.9447 0.0709 car
1368 19.5983 0.3277 car
1369 17.1787 0.1236 car
1369 19.6004 0.3035 car
1370 21.3048 0.0788 car
1370 16.9679 0.1539 car
1371 16.5112 0.1262 car
1372 15.8356 0.1529 car
1372 20.6663 0.0867 car
1373 15.9018 0.1621 car
1373 18.2104 0.3526 car
1374 19.8141 0.0867 car
1374 21.4113 0.2871 car
1374 14.8516 0.1921 car
1375 15.2623 0.1654 car
1376 20.6635 0.2950 car
1376 14.3145 0.1738 car
1376 19.1749 0.1025 car
1377 14.6225 0.1719 car
1377 18.7488 0.0867 car
1377 17.5955 0.2772 car
1378 14.3646 0.1827 car
1378 19.3138 0.1317 car
1379 18.4292 0.1025 car
1379 13.0528 0.1926 car
1380 18.3937 0.1184 car
1380 15.9738 0.4206 car
1381 17.2574 0.1184 car
1381 12.4463 0.2053 car
1381 24.2875 0.0630 car
1382 17.5765 0.0949 car
1382 12.0757 0.2092 car
1382 23.5743 0.1383 car
1383 17.3285 0.1184 car
1383 23.7527 0.0548 car
1383 11.7014 0.2297 car
1384 11.5449 0.2162 car
1384 23.3644 0.0655 car
1385 16.4047 0.1420 car
1385 22.5831 0.0788 car
1385 10.8994 0.2717 car
1386 15.9076 0.1287 car
1386 22.2949 0.1490 car
1386 10.6963 0.2720 car
1387 11.8489 0.2124 car
1387 21.9447 0.0709 car
1388 9.3744 0.2792 car
1388 18.2464 0.1531 car
1388 15.2329 0.1419 car
1389 11.2086 0.2236 car
1389 21.0160 0.1547 car
1390 20.8025 0.1588 car
1390 8.7352 0.2956 car
1391 20.3762 0.1605 car
1391 8.3091 0.2956 car
1392 19.9498 0.1637 car
1392 8.0961 0.2956 car
1392 13.5641 0.1607 car
1393 13.3510 0.1717 car
1393 22.7192 0.1670 car
1393 7.8830 0.4305 car
1394 19.3095 0.1752 car
1394 7.4569 0.3622 car
1394 12.7829 0.1580 car
1395 15.6877 0.1735 car
1395 7.4569 0.4479 car
1395 12.6409 0.1554 car
1396 19.0678 0.0944 car
1396 12.2138 0.1765 car
1396 7.0308 0.4831 car
1397 18.0308 0.1792 car
1397 6.8178 0.5373 car
1397 11.9297 0.1764 car
1398 6.1786 0.4305 car
1398 24.2085 0.1890 car
1398 11.5037 0.1924 car
1399 11.2321 0.2141 car
1399 17.3905 0.1906 car
1399 6.1786 0.5744 car
1400 17.1777 0.1882 car
1400 6.6047 0.3961 car
1400 10.9709 0.2474 car
1401 7.0308 0.3791 car
1401 10.5390 0.2386 car
1401 13.5546 0.1987 car
1402 7.2439 0.3622 car
1402 10.3328 0.2219 car
1403 7.0308 0.3622 car
1403 10.0136 0.2304 car
1403 16.1107 0.2051 car
1404 10.0136 0.1981 car
1404 6.3916 0.4132 car
1404 16.1207 0.1291 car
1405 9.5875 0.2142 car
1406 8.5222 0.2792 car
1406 13.4220 0.1573 car
1407 8.0961 0.2956 car
1407 15.0199 0.1419 car
1408 8.3091 0.4479 car
1408 14.5550 0.1496 car
1409 8.0961 0.4654 car
1409 14.4873 0.1578 car
1410 7.8830 0.2792 car
1410 13.5507 0.2403 car
1411 7.4569 0.5373 car
1411 13.4213 0.1499 car
1412 6.6047 0.4305 car
1412 12.7833 0.1821 car
1413 7.0308 0.4831 car
1413 12.3568 0.1901 car
1414 6.6047 0.5557 car
1414 12.8758 0.1716 car
1415 12.9919 0.1480 car
1415 5.9655 0.5744 car
1416 6.3916 0.3622 car
1416 12.9173 0.1464 car
1417 5.5394 0.6916 car
1417 12.4705 0.1829 car
1418 11.6721 0.1844 car
1418 5.7525 0.6714 car
1419 11.0588 0.2166 car
1419 6.1786 0.3791 car
1420 10.2246 0.2195 car
1420 6.6047 0.3287 car
1421 10.3187 0.2354 car
1421 5.7525 0.4132 car
1422 9.9523 0.2254 car
1423 9.3744 0.2466 car
1424 9.3744 0.2142 car
1424 5.7525 0.3961 cyclist
1425 5.7525 0.4305 car
1425 8.9483 0.2142 car
1426 8.5222 0.4305 car
1427 8.3091 0.2466 car
1428 7.6700 0.4479 car
1429 7.4569 0.2466 car
1430 7.2439 0.2792 car
1431 7.0308 0.5191 car
1432 6.6047 0.2956 car
1433 6.6047 0.4654 car
1434 6.3916 0.5191 car
1435 6.3916 0.3791 car
1436 6.1786 0.5557 car
1437 5.7525 0.4305 car
1438 5.7525 0.6916 car
1439 5.3264 0.5557 car
1440 6.3916 0.3121 car
1443 5.5394 0.3961 car
1443 14.1762 0.4018 cyclist
1459 18.3227 0.3622 pedestrian
1460 17.8966 0.3622 pedestrian
1465 17.2574 0.3961 pedestrian
1502 18.4332 0.4580 car
1508 11.3995 0.4977 cyclist
1523 18.7488 0.4831 pedestrian
1616 19.8141 0.3454 car
1619 15.8733 0.5036 car
1620 15.6602 0.5055 car
1626 17.5829 0.4320 pedestrian
1627 18.0083 0.4416 pedestrian
1628 18.3227 0.3622 pedestrian
1629 18.7488 0.2956 pedestrian
1629 15.2336 0.5119 pedestrian
1630 14.8070 0.5202 pedestrian
1630 18.5358 0.3454 pedestrian
1631 14.5954 0.4971 pedestrian
1632 17.8966 0.3454 pedestrian
1633 15.9791 0.3961 pedestrian
1672 9.8005 -0.5932 car
1673 8.9483 -0.6714 car
1674 8.3091 -0.7333 car
1676 7.4482 -0.4381 car
1678 5.7482 -0.4760 car
