0 9.1447 0.0175 pedestrian
0 11.3751 -0.1047 cyclist
1 9.1447 0.0175 pedestrian
1 11.3751 -0.1047 cyclist
2 9.1447 0.0175 pedestrian
2 11.3751 -0.1047 cyclist
3 8.9217 0.0000 pedestrian
3 11.3751 -0.1047 cyclist
4 8.9217 0.0000 pedestrian
4 11.3751 -0.1047 cyclist
5 8.9217 0.0000 pedestrian
5 11.3751 -0.1047 cyclist
6 8.9217 0.0000 pedestrian
6 11.3751 -0.1047 cyclist
7 8.9217 0.0000 pedestrian
7 11.3751 -0.1047 cyclist
8 9.1447 0.0000 pedestrian
8 11.3751 -0.1047 cyclist
9 9.1447 0.0000 pedestrian
9 11.3751 -0.1047 cyclist
10 9.1447 0.0000 pedestrian
10 11.3751 -0.1047 cyclist
11 9.1447 -0.0349 pedestrian
11 11.5982 -0.1047 cyclist
12 9.1447 -0.0349 pedestrian
12 11.5982 -0.1047 cyclist
13 9.1447 -0.0349 pedestrian
13 11.5982 -0.1047 cyclist
14 9.1447 -0.0349 pedestrian
14 11.5982 -0.1047 cyclist
15 9.1447 -0.0349 pedestrian
15 11.5982 -0.1047 cyclist
16 9.1447 -0.0349 pedestrian
16 11.5982 -0.1047 cyclist
17 9.1447 -0.0349 pedestrian
17 11.5982 -0.1047 cyclist
18 9.1447 -0.0349 pedestrian
18 11.5982 -0.1047 cyclist
19 9.1447 -0.0349 pedestrian
19 11.5982 -0.1047 cyclist
20 9.1447 -0.0524 pedestrian
20 11.5982 -0.0873 cyclist
21 9.1447 -0.0524 pedestrian
21 11.5982 -0.0873 cyclist
22 9.1447 -0.0524 pedestrian
22 11.8212 -0.0698 cyclist
23 9.1447 -0.0524 pedestrian
23 11.8212 -0.0698 cyclist
24 9.1447 -0.0524 pedestrian
24 11.8212 -0.0698 cyclist
25 9.1447 -0.0524 pedestrian
25 11.8212 -0.0698 cyclist
26 9.1447 -0.0524 pedestrian
26 11.8212 -0.0698 cyclist
27 9.1447 -0.0524 pedestrian
27 11.8212 -0.0698 cyclist
28 9.1447 -0.0524 pedestrian
28 11.8212 -0.0698 cyclist
29 9.1447 -0.0524 pedestrian
29 11.8212 -0.0698 cyclist
30 9.1447 -0.0524 pedestrian
30 11.8212 -0.0698 cyclist
31 9.1447 -0.0524 pedestrian
31 11.8212 -0.0698 cyclist
32 9.1447 -0.0698 pedestrian
32 11.8212 -0.0698 cyclist
33 9.1447 -0.0698 pedestrian
33 11.8212 -0.0698 cyclist
34 9.1447 -0.0698 pedestrian
34 11.8212 -0.0698 cyclist
35 9.1447 -0.0698 pedestrian
35 11.8212 -0.0698 cyclist
36 9.1447 -0.0698 pedestrian
36 12.0443 -0.0524 cyclist
37 9.1447 -0.0698 pedestrian
37 12.0443 -0.0524 cyclist
38 9.1447 -0.0698 pedestrian
38 12.0443 -0.0524 cyclist
39 9.1447 -0.0698 pedestrian
39 12.0443 -0.0524 cyclist
40 9.1447 -0.0698 pedestrian
40 12.0443 -0.0524 cyclist
41 9.1447 -0.0873 pedestrian
41 12.2673 -0.0349 cyclist
42 9.1447 -0.0873 pedestrian
42 12.2673 -0.0349 cyclist
43 9.1447 -0.0873 pedestrian
43 12.2673 -0.0349 cyclist
44 9.3678 -0.1047 pedestrian
44 12.2673 -0.0349 cyclist
45 9.3678 -0.1047 pedestrian
45 12.2673 -0.0349 cyclist
46 9.3678 -0.1047 pedestrian
46 12.2673 -0.0349 cyclist
47 9.3678 -0.1047 pedestrian
47 12.2673 -0.0349 cyclist
48 9.3678 -0.1047 pedestrian
48 12.2673 -0.0349 cyclist
49 9.3678 -0.1047 pedestrian
49 12.2673 -0.0349 cyclist
50 9.3678 -0.1047 pedestrian
50 12.2673 -0.0349 cyclist
51 9.3678 -0.1047 pedestrian
51 12.2673 -0.0349 cyclist
52 9.3678 -0.1047 pedestrian
52 12.2673 -0.0349 cyclist
53 9.3678 -0.1047 pedestrian
53 12.2673 -0.0349 cyclist
54 9.5908 -0.1222 pedestrian
54 12.4903 -0.0175 cyclist
55 9.5908 -0.1222 pedestrian
55 12.4903 -0.0175 cyclist
56 9.5908 -0.1222 pedestrian
56 12.4903 -0.0175 cyclist
57 9.5908 -0.1222 pedestrian
57 12.4903 -0.0175 cyclist
58 9.5908 -0.1222 pedestrian
58 12.4903 0.0175 cyclist
59 9.5908 -0.1222 pedestrian
59 12.4903 0.0175 cyclist
60 9.5908 -0.1222 pedestrian
60 12.4903 0.0175 cyclist
61 9.5908 -0.1222 pedestrian
61 12.4903 0.0175 cyclist
62 9.5908 -0.1222 pedestrian
62 12.4903 0.0175 cyclist
63 9.5908 -0.1222 pedestrian
63 12.4903 0.0175 cyclist
64 9.5908 -0.1222 pedestrian
64 12.4903 0.0175 cyclist
65 9.5908 -0.1222 pedestrian
65 12.4903 0.0175 cyclist
66 9.8138 -0.1571 pedestrian
66 12.7134 0.0698 cyclist
67 9.8138 -0.1571 pedestrian
67 12.7134 0.0698 cyclist
68 9.8138 -0.1571 pedestrian
68 12.7134 0.0698 cyclist
69 9.8138 -0.1571 pedestrian
69 12.7134 0.0698 cyclist
70 9.8138 -0.1571 pedestrian
70 12.7134 0.0698 cyclist
71 9.8138 -0.1571 pedestrian
71 12.7134 0.0698 cyclist
72 9.8138 -0.1571 pedestrian
72 12.7134 0.0698 cyclist
73 9.8138 -0.1571 pedestrian
73 12.7134 0.0698 cyclist
74 9.8138 -0.1571 pedestrian
74 12.7134 0.0698 cyclist
75 9.8138 -0.1571 pedestrian
75 12.7134 0.0698 cyclist
76 9.8138 -0.1571 pedestrian
76 12.7134 0.0698 cyclist
77 9.8138 -0.1571 pedestrian
77 12.7134 0.0698 cyclist
78 10.0369 -0.1571 pedestrian
78 12.7134 0.0698 cyclist
79 10.0369 -0.1571 pedestrian
79 12.7134 0.0698 cyclist
80 10.0369 -0.1571 pedestrian
80 12.7134 0.0698 cyclist
81 10.0369 -0.1571 pedestrian
81 12.7134 0.0698 cyclist
82 10.0369 -0.1571 pedestrian
82 12.7134 0.0698 cyclist
83 10.0369 -0.1571 pedestrian
83 12.7134 0.0698 cyclist
84 10.0369 -0.1571 pedestrian
84 12.7134 0.0698 cyclist
85 10.0369 -0.1571 pedestrian
85 12.7134 0.0698 cyclist
86 10.0369 -0.1571 pedestrian
86 12.7134 0.0698 cyclist
87 10.0369 -0.1745 pedestrian
87 12.7134 0.0698 cyclist
88 10.0369 -0.1745 pedestrian
88 12.7134 0.0698 cyclist
89 10.2599 -0.1920 pedestrian
89 12.4903 0.0873 cyclist
90 10.2599 -0.1920 pedestrian
90 12.4903 0.0873 cyclist
91 10.2599 -0.1920 pedestrian
91 12.4903 0.0873 cyclist
92 10.2599 -0.1920 pedestrian
92 12.4903 0.0873 cyclist
93 10.2599 -0.1920 pedestrian
93 12.4903 0.0873 cyclist
94 10.2599 -0.1920 pedestrian
94 12.4903 0.1222 cyclist
95 10.2599 -0.1920 pedestrian
95 12.4903 0.1222 cyclist
96 10.2599 -0.1920 pedestrian
96 12.4903 0.1222 cyclist
97 10.2599 -0.1920 pedestrian
97 12.4903 0.1222 cyclist
98 10.2599 -0.1920 pedestrian
98 12.4903 0.1222 cyclist
99 10.2599 -0.1920 pedestrian
99 12.2673 0.1396 cyclist
100 10.2599 -0.1920 pedestrian
100 12.2673 0.1396 cyclist
101 10.2599 -0.1920 pedestrian
101 12.2673 0.1396 cyclist
102 10.2599 -0.1920 pedestrian
102 12.2673 0.1396 cyclist
103 10.2599 -0.1920 pedestrian
103 12.2673 0.1396 cyclist
104 10.2599 -0.1920 pedestrian
104 12.2673 0.1396 cyclist
105 10.2599 -0.2269 pedestrian
105 12.2673 0.1745 cyclist
106 10.2599 -0.2269 pedestrian
106 12.2673 0.1745 cyclist
107 10.2599 -0.2269 pedestrian
107 12.2673 0.1745 cyclist
108 10.2599 -0.2269 pedestrian
108 12.2673 0.1745 cyclist
109 10.2599 -0.2269 pedestrian
109 12.2673 0.1745 cyclist
110 10.2599 -0.2443 pedestrian
110 12.0443 0.1920 cyclist
111 10.2599 -0.2443 pedestrian
111 12.0443 0.1920 cyclist
112 10.2599 -0.2443 pedestrian
112 12.0443 0.1920 cyclist
113 10.2599 -0.2443 pedestrian
113 12.0443 0.1920 cyclist
114 10.2599 -0.2443 pedestrian
114 12.0443 0.1920 cyclist
115 10.2599 -0.2618 pedestrian
115 11.8212 0.1920 cyclist
116 10.2599 -0.2618 pedestrian
116 11.8212 0.1920 cyclist
117 10.2599 -0.2618 pedestrian
117 11.5982 0.1920 cyclist
118 10.2599 -0.2618 pedestrian
118 11.5982 0.1920 cyclist
119 10.2599 -0.2618 pedestrian
119 11.5982 0.1920 cyclist
120 10.2599 -0.2618 pedestrian
120 11.5982 0.1920 cyclist
121 10.2599 -0.2618 pedestrian
121 11.5982 0.1920 cyclist
122 10.2599 -0.2618 pedestrian
122 11.5982 0.1920 cyclist
123 10.2599 -0.2618 pedestrian
123 11.5982 0.1920 cyclist
124 10.2599 -0.2618 pedestrian
124 11.5982 0.1920 cyclist
125 10.2599 -0.2618 pedestrian
125 11.5982 0.1920 cyclist
126 10.2599 -0.2618 pedestrian
126 11.5982 0.1920 cyclist
127 10.2599 -0.2967 pedestrian
127 11.1521 0.2094 cyclist
128 10.2599 -0.2967 pedestrian
128 11.1521 0.2094 cyclist
129 10.2599 -0.2967 pedestrian
129 11.1521 0.2094 cyclist
130 10.2599 -0.2967 pedestrian
130 11.1521 0.2094 cyclist
131 10.2599 -0.2967 pedestrian
131 10.7060 0.2094 cyclist
132 10.2599 -0.2967 pedestrian
132 10.7060 0.2094 cyclist
133 10.2599 -0.2967 pedestrian
133 10.7060 0.2094 cyclist
134 10.2599 -0.2967 pedestrian
134 10.7060 0.2094 cyclist
135 10.2599 -0.2967 pedestrian
135 10.7060 0.2094 cyclist
136 10.2599 -0.2967 pedestrian
136 10.7060 0.2094 cyclist
137 10.2599 -0.2967 pedestrian
137 10.7060 0.2094 cyclist
138 10.2599 -0.2967 pedestrian
138 10.4830 0.2094 cyclist
139 10.2599 -0.2967 pedestrian
139 10.4830 0.2094 cyclist
140 10.2599 -0.2967 pedestrian
140 10.4830 0.2094 cyclist
141 10.2599 -0.3316 pedestrian
141 10.2599 0.2094 cyclist
142 10.2599 -0.3316 pedestrian
142 10.2599 0.2094 cyclist
143 10.2599 -0.3316 pedestrian
143 10.2599 0.2094 cyclist
144 10.2599 -0.3316 pedestrian
144 10.2599 0.2094 cyclist
145 10.2599 -0.3316 pedestrian
145 10.2599 0.2094 cyclist
146 10.2599 -0.3491 pedestrian
146 10.2599 0.2094 cyclist
147 10.2599 -0.3491 pedestrian
147 10.2599 0.2094 cyclist
148 10.2599 -0.3491 pedestrian
148 9.8138 0.2094 cyclist
149 10.2599 -0.3491 pedestrian
149 9.8138 0.2094 cyclist
150 10.2599 -0.3491 pedestrian
150 9.8138 0.2094 cyclist
151 10.2599 -0.3491 pedestrian
151 9.8138 0.2094 cyclist
152 10.2599 -0.3491 pedestrian
152 9.8138 0.2094 cyclist
153 10.2599 -0.3491 pedestrian
153 9.8138 0.2094 cyclist
154 10.2599 -0.3491 pedestrian
154 9.8138 0.2094 cyclist
155 10.0369 -0.3840 pedestrian
155 9.5908 0.2094 cyclist
156 10.0369 -0.3840 pedestrian
156 9.5908 0.2094 cyclist
157 10.0369 -0.3840 pedestrian
157 9.5908 0.2094 cyclist
158 10.0369 -0.3840 pedestrian
158 9.1447 0.2094 cyclist
159 10.0369 -0.3840 pedestrian
159 9.1447 0.2094 cyclist
160 10.0369 -0.3840 pedestrian
160 9.1447 0.2094 cyclist
161 10.0369 -0.3840 pedestrian
161 9.1447 0.2094 cyclist
162 10.0369 -0.3840 pedestrian
162 9.1447 0.2094 cyclist
163 10.0369 -0.3840 pedestrian
163 9.1447 0.2094 cyclist
164 10.0369 -0.3840 pedestrian
164 9.1447 0.2094 cyclist
165 10.0369 -0.3840 pedestrian
165 8.6986 0.1920 cyclist
166 10.0369 -0.3840 pedestrian
166 8.6986 0.1920 cyclist
167 10.0369 -0.3840 pedestrian
167 8.6986 0.1920 cyclist
168 10.0369 -0.3840 pedestrian
168 8.6986 0.1920 cyclist
169 10.0369 -0.3840 pedestrian
169 8.6986 0.1920 cyclist
170 10.0369 -0.3840 pedestrian
170 8.6986 0.1920 cyclist
171 10.0369 -0.3840 pedestrian
171 8.6986 0.1920 cyclist
172 10.0369 -0.3840 pedestrian
172 8.6986 0.1920 cyclist
173 10.0369 -0.3840 pedestrian
173 8.6986 0.1920 cyclist
174 10.0369 -0.3840 pedestrian
174 8.2525 0.1745 cyclist
175 10.0369 -0.3840 pedestrian
175 8.2525 0.1745 cyclist
176 10.0369 -0.3840 pedestrian
176 8.2525 0.1745 cyclist
177 10.0369 -0.3840 pedestrian
177 8.2525 0.1745 cyclist
178 10.0369 -0.3840 pedestrian
178 8.2525 0.1745 cyclist
179 10.0369 -0.3840 pedestrian
179 8.2525 0.1745 cyclist
180 10.0369 -0.3840 pedestrian
180 8.2525 0.1745 cyclist
181 10.0369 -0.3840 pedestrian
181 7.8065 0.1571 cyclist
182 10.0369 -0.3840 pedestrian
182 7.8065 0.1571 cyclist
183 10.0369 -0.3840 pedestrian
183 7.8065 0.1571 cyclist
184 10.0369 -0.3840 pedestrian
184 7.8065 0.1571 cyclist
185 10.0369 -0.3840 pedestrian
185 7.8065 0.1571 cyclist
186 10.0369 -0.3840 pedestrian
186 7.5834 0.1396 cyclist
187 10.0369 -0.3840 pedestrian
187 7.5834 0.1396 cyclist
188 10.0369 -0.3840 pedestrian
188 7.5834 0.1396 cyclist
189 10.0369 -0.3840 pedestrian
189 7.5834 0.1396 cyclist
190 10.0369 -0.3840 pedestrian
190 7.5834 0.1396 cyclist
191 10.0369 -0.3840 pedestrian
191 7.5834 0.1396 cyclist
192 10.0369 -0.3840 pedestrian
192 7.3604 0.1047 cyclist
193 10.0369 -0.3840 pedestrian
193 7.3604 0.1047 cyclist
194 10.0369 -0.3840 pedestrian
194 7.3604 0.1047 cyclist
195 10.0369 -0.3840 pedestrian
195 7.3604 0.1047 cyclist
196 10.0369 -0.3840 pedestrian
196 7.3604 0.1047 cyclist
197 10.0369 -0.3316 pedestrian
197 7.3604 0.0698 cyclist
198 10.0369 -0.3316 pedestrian
198 7.3604 0.0698 cyclist
199 10.0369 -0.3316 pedestrian
199 7.3604 0.0698 cyclist
200 10.0369 -0.3316 pedestrian
200 7.3604 0.0698 cyclist
201 10.0369 -0.3316 pedestrian
201 7.3604 0.0698 cyclist
202 10.0369 -0.3316 pedestrian
202 6.9143 0.0349 cyclist
203 10.0369 -0.3316 pedestrian
203 6.9143 0.0349 cyclist
204 10.0369 -0.3316 pedestrian
204 6.9143 0.0349 cyclist
205 10.0369 -0.3316 pedestrian
205 6.9143 0.0349 cyclist
206 10.0369 -0.3316 pedestrian
206 6.9143 0.0349 cyclist
207 10.0369 -0.3316 pedestrian
207 6.9143 0.0349 cyclist
208 10.0369 -0.3316 pedestrian
208 6.9143 -0.0175 cyclist
209 10.0369 -0.3316 pedestrian
209 6.9143 -0.0175 cyclist
210 10.0369 -0.3316 pedestrian
210 6.9143 -0.0349 cyclist
211 10.0369 -0.3316 pedestrian
211 6.9143 -0.0349 cyclist
212 10.0369 -0.3316 pedestrian
212 6.9143 -0.0349 cyclist
213 10.0369 -0.3316 pedestrian
213 6.9143 -0.0349 cyclist
214 10.0369 -0.3142 pedestrian
214 6.6913 -0.0698 cyclist
215 10.0369 -0.3142 pedestrian
215 6.6913 -0.0698 cyclist
216 10.0369 -0.3142 pedestrian
216 6.6913 -0.0698 cyclist
217 10.0369 -0.3142 pedestrian
217 6.6913 -0.0698 cyclist
218 10.0369 -0.3142 pedestrian
218 6.6913 -0.0698 cyclist
219 10.0369 -0.3142 pedestrian
219 6.6913 -0.0698 cyclist
220 10.0369 -0.2967 pedestrian
220 6.9143 -0.1222 cyclist
221 10.0369 -0.2967 pedestrian
221 6.9143 -0.1222 cyclist
222 10.0369 -0.2967 pedestrian
222 6.9143 -0.1222 cyclist
223 10.0369 -0.2967 pedestrian
223 6.9143 -0.1222 cyclist
224 10.0369 -0.2967 pedestrian
224 6.9143 -0.1222 cyclist
225 10.0369 -0.2793 pedestrian
225 6.9143 -0.1222 cyclist
226 10.0369 -0.2443 pedestrian
226 6.9143 -0.1571 cyclist
227 10.0369 -0.2443 pedestrian
227 6.9143 -0.1571 cyclist
228 10.0369 -0.2443 pedestrian
228 6.9143 -0.1571 cyclist
229 10.0369 -0.2443 pedestrian
229 6.9143 -0.1571 cyclist
230 10.0369 -0.2443 pedestrian
230 6.9143 -0.1571 cyclist
231 10.0369 -0.2443 pedestrian
231 6.9143 -0.1920 cyclist
232 10.0369 -0.2443 pedestrian
232 6.9143 -0.1920 cyclist
233 10.0369 -0.2443 pedestrian
233 7.1373 -0.2094 cyclist
234 10.0369 -0.2443 pedestrian
234 7.1373 -0.2094 cyclist
235 10.0369 -0.2443 pedestrian
235 7.1373 -0.2094 cyclist
236 10.0369 -0.2269 pedestrian
236 7.3604 -0.2269 cyclist
237 10.0369 -0.2269 pedestrian
237 7.3604 -0.2269 cyclist
238 10.0369 -0.2269 pedestrian
238 7.3604 -0.2269 cyclist
239 10.0369 -0.2269 pedestrian
239 7.3604 -0.2269 cyclist
240 10.0369 -0.2269 pedestrian
240 7.3604 -0.2269 cyclist
241 10.0369 -0.2269 pedestrian
241 7.5834 -0.2618 cyclist
242 10.0369 -0.2269 pedestrian
242 7.5834 -0.2618 cyclist
243 10.0369 -0.2269 pedestrian
243 7.5834 -0.2618 cyclist
244 10.0369 -0.2269 pedestrian
244 7.5834 -0.2618 cyclist
245 10.0369 -0.2094 pedestrian
245 7.8065 -0.2793 cyclist
246 10.0369 -0.2094 pedestrian
246 7.8065 -0.2793 cyclist
247 10.0369 -0.2094 pedestrian
247 7.8065 -0.2793 cyclist
248 10.0369 -0.2094 pedestrian
248 7.8065 -0.2793 cyclist
249 10.0369 -0.1920 pedestrian
249 7.8065 -0.2618 cyclist
250 10.0369 -0.1920 pedestrian
250 7.8065 -0.2618 cyclist
251 10.0369 -0.1920 pedestrian
251 7.8065 -0.2618 cyclist
252 10.0369 -0.1920 pedestrian
252 7.8065 -0.2618 cyclist
253 10.0369 -0.1920 pedestrian
253 8.2525 -0.2793 cyclist
254 10.0369 -0.1920 pedestrian
254 8.2525 -0.2793 cyclist
255 10.0369 -0.1920 pedestrian
255 8.2525 -0.2793 cyclist
256 10.0369 -0.1920 pedestrian
256 8.2525 -0.2793 cyclist
257 10.0369 -0.1920 pedestrian
257 8.2525 -0.2793 cyclist
258 10.0369 -0.1745 pedestrian
258 8.2525 -0.2793 cyclist
259 10.0369 -0.1745 pedestrian
259 8.4756 -0.2967 cyclist
260 10.0369 -0.1745 pedestrian
260 8.4756 -0.2967 cyclist
261 10.0369 -0.1745 pedestrian
261 8.9217 -0.2967 cyclist
262 10.0369 -0.1745 pedestrian
262 8.9217 -0.2967 cyclist
263 10.0369 -0.1745 pedestrian
263 8.9217 -0.2967 cyclist
264 10.0369 -0.1745 pedestrian
264 8.9217 -0.2967 cyclist
265 10.0369 -0.1396 pedestrian
265 8.9217 -0.2967 cyclist
266 10.0369 -0.1396 pedestrian
266 8.9217 -0.2967 cyclist
267 10.0369 -0.1396 pedestrian
267 8.9217 -0.2967 cyclist
268 10.0369 -0.1396 pedestrian
268 8.9217 -0.2967 cyclist
269 10.0369 -0.1396 pedestrian
269 9.3678 -0.2967 cyclist
270 10.0369 -0.1396 pedestrian
270 9.3678 -0.2967 cyclist
271 10.0369 -0.1396 pedestrian
271 9.3678 -0.2967 cyclist
272 10.0369 -0.1396 pedestrian
272 9.3678 -0.2967 cyclist
273 10.0369 -0.1396 pedestrian
273 9.3678 -0.2793 cyclist
274 10.0369 -0.1396 pedestrian
274 9.3678 -0.2793 cyclist
275 10.0369 -0.1396 pedestrian
275 9.5908 -0.2967 cyclist
276 10.0369 -0.1396 pedestrian
276 9.5908 -0.2967 cyclist
277 10.0369 -0.1396 pedestrian
277 9.5908 -0.2967 cyclist
278 10.0369 -0.1396 pedestrian
278 10.0369 -0.2967 cyclist
279 10.0369 -0.1396 pedestrian
279 10.0369 -0.2967 cyclist
280 10.0369 -0.1396 pedestrian
280 10.0369 -0.2967 cyclist
281 10.0369 -0.1396 pedestrian
281 10.0369 -0.2967 cyclist
282 10.0369 -0.1396 pedestrian
282 10.0369 -0.2967 cyclist
283 10.0369 -0.1396 pedestrian
283 10.0369 -0.2967 cyclist
284 10.0369 -0.1396 pedestrian
284 10.4830 -0.2967 cyclist
285 10.0369 -0.1396 pedestrian
285 10.4830 -0.2967 cyclist
286 10.0369 -0.1396 pedestrian
286 10.4830 -0.2967 cyclist
287 10.0369 -0.1396 pedestrian
287 10.4830 -0.2967 cyclist
288 10.0369 -0.0873 pedestrian
288 10.7060 -0.2793 cyclist
289 10.0369 -0.0873 pedestrian
289 10.7060 -0.2793 cyclist
290 10.0369 -0.0873 pedestrian
290 10.7060 -0.2793 cyclist
291 10.0369 -0.0873 pedestrian
291 10.7060 -0.2793 cyclist
292 10.0369 -0.0873 pedestrian
292 10.7060 -0.2793 cyclist
293 10.0369 -0.0873 pedestrian
293 10.9290 -0.2618 cyclist
294 10.0369 -0.0873 pedestrian
294 10.9290 -0.2618 cyclist
295 10.0369 -0.0873 pedestrian
295 10.9290 -0.2618 cyclist
296 10.0369 -0.0873 pedestrian
296 11.1521 -0.2443 cyclist
297 10.0369 -0.0873 pedestrian
297 11.1521 -0.2443 cyclist
298 10.0369 -0.0698 pedestrian
298 11.3751 -0.2618 cyclist
299 10.0369 -0.0698 pedestrian
299 11.3751 -0.2618 cyclist
300 10.0369 -0.0698 pedestrian
300 11.3751 -0.2618 cyclist
301 10.0369 -0.0698 pedestrian
301 11.3751 -0.2618 cyclist
302 9.8138 -0.0698 pedestrian
302 11.8212 -0.2443 cyclist
303 9.8138 -0.0698 pedestrian
303 11.8212 -0.2443 cyclist
304 9.8138 -0.0698 pedestrian
304 11.8212 -0.2443 cyclist
305 9.8138 -0.0349 pedestrian
305 11.8212 -0.2443 cyclist
306 9.8138 -0.0349 pedestrian
306 11.8212 -0.2443 cyclist
307 9.8138 -0.0349 pedestrian
307 12.2673 -0.2443 cyclist
308 9.8138 -0.0349 pedestrian
308 12.2673 -0.2443 cyclist
309 9.8138 -0.0349 pedestrian
309 12.2673 -0.2443 cyclist
310 9.8138 -0.0349 pedestrian
310 12.2673 -0.2443 cyclist
311 9.8138 -0.0349 pedestrian
311 12.2673 -0.2443 cyclist
312 9.8138 -0.0349 pedestrian
312 12.2673 -0.2443 cyclist
313 9.8138 -0.0349 pedestrian
313 12.2673 -0.2443 cyclist
314 9.8138 -0.0349 pedestrian
314 12.7134 -0.2269 cyclist
315 9.8138 -0.0349 pedestrian
315 12.7134 -0.2269 cyclist
316 9.8138 -0.0349 pedestrian
316 12.7134 -0.2269 cyclist
317 9.8138 -0.0349 pedestrian
317 12.7134 -0.2269 cyclist
318 9.8138 -0.0175 pedestrian
318 13.1595 -0.2269 cyclist
319 9.8138 -0.0175 pedestrian
319 13.1595 -0.2269 cyclist
320 9.8138 -0.0175 pedestrian
320 13.1595 -0.2269 cyclist
321 9.8138 -0.0175 pedestrian
321 13.1595 -0.2269 cyclist
322 9.8138 0.0000 pedestrian
322 13.6056 -0.2443 cyclist
323 9.8138 0.0000 pedestrian
323 13.6056 -0.2443 cyclist
324 9.8138 0.0000 pedestrian
324 13.6056 -0.2443 cyclist
325 9.8138 0.0000 pedestrian
325 13.6056 -0.2443 cyclist
326 9.8138 0.0000 pedestrian
326 13.6056 -0.2443 cyclist
327 9.8138 0.0000 pedestrian
327 13.6056 -0.2443 cyclist
328 9.8138 0.0349 pedestrian
328 13.8286 -0.2094 cyclist
329 9.8138 0.0349 pedestrian
329 13.8286 -0.2094 cyclist
330 9.8138 0.0349 pedestrian
330 13.8286 -0.2094 cyclist
331 9.8138 0.0349 pedestrian
331 13.8286 -0.2094 cyclist
332 9.8138 0.0349 pedestrian
332 13.8286 -0.2094 cyclist
333 9.8138 0.0349 pedestrian
333 14.2747 -0.2094 cyclist
334 9.8138 0.0349 pedestrian
334 14.4977 -0.2269 cyclist
335 9.8138 0.0873 pedestrian
335 14.2747 -0.1920 cyclist
336 9.8138 0.0873 pedestrian
336 14.2747 -0.1920 cyclist
337 9.8138 0.1047 pedestrian
337 14.2747 -0.1745 cyclist
338 9.8138 0.1047 pedestrian
338 14.2747 -0.1745 cyclist
339 9.8138 0.0698 pedestrian
339 14.7208 -0.1920 cyclist
340 9.8138 0.0698 pedestrian
340 14.7208 -0.1920 cyclist
341 9.8138 0.0698 pedestrian
341 14.7208 -0.1920 cyclist
342 9.8138 0.0698 pedestrian
342 14.7208 -0.1920 cyclist
343 9.8138 0.0698 pedestrian
343 14.7208 -0.1920 cyclist
344 9.8138 0.0698 pedestrian
344 14.7208 -0.1920 cyclist
345 9.8138 0.0698 pedestrian
345 15.1668 -0.1745 cyclist
346 9.8138 0.0698 pedestrian
346 15.1668 -0.1745 cyclist
347 9.8138 0.0698 pedestrian
347 15.1668 -0.1745 cyclist
348 9.8138 0.0698 pedestrian
348 15.1668 -0.1745 cyclist
349 10.0369 0.0873 pedestrian
349 15.6129 -0.1745 cyclist
350 10.0369 0.0873 pedestrian
350 15.6129 -0.1745 cyclist
351 10.0369 0.0873 pedestrian
351 15.6129 -0.1745 cyclist
352 10.0369 0.0873 pedestrian
352 15.6129 -0.1745 cyclist
353 10.0369 0.0873 pedestrian
353 15.6129 -0.1745 cyclist
354 10.0369 0.0873 pedestrian
354 15.8360 -0.1745 cyclist
355 10.0369 0.0873 pedestrian
355 15.8360 -0.1745 cyclist
356 10.0369 0.0873 pedestrian
356 15.8360 -0.1745 cyclist
357 10.0369 0.0873 pedestrian
357 15.8360 -0.1745 cyclist
358 10.0369 0.0873 pedestrian
358 16.2821 -0.1571 cyclist
359 10.0369 0.0873 pedestrian
359 16.2821 -0.1571 cyclist
360 10.0369 0.0873 pedestrian
360 16.2821 -0.1571 cyclist
361 10.2599 0.1222 pedestrian
361 16.2821 -0.1571 cyclist
362 10.2599 0.1222 pedestrian
362 16.2821 -0.1571 cyclist
363 10.2599 0.1222 pedestrian
363 16.2821 -0.1571 cyclist
364 10.2599 0.1222 pedestrian
364 16.2821 -0.1571 cyclist
365 10.2599 0.1222 pedestrian
365 16.2821 -0.1571 cyclist
366 10.2599 0.1222 pedestrian
366 16.7281 -0.1396 cyclist
367 10.2599 0.1222 pedestrian
367 16.7281 -0.1396 cyclist
368 10.2599 0.1222 pedestrian
368 16.7281 -0.1396 cyclist
369 10.2599 0.1222 pedestrian
369 16.7281 -0.1396 cyclist
370 10.4830 0.1396 pedestrian
370 17.1742 -0.1222 cyclist
371 10.4830 0.1396 pedestrian
371 17.1742 -0.1222 cyclist
372 10.4830 0.1396 pedestrian
372 17.1742 -0.1222 cyclist
373 10.4830 0.1396 pedestrian
373 17.1742 -0.1222 cyclist
374 10.4830 0.1396 pedestrian
374 17.1742 -0.1222 cyclist
375 10.4830 0.1396 pedestrian
375 17.1742 -0.1222 cyclist
376 10.4830 0.1396 pedestrian
376 17.1742 -0.1222 cyclist
377 10.4830 0.1396 pedestrian
377 17.6203 -0.1047 cyclist
378 10.4830 0.1396 pedestrian
378 17.6203 -0.1047 cyclist
379 10.4830 0.1396 pedestrian
379 17.6203 -0.1047 cyclist
380 10.4830 0.1396 pedestrian
380 17.6203 -0.1047 cyclist
381 10.4830 0.1396 pedestrian
381 17.6203 -0.1047 cyclist
382 10.7060 0.1571 pedestrian
382 18.0664 -0.1047 cyclist
383 10.7060 0.1571 pedestrian
383 18.0664 -0.1047 cyclist
384 10.7060 0.1571 pedestrian
384 18.0664 -0.1047 cyclist
385 10.7060 0.1571 pedestrian
385 18.0664 -0.1047 cyclist
386 10.7060 0.1571 pedestrian
386 18.0664 -0.1047 cyclist
387 10.7060 0.1571 pedestrian
387 18.0664 -0.1047 cyclist
388 10.9290 0.1920 pedestrian
388 18.2894 -0.1047 cyclist
389 10.9290 0.1920 pedestrian
389 18.2894 -0.1047 cyclist
390 10.9290 0.1920 pedestrian
390 18.2894 -0.1047 cyclist
391 10.9290 0.1920 pedestrian
391 18.2894 -0.1047 cyclist
392 10.9290 0.1920 pedestrian
392 18.2894 -0.1047 cyclist
393 10.9290 0.1920 pedestrian
393 18.2894 -0.1047 cyclist
394 10.9290 0.1920 pedestrian
394 18.7355 -0.0873 cyclist
395 10.9290 0.1920 pedestrian
395 18.5125 -0.0698 cyclist
396 18.5125 -0.0524 cyclist
396 10.9290 0.1920 pedestrian
397 18.5125 -0.0524 cyclist
397 10.9290 0.1920 pedestrian
398 10.9290 0.1920 pedestrian
398 18.9586 -0.0698 cyclist
399 10.9290 0.1920 pedestrian
399 18.9586 -0.0698 cyclist
400 10.9290 0.1920 pedestrian
400 18.9586 -0.0698 cyclist
401 10.9290 0.1920 pedestrian
401 18.9586 -0.0698 cyclist
402 10.9290 0.1920 pedestrian
402 18.9586 -0.0698 cyclist
403 11.1521 0.1920 pedestrian
403 18.9586 -0.0698 cyclist
404 11.1521 0.1920 pedestrian
404 18.9586 -0.0698 cyclist
405 11.1521 0.1920 pedestrian
405 18.9586 -0.0698 cyclist
406 11.1521 0.1920 pedestrian
406 19.1816 -0.0698 cyclist
407 11.1521 0.1920 pedestrian
407 19.1816 -0.0698 cyclist
408 11.1521 0.1920 pedestrian
408 19.1816 -0.0698 cyclist
409 11.1521 0.2269 pedestrian
409 19.1816 -0.0698 cyclist
410 11.1521 0.2269 pedestrian
410 19.1816 -0.0698 cyclist
411 11.1521 0.2269 pedestrian
411 19.1816 -0.0698 cyclist
412 11.1521 0.2269 pedestrian
412 19.6277 -0.0349 cyclist
413 11.1521 0.2269 pedestrian
413 19.6277 -0.0349 cyclist
414 11.1521 0.2269 pedestrian
414 19.6277 -0.0349 cyclist
415 11.1521 0.2269 pedestrian
415 19.6277 -0.0349 cyclist
416 11.1521 0.2269 pedestrian
416 19.6277 -0.0349 cyclist
417 11.1521 0.2269 pedestrian
417 19.6277 -0.0349 cyclist
418 11.1521 0.2269 pedestrian
418 19.6277 -0.0349 cyclist
419 11.1521 0.2269 pedestrian
419 19.6277 -0.0349 cyclist
420 11.1521 0.2269 pedestrian
420 19.6277 -0.0349 cyclist
421 11.1521 0.2269 pedestrian
421 19.6277 -0.0349 cyclist
422 11.1521 0.2618 pedestrian
422 20.0738 -0.0349 cyclist
423 11.1521 0.2618 pedestrian
423 20.0738 -0.0349 cyclist
424 11.1521 0.2618 pedestrian
424 20.0738 -0.0349 cyclist
425 11.1521 0.2618 pedestrian
425 20.0738 -0.0349 cyclist
426 11.1521 0.2618 pedestrian
426 20.0738 -0.0349 cyclist
427 11.1521 0.2618 pedestrian
427 20.0738 -0.0349 cyclist
428 11.1521 0.2618 pedestrian
428 20.2968 0.0000 cyclist
429 11.1521 0.2618 pedestrian
429 20.2968 0.0000 cyclist
430 11.1521 0.2618 pedestrian
430 20.2968 0.0000 cyclist
431 11.1521 0.2618 pedestrian
431 20.2968 0.0000 cyclist
432 11.1521 0.2618 pedestrian
432 20.2968 0.0000 cyclist
433 11.1521 0.2618 pedestrian
433 20.2968 0.0000 cyclist
434 11.1521 0.2967 pedestrian
434 20.2968 0.0000 cyclist
435 11.1521 0.2967 pedestrian
435 20.2968 0.0000 cyclist
436 11.1521 0.2967 pedestrian
436 20.7429 0.0175 cyclist
437 11.1521 0.2967 pedestrian
437 20.7429 0.0175 cyclist
438 11.1521 0.2967 pedestrian
438 20.7429 0.0175 cyclist
439 11.1521 0.2967 pedestrian
439 20.7429 0.0175 cyclist
440 11.1521 0.2967 pedestrian
440 20.7429 0.0175 cyclist
441 11.1521 0.2967 pedestrian
441 20.7429 0.0175 cyclist
442 11.1521 0.2967 pedestrian
442 20.7429 0.0175 cyclist
443 11.1521 0.2967 pedestrian
443 20.7429 0.0175 cyclist
444 11.1521 0.2967 pedestrian
444 20.9659 0.0175 cyclist
445 11.1521 0.2967 pedestrian
445 20.9659 0.0175 cyclist
446 11.1521 0.2967 pedestrian
446 20.9659 0.0175 cyclist
447 11.1521 0.2967 pedestrian
447 20.9659 0.0175 cyclist
448 11.3751 0.3316 pedestrian
448 21.4120 0.0349 cyclist
449 11.3751 0.3316 pedestrian
449 21.4120 0.0349 cyclist
450 11.3751 0.3316 pedestrian
450 21.4120 0.0349 cyclist
451 11.3751 0.3316 pedestrian
451 21.4120 0.0349 cyclist
452 11.3751 0.3316 pedestrian
452 21.4120 0.0349 cyclist
453 11.3751 0.3316 pedestrian
453 21.4120 0.0349 cyclist
454 11.3751 0.3316 pedestrian
454 21.4120 0.0349 cyclist
455 11.3751 0.3316 pedestrian
455 21.4120 0.0349 cyclist
456 11.3751 0.3665 pedestrian
456 21.4120 0.0349 cyclist
457 11.3751 0.3665 pedestrian
457 21.8581 0.0524 cyclist
458 11.3751 0.3665 pedestrian
458 21.8581 0.0524 cyclist
459 11.3751 0.3665 pedestrian
459 21.8581 0.0524 cyclist
460 11.3751 0.3665 pedestrian
460 21.8581 0.0524 cyclist
461 11.3751 0.3665 pedestrian
461 21.8581 0.0524 cyclist
462 11.3751 0.3665 pedestrian
462 21.8581 0.0524 cyclist
463 11.5982 0.3840 pedestrian
463 22.3042 0.0349 cyclist
464 11.5982 0.3840 pedestrian
464 22.3042 0.0349 cyclist
465 11.5982 0.3840 pedestrian
465 22.3042 0.0349 cyclist
466 11.5982 0.3840 pedestrian
466 22.3042 0.0349 cyclist
467 11.5982 0.3840 pedestrian
467 22.3042 0.0349 cyclist
468 11.5982 0.3840 pedestrian
468 22.3042 0.0349 cyclist
469 11.5982 0.4189 pedestrian
469 22.0811 0.0524 cyclist
470 11.5982 0.4189 pedestrian
470 22.0811 0.0524 cyclist
471 11.5982 0.4189 pedestrian
471 22.0811 0.0524 cyclist
472 11.8212 0.4014 pedestrian
472 22.9733 0.0175 cyclist
473 11.8212 0.4014 pedestrian
473 22.9733 0.0175 cyclist
474 11.8212 0.4014 pedestrian
474 22.9733 0.0175 cyclist
475 11.8212 0.4014 pedestrian
475 22.9733 0.0175 cyclist
476 11.8212 0.4014 pedestrian
476 22.9733 0.0175 cyclist
477 11.8212 0.4014 pedestrian
477 22.9733 0.0175 cyclist
478 11.8212 0.4014 pedestrian
478 22.9733 0.0175 cyclist
479 11.8212 0.4014 pedestrian
479 22.9733 0.0175 cyclist
480 12.0443 0.4189 pedestrian
480 23.4194 0.0175 cyclist
481 12.0443 0.4189 pedestrian
481 23.4194 0.0175 cyclist
482 12.0443 0.4189 pedestrian
482 23.4194 0.0175 cyclist
483 12.0443 0.4189 pedestrian
483 23.4194 0.0175 cyclist
484 12.0443 0.4189 pedestrian
484 23.4194 0.0175 cyclist
485 12.0443 0.4189 pedestrian
485 23.4194 0.0175 cyclist
486 12.0443 0.4189 pedestrian
486 23.4194 0.0175 cyclist
487 12.0443 0.4189 pedestrian
487 23.4194 0.0175 cyclist
488 12.2673 0.4189 pedestrian
488 23.8655 0.0000 cyclist
489 12.2673 0.4189 pedestrian
489 23.8655 0.0000 cyclist
490 12.2673 0.4189 pedestrian
490 23.8655 0.0000 cyclist
491 12.2673 0.4189 pedestrian
491 23.8655 0.0000 cyclist
492 12.2673 0.4189 pedestrian
492 23.8655 0.0000 cyclist
493 12.2673 0.4189 pedestrian
493 23.8655 0.0000 cyclist
494 12.2673 0.4189 pedestrian
494 23.8655 0.0000 cyclist
495 12.2673 0.4189 pedestrian
495 23.8655 0.0000 cyclist
496 12.4903 0.4189 pedestrian
496 24.0885 -0.0175 cyclist
497 12.4903 0.4189 pedestrian
497 24.0885 -0.0175 cyclist
498 12.4903 0.4189 pedestrian
498 24.0885 -0.0175 cyclist
499 12.4903 0.4189 pedestrian
499 24.0885 -0.0175 cyclist
500 12.4903 0.4189 pedestrian
500 24.0885 -0.0175 cyclist
501 12.4903 0.4189 pedestrian
501 24.0885 -0.0175 cyclist
502 12.4903 0.4189 pedestrian
502 24.0885 -0.0175 cyclist
503 12.4903 0.4189 pedestrian
503 24.0885 -0.0175 cyclist
504 12.4903 0.4189 pedestrian
504 24.0885 -0.0175 cyclist
505 12.4903 0.4189 pedestrian
505 24.0885 -0.0175 cyclist
506 12.4903 0.4189 pedestrian
506 24.0885 -0.0175 cyclist
507 12.4903 0.4189 pedestrian
507 24.0885 -0.0175 cyclist
508 12.7134 0.4189 pedestrian
508 24.3116 -0.0873 cyclist
509 12.7134 0.4189 pedestrian
509 24.3116 -0.0873 cyclist
510 12.7134 0.4189 pedestrian
510 24.3116 -0.0873 cyclist
511 12.7134 0.4189 pedestrian
511 24.3116 -0.0873 cyclist
512 12.7134 0.4189 pedestrian
512 24.3116 -0.0873 cyclist
513 12.7134 0.4189 pedestrian
513 24.3116 -0.0873 cyclist
514 12.7134 0.4189 pedestrian
514 24.3116 -0.0873 cyclist
515 12.7134 0.4189 pedestrian
515 24.3116 -0.0873 cyclist
516 12.7134 0.4189 pedestrian
516 24.3116 -0.0873 cyclist
517 12.7134 0.4189 pedestrian
517 24.3116 -0.0873 cyclist
518 12.7134 0.4189 pedestrian
518 24.3116 -0.0873 cyclist
519 12.7134 0.4189 pedestrian
519 24.3116 -0.0873 cyclist
520 12.7134 0.3665 pedestrian
520 24.3116 -0.0873 cyclist
521 12.7134 0.3665 pedestrian
521 24.3116 -0.0873 cyclist
522 12.7134 0.3665 pedestrian
522 24.3116 -0.0873 cyclist
523 12.7134 0.3665 pedestrian
523 24.0885 -0.1047 cyclist
524 12.7134 0.3665 pedestrian
524 24.0885 -0.1047 cyclist
525 12.7134 0.3665 pedestrian
525 24.0885 -0.1047 cyclist
526 12.7134 0.3665 pedestrian
526 24.0885 -0.1047 cyclist
527 12.9364 0.3665 pedestrian
527 24.0885 -0.1047 cyclist
528 12.9364 0.3665 pedestrian
528 24.0885 -0.1047 cyclist
529 12.9364 0.3665 pedestrian
529 24.0885 -0.1047 cyclist
530 12.9364 0.3665 pedestrian
530 24.0885 -0.1047 cyclist
531 12.9364 0.3665 pedestrian
531 24.0885 -0.1047 cyclist
532 12.9364 0.3665 pedestrian
532 24.0885 -0.1047 cyclist
533 12.9364 0.3665 pedestrian
533 24.0885 -0.1047 cyclist
534 12.9364 0.3665 pedestrian
534 24.0885 -0.1047 cyclist
535 12.9364 0.3665 pedestrian
535 23.8655 -0.1396 cyclist
536 12.9364 0.3665 pedestrian
536 23.8655 -0.1396 cyclist
537 12.9364 0.3665 pedestrian
537 23.8655 -0.1396 cyclist
538 12.9364 0.3665 pedestrian
538 23.8655 -0.1396 cyclist
539 12.9364 0.3665 pedestrian
539 23.8655 -0.1396 cyclist
540 13.1595 0.3316 pedestrian
540 23.4194 -0.1571 cyclist
541 13.1595 0.3316 pedestrian
541 23.4194 -0.1571 cyclist
542 13.1595 0.3316 pedestrian
542 23.4194 -0.1571 cyclist
543 13.1595 0.3316 pedestrian
543 23.4194 -0.1571 cyclist
544 13.1595 0.3316 pedestrian
544 23.4194 -0.1571 cyclist
545 13.1595 0.3316 pedestrian
545 23.4194 -0.1571 cyclist
546 13.1595 0.3316 pedestrian
546 23.4194 -0.1571 cyclist
547 13.1595 0.3316 pedestrian
547 23.4194 -0.1571 cyclist
548 13.1595 0.3316 pedestrian
548 23.4194 -0.1571 cyclist
549 13.1595 0.3316 pedestrian
549 23.4194 -0.1571 cyclist
550 12.7134 0.3142 pedestrian
550 22.7503 -0.1745 cyclist
551 12.7134 0.3142 pedestrian
551 22.7503 -0.1745 cyclist
552 12.7134 0.3142 pedestrian
552 22.7503 -0.1745 cyclist
553 12.7134 0.3142 pedestrian
553 22.7503 -0.1745 cyclist
554 12.7134 0.3142 pedestrian
554 22.7503 -0.1745 cyclist
555 12.7134 0.3142 pedestrian
555 22.7503 -0.1745 cyclist
556 12.7134 0.3142 pedestrian
556 22.7503 -0.1745 cyclist
557 12.7134 0.3142 pedestrian
557 22.7503 -0.1745 cyclist
558 12.7134 0.3142 pedestrian
558 22.7503 -0.1745 cyclist
559 12.7134 0.3142 pedestrian
559 22.7503 -0.1745 cyclist
560 12.7134 0.3142 pedestrian
560 22.7503 -0.1745 cyclist
561 12.7134 0.3142 pedestrian
561 22.7503 -0.1745 cyclist
562 12.7134 0.2443 pedestrian
562 22.5272 -0.1920 cyclist
563 12.7134 0.2443 pedestrian
563 22.5272 -0.1920 cyclist
564 12.7134 0.2443 pedestrian
564 22.5272 -0.1920 cyclist
565 12.7134 0.2443 pedestrian
565 22.5272 -0.1920 cyclist
566 12.7134 0.2443 pedestrian
566 22.5272 -0.1920 cyclist
567 12.7134 0.2443 pedestrian
567 22.5272 -0.1920 cyclist
568 12.7134 0.2443 pedestrian
568 22.5272 -0.1920 cyclist
569 12.4903 0.2443 pedestrian
569 21.8581 -0.2094 cyclist
570 12.4903 0.2443 pedestrian
570 21.8581 -0.2094 cyclist
571 12.4903 0.2443 pedestrian
571 21.8581 -0.2094 cyclist
572 12.4903 0.2443 pedestrian
572 21.8581 -0.2094 cyclist
573 12.4903 0.2443 pedestrian
573 21.8581 -0.2094 cyclist
574 12.4903 0.2443 pedestrian
574 21.8581 -0.2094 cyclist
575 12.4903 0.2443 pedestrian
575 21.8581 -0.2094 cyclist
576 12.4903 0.2443 pedestrian
576 21.1890 -0.2269 cyclist
577 12.4903 0.2443 pedestrian
577 21.1890 -0.2269 cyclist
578 12.4903 0.2443 pedestrian
578 21.1890 -0.2269 cyclist
579 12.4903 0.2443 pedestrian
579 21.1890 -0.2269 cyclist
580 12.4903 0.2443 pedestrian
580 21.1890 -0.2269 cyclist
581 12.4903 0.2443 pedestrian
581 21.1890 -0.2269 cyclist
582 12.4903 0.2443 pedestrian
582 21.1890 -0.2269 cyclist
583 12.4903 0.2443 pedestrian
583 21.1890 -0.2269 cyclist
584 12.4903 0.2443 pedestrian
584 21.1890 -0.2269 cyclist
585 12.0443 0.2443 pedestrian
585 21.1890 -0.2269 cyclist
586 12.0443 0.2443 pedestrian
586 20.2968 -0.2443 cyclist
587 12.0443 0.2443 pedestrian
587 20.2968 -0.2443 cyclist
588 12.0443 0.2443 pedestrian
588 20.2968 -0.2443 cyclist
589 12.0443 0.2443 pedestrian
589 20.2968 -0.2443 cyclist
590 12.0443 0.2094 pedestrian
590 20.2968 -0.2443 cyclist
591 12.0443 0.2094 pedestrian
591 20.2968 -0.2443 cyclist
592 12.0443 0.2094 pedestrian
592 20.2968 -0.2443 cyclist
593 12.0443 0.2094 pedestrian
593 20.2968 -0.2443 cyclist
594 12.0443 0.2094 pedestrian
594 20.2968 -0.2443 cyclist
595 12.0443 0.2094 pedestrian
595 20.2968 -0.2443 cyclist
596 11.8212 0.2094 pedestrian
596 19.4046 -0.2618 cyclist
597 11.8212 0.2094 pedestrian
597 19.4046 -0.2618 cyclist
598 11.8212 0.2094 pedestrian
598 19.4046 -0.2618 cyclist
599 11.8212 0.2094 pedestrian
599 19.4046 -0.2618 cyclist
600 11.8212 0.2094 pedestrian
600 19.4046 -0.2618 cyclist
601 11.5982 0.1920 pedestrian
601 19.4046 -0.2618 cyclist
602 11.5982 0.1920 pedestrian
602 19.4046 -0.2618 cyclist
603 11.5982 0.1920 pedestrian
603 18.7355 -0.2793 cyclist
604 11.5982 0.1920 pedestrian
604 18.7355 -0.2793 cyclist
605 11.5982 0.1920 pedestrian
605 18.7355 -0.2793 cyclist
606 11.5982 0.1920 pedestrian
606 18.7355 -0.2793 cyclist
607 11.5982 0.1920 pedestrian
607 18.7355 -0.2793 cyclist
608 11.5982 0.1920 pedestrian
608 18.7355 -0.2793 cyclist
609 11.3751 0.1920 pedestrian
609 18.7355 -0.2793 cyclist
610 11.3751 0.1920 pedestrian
610 18.7355 -0.2793 cyclist
611 11.3751 0.1920 pedestrian
611 18.7355 -0.2793 cyclist
612 11.3751 0.1920 pedestrian
612 18.7355 -0.2793 cyclist
613 11.3751 0.1920 pedestrian
613 18.2894 -0.2793 cyclist
614 11.3751 0.1920 pedestrian
614 18.2894 -0.2793 cyclist
615 11.3751 0.1920 pedestrian
615 18.2894 -0.2793 cyclist
616 11.3751 0.1920 pedestrian
616 18.2894 -0.2793 cyclist
617 11.1521 0.1571 pedestrian
617 17.8433 -0.2793 cyclist
618 11.1521 0.1571 pedestrian
618 17.8433 -0.2793 cyclist
619 11.1521 0.1571 pedestrian
619 17.8433 -0.2793 cyclist
620 11.1521 0.1571 pedestrian
620 17.8433 -0.2793 cyclist
621 11.1521 0.1571 pedestrian
621 17.3973 -0.2793 cyclist
622 11.1521 0.1571 pedestrian
622 17.3973 -0.2793 cyclist
623 11.1521 0.1571 pedestrian
623 17.3973 -0.2793 cyclist
624 11.1521 0.1571 pedestrian
624 17.3973 -0.2793 cyclist
625 11.1521 0.1571 pedestrian
625 17.3973 -0.2793 cyclist
626 11.1521 0.1571 pedestrian
626 17.3973 -0.2793 cyclist
627 10.9290 0.1571 pedestrian
627 16.9512 -0.2793 cyclist
628 10.9290 0.1571 pedestrian
628 16.9512 -0.2793 cyclist
629 10.9290 0.1571 pedestrian
629 16.9512 -0.2793 cyclist
630 10.9290 0.1571 pedestrian
630 16.9512 -0.2793 cyclist
631 10.9290 0.1571 pedestrian
631 16.9512 -0.2793 cyclist
632 10.9290 0.1571 pedestrian
632 16.9512 -0.2793 cyclist
633 10.9290 0.1571 pedestrian
633 16.2821 -0.3142 cyclist
634 10.9290 0.1571 pedestrian
634 16.2821 -0.3142 cyclist
635 10.9290 0.1571 pedestrian
635 16.2821 -0.3142 cyclist
636 10.9290 0.1571 pedestrian
636 16.2821 -0.3142 cyclist
637 10.9290 0.1571 pedestrian
637 16.2821 -0.3142 cyclist
638 10.9290 0.1571 pedestrian
638 16.2821 -0.3142 cyclist
639 10.9290 0.1571 pedestrian
639 15.8360 -0.3316 cyclist
640 10.9290 0.1571 pedestrian
640 15.8360 -0.3316 cyclist
641 10.9290 0.1571 pedestrian
641 15.8360 -0.3316 cyclist
642 10.9290 0.1571 pedestrian
642 15.8360 -0.3316 cyclist
643 10.9290 0.1571 pedestrian
643 15.8360 -0.3316 cyclist
644 10.9290 0.1571 pedestrian
644 15.8360 -0.3316 cyclist
645 10.9290 0.1571 pedestrian
645 15.1668 -0.3316 cyclist
646 10.9290 0.1571 pedestrian
646 15.1668 -0.3316 cyclist
647 10.9290 0.1571 pedestrian
647 15.1668 -0.3316 cyclist
648 10.9290 0.1571 pedestrian
648 15.1668 -0.3316 cyclist
649 10.9290 0.1571 pedestrian
649 15.1668 -0.3316 cyclist
650 10.9290 0.1571 pedestrian
650 15.1668 -0.3316 cyclist
651 10.9290 0.1571 pedestrian
651 15.1668 -0.3316 cyclist
652 10.9290 0.1571 pedestrian
652 15.1668 -0.3316 cyclist
653 10.9290 0.1571 pedestrian
653 15.1668 -0.3316 cyclist
654 10.9290 0.1222 pedestrian
654 14.2747 -0.3316 cyclist
655 10.9290 0.1222 pedestrian
655 14.2747 -0.3316 cyclist
656 10.9290 0.1222 pedestrian
656 14.2747 -0.3316 cyclist
657 10.9290 0.1222 pedestrian
657 14.2747 -0.3316 cyclist
658 11.3751 0.1047 pedestrian
658 14.2747 -0.3316 cyclist
659 11.3751 0.1047 pedestrian
659 14.2747 -0.3316 cyclist
660 11.3751 0.1047 pedestrian
660 14.2747 -0.3316 cyclist
661 11.3751 0.1047 pedestrian
661 14.2747 -0.3316 cyclist
662 11.3751 0.1047 pedestrian
662 13.8286 -0.3491 cyclist
663 11.3751 0.1047 pedestrian
663 13.8286 -0.3491 cyclist
664 11.3751 0.1047 pedestrian
664 13.8286 -0.3491 cyclist
665 11.3751 0.1047 pedestrian
665 13.8286 -0.3491 cyclist
666 11.3751 0.1047 pedestrian
666 13.3825 -0.3491 cyclist
667 11.3751 0.1047 pedestrian
667 13.3825 -0.3491 cyclist
668 11.3751 0.1047 pedestrian
668 13.3825 -0.3491 cyclist
669 11.3751 0.1047 pedestrian
669 13.3825 -0.3491 cyclist
670 11.3751 0.1047 pedestrian
670 13.3825 -0.3491 cyclist
671 11.3751 0.1047 pedestrian
671 13.3825 -0.3491 cyclist
672 11.3751 0.1047 pedestrian
672 13.3825 -0.3491 cyclist
673 11.3751 0.1047 pedestrian
673 12.4903 -0.3491 cyclist
674 11.3751 0.1047 pedestrian
674 12.4903 -0.3491 cyclist
675 11.3751 0.1047 pedestrian
675 12.4903 -0.3491 cyclist
676 11.3751 0.1047 pedestrian
676 12.4903 -0.3491 cyclist
677 11.3751 0.1047 pedestrian
677 12.4903 -0.3491 cyclist
678 11.3751 0.1047 pedestrian
678 12.4903 -0.3491 cyclist
679 11.5982 0.0698 pedestrian
679 12.0443 -0.3491 cyclist
680 11.5982 0.0698 pedestrian
680 12.0443 -0.3491 cyclist
681 11.5982 0.0698 pedestrian
681 12.0443 -0.3491 cyclist
682 11.5982 0.0698 pedestrian
682 12.0443 -0.3491 cyclist
683 11.5982 0.0698 pedestrian
683 12.0443 -0.3491 cyclist
684 12.0443 0.0524 pedestrian
684 11.5982 -0.3316 cyclist
685 12.0443 0.0524 pedestrian
685 11.5982 -0.3316 cyclist
686 12.0443 0.0524 pedestrian
686 11.5982 -0.3316 cyclist
687 12.0443 0.0524 pedestrian
687 11.5982 -0.3316 cyclist
688 12.0443 0.0524 pedestrian
688 11.5982 -0.3316 cyclist
689 12.0443 0.0524 pedestrian
689 11.5982 -0.3316 cyclist
690 12.0443 0.0524 pedestrian
690 11.1521 -0.3142 cyclist
691 12.0443 0.0524 pedestrian
691 11.1521 -0.3142 cyclist
692 11.8212 0.0349 pedestrian
692 11.1521 -0.3142 cyclist
693 11.8212 0.0349 pedestrian
693 11.1521 -0.3142 cyclist
694 11.8212 0.0349 pedestrian
694 11.1521 -0.3142 cyclist
695 11.8212 0.0349 pedestrian
695 11.1521 -0.3142 cyclist
696 11.8212 0.0349 pedestrian
696 11.1521 -0.3142 cyclist
697 12.0443 0.0349 pedestrian
697 10.4830 -0.2967 cyclist
698 12.0443 0.0349 pedestrian
698 10.4830 -0.2967 cyclist
699 12.0443 0.0349 pedestrian
699 10.4830 -0.2967 cyclist
700 12.0443 0.0349 pedestrian
700 10.4830 -0.2967 cyclist
701 12.0443 0.0349 pedestrian
701 10.4830 -0.2967 cyclist
702 12.0443 0.0349 pedestrian
702 10.4830 -0.2967 cyclist
703 12.0443 -0.0175 pedestrian
703 10.0369 -0.2793 cyclist
704 12.0443 -0.0175 pedestrian
704 10.0369 -0.2793 cyclist
705 12.0443 -0.0175 pedestrian
705 10.0369 -0.2793 cyclist
706 12.0443 -0.0175 pedestrian
706 10.0369 -0.2269 cyclist
707 12.0443 -0.0175 pedestrian
707 10.0369 -0.2269 cyclist
708 12.0443 -0.0175 pedestrian
708 10.0369 -0.2269 cyclist
709 12.0443 -0.0175 pedestrian
709 9.5908 -0.2094 cyclist
710 12.0443 -0.0175 pedestrian
710 9.5908 -0.2094 cyclist
711 12.0443 -0.0175 pedestrian
711 9.5908 -0.2094 cyclist
712 12.0443 -0.0175 pedestrian
712 9.5908 -0.2094 cyclist
713 12.0443 -0.0175 pedestrian
713 9.5908 -0.2094 cyclist
714 12.0443 -0.0175 pedestrian
714 9.5908 -0.2094 cyclist
715 12.0443 -0.0175 pedestrian
715 9.3678 -0.1745 cyclist
716 12.0443 -0.0175 pedestrian
716 9.3678 -0.1745 cyclist
717 12.0443 -0.0873 pedestrian
717 9.3678 -0.1745 cyclist
718 12.0443 -0.0873 pedestrian
718 9.3678 -0.1745 cyclist
719 12.0443 -0.0873 pedestrian
719 9.3678 -0.1745 cyclist
720 12.0443 -0.0873 pedestrian
720 9.1447 -0.1222 cyclist
721 12.0443 -0.0873 pedestrian
721 9.1447 -0.1222 cyclist
722 12.0443 -0.0873 pedestrian
722 9.1447 -0.1222 cyclist
723 12.0443 -0.0873 pedestrian
723 9.1447 -0.1222 cyclist
724 12.0443 -0.0873 pedestrian
724 8.9217 -0.1047 cyclist
725 12.0443 -0.0873 pedestrian
725 8.9217 -0.1047 cyclist
726 12.0443 -0.0873 pedestrian
726 8.9217 -0.1047 cyclist
727 12.0443 -0.0873 pedestrian
727 8.6986 -0.0524 cyclist
728 12.0443 -0.0873 pedestrian
728 8.6986 -0.0524 cyclist
729 12.0443 -0.0873 pedestrian
729 8.6986 -0.0524 cyclist
730 12.0443 -0.0873 pedestrian
730 8.6986 -0.0524 cyclist
731 12.0443 -0.0873 pedestrian
731 8.6986 -0.0524 cyclist
732 12.0443 -0.0873 pedestrian
732 8.6986 -0.0524 cyclist
733 12.0443 -0.0873 pedestrian
733 8.6986 -0.0524 cyclist
734 12.0443 -0.0873 pedestrian
734 8.6986 0.0524 cyclist
735 12.0443 -0.0873 pedestrian
735 8.6986 0.0524 cyclist
736 12.0443 -0.0873 pedestrian
736 8.6986 0.0524 cyclist
737 12.0443 -0.0873 pedestrian
737 8.6986 0.0524 cyclist
738 12.0443 -0.0873 pedestrian
738 8.6986 0.0524 cyclist
739 12.0443 -0.0873 pedestrian
739 8.6986 0.0524 cyclist
740 11.5982 -0.1396 pedestrian
740 8.6986 0.0698 cyclist
741 11.5982 -0.1396 pedestrian
741 8.6986 0.0698 cyclist
742 11.5982 -0.1396 pedestrian
742 8.6986 0.0698 cyclist
743 11.5982 -0.1396 pedestrian
743 8.6986 0.0698 cyclist
744 11.5982 -0.1396 pedestrian
744 8.6986 0.1222 cyclist
745 11.5982 -0.1396 pedestrian
745 8.6986 0.1222 cyclist
746 11.5982 -0.1396 pedestrian
746 8.6986 0.1222 cyclist
747 11.5982 -0.1396 pedestrian
747 8.6986 0.1222 cyclist
748 11.5982 -0.1396 pedestrian
748 8.6986 0.1745 cyclist
749 11.5982 -0.1396 pedestrian
749 8.6986 0.1745 cyclist
750 11.5982 -0.1396 pedestrian
750 8.6986 0.1745 cyclist
751 11.5982 -0.1396 pedestrian
751 8.6986 0.1745 cyclist
752 11.5982 -0.1396 pedestrian
752 8.6986 0.1745 cyclist
753 11.5982 -0.1396 pedestrian
753 8.6986 0.1745 cyclist
754 11.3751 -0.1571 pedestrian
754 9.1447 0.2618 cyclist
755 11.3751 -0.1571 pedestrian
755 9.1447 0.2618 cyclist
756 11.3751 -0.1571 pedestrian
756 9.1447 0.2618 cyclist
757 11.3751 -0.1571 pedestrian
757 9.1447 0.2618 cyclist
758 11.3751 -0.1571 pedestrian
758 9.1447 0.2618 cyclist
759 11.3751 -0.1571 pedestrian
759 9.1447 0.2618 cyclist
760 11.3751 -0.1571 pedestrian
760 9.1447 0.2618 cyclist
761 11.3751 -0.1571 pedestrian
761 9.1447 0.2618 cyclist
762 11.1521 -0.1920 pedestrian
762 9.5908 0.3142 cyclist
763 11.1521 -0.1920 pedestrian
763 9.5908 0.3142 cyclist
764 11.1521 -0.1920 pedestrian
764 9.5908 0.3142 cyclist
765 11.1521 -0.1920 pedestrian
765 9.5908 0.3142 cyclist
766 11.1521 -0.1920 pedestrian
766 9.5908 0.3142 cyclist
767 11.1521 -0.1920 pedestrian
767 9.5908 0.3142 cyclist
768 11.1521 -0.1920 pedestrian
768 10.0369 0.3491 cyclist
769 11.1521 -0.1920 pedestrian
769 10.0369 0.3491 cyclist
770 10.9290 -0.2094 pedestrian
770 10.0369 0.3491 cyclist
771 10.9290 -0.2094 pedestrian
771 10.0369 0.3491 cyclist
772 10.9290 -0.2094 pedestrian
772 10.0369 0.3491 cyclist
773 10.9290 -0.2094 pedestrian
773 10.0369 0.3491 cyclist
774 10.9290 -0.2094 pedestrian
774 10.0369 0.3491 cyclist
775 10.9290 -0.2094 pedestrian
775 10.4830 0.3840 cyclist
776 10.9290 -0.2094 pedestrian
776 10.4830 0.3840 cyclist
777 10.9290 -0.2094 pedestrian
777 10.4830 0.3840 cyclist
778 10.7060 -0.2443 pedestrian
778 10.4830 0.3840 cyclist
779 10.7060 -0.2443 pedestrian
779 10.4830 0.3840 cyclist
780 10.7060 -0.2443 pedestrian
780 10.4830 0.3840 cyclist
781 10.7060 -0.2443 pedestrian
781 10.4830 0.3840 cyclist
782 10.7060 -0.2443 pedestrian
782 10.4830 0.3840 cyclist
783 10.7060 -0.2443 pedestrian
783 11.1521 0.4014 cyclist
784 10.7060 -0.2443 pedestrian
784 11.1521 0.4014 cyclist
785 10.7060 -0.2443 pedestrian
785 11.1521 0.4014 cyclist
786 10.7060 -0.2443 pedestrian
786 11.1521 0.4014 cyclist
787 10.7060 -0.2443 pedestrian
787 11.1521 0.4014 cyclist
788 10.7060 -0.2443 pedestrian
788 11.1521 0.4014 cyclist
789 10.4830 -0.2793 pedestrian
789 11.5982 0.4014 cyclist
790 10.4830 -0.2793 pedestrian
790 11.5982 0.4014 cyclist
791 10.4830 -0.2793 pedestrian
791 11.5982 0.4014 cyclist
792 10.4830 -0.2793 pedestrian
792 11.5982 0.4014 cyclist
793 10.4830 -0.2793 pedestrian
793 11.5982 0.4014 cyclist
794 10.4830 -0.2793 pedestrian
794 11.5982 0.4014 cyclist
795 10.4830 -0.2793 pedestrian
795 12.0443 0.4014 cyclist
796 10.4830 -0.2793 pedestrian
796 12.0443 0.4014 cyclist
797 10.4830 -0.2793 pedestrian
797 12.0443 0.4014 cyclist
798 10.4830 -0.2793 pedestrian
798 12.2673 0.4189 cyclist
799 10.4830 -0.2793 pedestrian
799 12.2673 0.4189 cyclist
800 10.4830 -0.2793 pedestrian
800 12.2673 0.4189 cyclist
801 10.4830 -0.2793 pedestrian
801 12.2673 0.4189 cyclist
802 10.4830 -0.3316 pedestrian
802 12.7134 0.4189 cyclist
803 10.4830 -0.3316 pedestrian
803 12.7134 0.4189 cyclist
804 10.4830 -0.3316 pedestrian
804 12.7134 0.4189 cyclist
805 10.4830 -0.2967 pedestrian
805 12.9364 0.4363 cyclist
806 10.4830 -0.2967 pedestrian
806 12.9364 0.4363 cyclist
807 10.4830 -0.2967 pedestrian
807 12.9364 0.4363 cyclist
808 10.2599 -0.3316 pedestrian
808 13.3825 0.4189 cyclist
809 10.2599 -0.3316 pedestrian
809 13.3825 0.4189 cyclist
810 10.2599 -0.3316 pedestrian
810 13.3825 0.4189 cyclist
811 10.2599 -0.3316 pedestrian
811 13.3825 0.4189 cyclist
812 10.2599 -0.3316 pedestrian
812 13.3825 0.4189 cyclist
813 10.2599 -0.3316 pedestrian
813 13.3825 0.4189 cyclist
814 10.2599 -0.3316 pedestrian
814 13.8286 0.4014 cyclist
815 10.2599 -0.3316 pedestrian
815 13.8286 0.4014 cyclist
816 10.2599 -0.3316 pedestrian
816 13.8286 0.4014 cyclist
817 10.2599 -0.3316 pedestrian
817 13.8286 0.4014 cyclist
818 10.2599 -0.3316 pedestrian
818 13.8286 0.4014 cyclist
819 10.2599 -0.3316 pedestrian
819 13.8286 0.4014 cyclist
820 10.2599 -0.3316 pedestrian
820 13.8286 0.4014 cyclist
821 10.2599 -0.3665 pedestrian
821 14.2747 0.4014 cyclist
822 10.2599 -0.3665 pedestrian
822 14.2747 0.4014 cyclist
823 10.2599 -0.3665 pedestrian
823 14.2747 0.4014 cyclist
824 10.2599 -0.3665 pedestrian
824 14.2747 0.4014 cyclist
825 10.2599 -0.3665 pedestrian
825 14.4977 0.3840 cyclist
826 10.2599 -0.3665 pedestrian
826 14.4977 0.3840 cyclist
827 10.2599 -0.3665 pedestrian
827 14.4977 0.3840 cyclist
828 10.2599 -0.3665 pedestrian
828 14.4977 0.3840 cyclist
829 10.2599 -0.3665 pedestrian
829 14.9438 0.3665 cyclist
830 10.2599 -0.3665 pedestrian
830 14.9438 0.3665 cyclist
831 10.2599 -0.3665 pedestrian
831 14.9438 0.3665 cyclist
832 10.2599 -0.3665 pedestrian
832 14.9438 0.3665 cyclist
833 10.2599 -0.3665 pedestrian
833 15.3899 0.3840 cyclist
834 10.4830 -0.4014 pedestrian
834 15.3899 0.3840 cyclist
835 10.4830 -0.4014 pedestrian
835 15.3899 0.3840 cyclist
836 10.4830 -0.4014 pedestrian
836 15.3899 0.3840 cyclist
837 10.4830 -0.4014 pedestrian
837 15.3899 0.3840 cyclist
838 10.4830 -0.4014 pedestrian
838 15.6129 0.3665 cyclist
839 10.4830 -0.4014 pedestrian
839 15.6129 0.3665 cyclist
840 10.4830 -0.4014 pedestrian
840 15.6129 0.3665 cyclist
841 10.4830 -0.4014 pedestrian
841 16.0590 0.3491 cyclist
842 10.4830 -0.4014 pedestrian
842 16.0590 0.3491 cyclist
843 10.4830 -0.4014 pedestrian
843 16.0590 0.3491 cyclist
844 10.4830 -0.4189 pedestrian
844 16.0590 0.3491 cyclist
845 10.7060 -0.4189 pedestrian
845 16.2821 0.3491 cyclist
846 10.7060 -0.4189 pedestrian
846 16.2821 0.3491 cyclist
847 10.7060 -0.4189 pedestrian
847 16.2821 0.3491 cyclist
848 10.7060 -0.4189 pedestrian
848 16.2821 0.3491 cyclist
849 10.7060 -0.4189 pedestrian
849 16.2821 0.3491 cyclist
850 10.9290 -0.4538 pedestrian
850 16.5051 0.3316 cyclist
851 10.9290 -0.4538 pedestrian
851 16.5051 0.3316 cyclist
852 10.9290 -0.4538 pedestrian
852 16.5051 0.3316 cyclist
853 10.9290 -0.4538 pedestrian
853 16.5051 0.3316 cyclist
854 10.9290 -0.4538 pedestrian
854 16.5051 0.3316 cyclist
855 10.9290 -0.4538 pedestrian
855 16.9512 0.3142 cyclist
856 10.9290 -0.4538 pedestrian
856 16.9512 0.3142 cyclist
857 10.9290 -0.4538 pedestrian
857 16.9512 0.3142 cyclist
858 10.9290 -0.4538 pedestrian
858 16.9512 0.3142 cyclist
859 10.9290 -0.4538 pedestrian
859 16.9512 0.3142 cyclist
860 10.9290 -0.4538 pedestrian
860 16.9512 0.3142 cyclist
861 11.1521 -0.4538 pedestrian
861 16.9512 0.2793 cyclist
862 11.1521 -0.4538 pedestrian
862 16.9512 0.2793 cyclist
863 11.1521 -0.4538 pedestrian
863 16.9512 0.2793 cyclist
864 11.1521 -0.4538 pedestrian
864 16.9512 0.2793 cyclist
865 11.1521 -0.4538 pedestrian
865 17.1742 0.2618 cyclist
866 11.1521 -0.4538 pedestrian
866 17.1742 0.2618 cyclist
867 11.1521 -0.4538 pedestrian
867 17.1742 0.2618 cyclist
868 11.1521 -0.4538 pedestrian
868 17.1742 0.2618 cyclist
869 11.3751 -0.4363 pedestrian
869 17.3973 0.2094 cyclist
870 11.3751 -0.4363 pedestrian
870 17.3973 0.2094 cyclist
871 11.3751 -0.4363 pedestrian
871 17.3973 0.2094 cyclist
872 11.3751 -0.4363 pedestrian
872 17.3973 0.2094 cyclist
873 11.3751 -0.4363 pedestrian
873 17.3973 0.2094 cyclist
874 11.3751 -0.4363 pedestrian
874 17.3973 0.2094 cyclist
875 11.3751 -0.4363 pedestrian
875 17.3973 0.2094 cyclist
876 11.3751 -0.4363 pedestrian
876 17.3973 0.2094 cyclist
877 11.3751 -0.4363 pedestrian
877 17.3973 0.2094 cyclist
878 11.5982 -0.4363 pedestrian
878 17.3973 0.2094 cyclist
879 11.5982 -0.4363 pedestrian
879 17.3973 0.2094 cyclist
880 11.5982 -0.4363 pedestrian
880 17.3973 0.2094 cyclist
881 11.5982 -0.4363 pedestrian
881 17.3973 0.2094 cyclist
882 11.5982 -0.4363 pedestrian
882 17.8433 0.1920 cyclist
883 11.5982 -0.4363 pedestrian
883 17.8433 0.1920 cyclist
884 11.5982 -0.4363 pedestrian
884 17.8433 0.1920 cyclist
885 11.5982 -0.4363 pedestrian
885 17.8433 0.1920 cyclist
886 11.8212 -0.4014 pedestrian
886 17.8433 0.1920 cyclist
887 11.8212 -0.4014 pedestrian
887 17.8433 0.1920 cyclist
888 11.8212 -0.4014 pedestrian
888 17.8433 0.1920 cyclist
889 11.8212 -0.4014 pedestrian
889 18.0664 0.1745 cyclist
890 11.8212 -0.4014 pedestrian
890 18.0664 0.1745 cyclist
891 11.8212 -0.4014 pedestrian
891 18.0664 0.1745 cyclist
892 11.8212 -0.4014 pedestrian
892 18.0664 0.1745 cyclist
893 11.8212 -0.4014 pedestrian
893 18.0664 0.1745 cyclist
894 11.8212 -0.4014 pedestrian
894 18.0664 0.1745 cyclist
895 11.8212 -0.4014 pedestrian
895 18.0664 0.1745 cyclist
896 11.8212 -0.4014 pedestrian
896 18.5125 0.1745 cyclist
897 11.8212 -0.4014 pedestrian
897 18.5125 0.1745 cyclist
898 11.8212 -0.4014 pedestrian
898 18.5125 0.1745 cyclist
899 11.8212 -0.4014 pedestrian
899 18.5125 0.1745 cyclist
