0 19.1816 -0.5061 cyclist
1 19.4046 -0.5061 cyclist
2 19.1816 -0.4887 cyclist
3 19.4046 -0.5061 cyclist
4 19.4046 -0.4887 cyclist
5 19.6277 -0.5061 cyclist
6 19.6277 -0.4712 cyclist
7 19.6277 -0.5061 cyclist
8 19.4046 -0.4887 cyclist
9 19.4046 -0.4712 cyclist
10 19.6277 -0.4887 cyclist
11 19.6277 -0.4712 cyclist
12 19.6277 -0.4712 cyclist
13 19.8507 -0.4712 cyclist
14 19.4046 -0.4363 cyclist
15 19.8507 -0.4712 cyclist
16 19.6277 -0.4712 cyclist
17 19.8507 -0.4712 cyclist
18 19.8507 -0.4712 cyclist
19 20.0738 -0.4712 cyclist
20 19.8507 -0.4712 cyclist
21 19.8507 -0.4538 cyclist
22 19.8507 -0.4538 cyclist
23 19.8507 -0.4538 cyclist
24 20.0738 -0.4538 cyclist
25 20.0738 -0.4712 cyclist
26 20.0738 -0.4538 cyclist
27 20.0738 -0.4712 cyclist
28 20.2968 -0.4538 cyclist
29 20.2968 -0.4363 cyclist
30 20.5198 -0.4712 cyclist
31 20.5198 -0.4363 cyclist
32 20.7429 -0.4538 cyclist
33 20.2968 -0.4712 cyclist
34 20.2968 -0.4538 cyclist
35 20.5198 -0.4363 cyclist
36 20.5198 -0.4363 cyclist
37 20.5198 -0.4363 cyclist
38 20.5198 -0.4363 cyclist
39 20.5198 -0.4363 cyclist
40 20.5198 -0.4363 cyclist
41 20.7429 -0.4712 cyclist
42 20.9659 -0.4887 cyclist
43 20.9659 -0.4887 cyclist
44 20.9659 -0.4887 cyclist
45 20.9659 -0.4712 cyclist
46 21.1890 -0.4538 cyclist
47 21.4120 -0.4363 cyclist
48 21.4120 -0.4363 cyclist
49 21.4120 -0.4363 cyclist
50 21.4120 -0.4363 cyclist
51 21.4120 -0.4363 cyclist
52 21.4120 -0.4363 cyclist
53 21.4120 -0.4363 cyclist
54 21.4120 -0.4363 cyclist
55 21.4120 -0.4363 cyclist
56 21.4120 -0.4363 cyclist
57 21.4120 -0.4363 cyclist
58 22.0811 -0.4363 cyclist
59 21.8581 -0.4363 cyclist
60 22.0811 -0.4189 cyclist
61 22.0811 -0.4189 cyclist
62 22.0811 -0.4189 cyclist
63 22.0811 -0.4189 cyclist
64 22.0811 -0.4189 cyclist
65 22.0811 -0.4189 cyclist
66 22.0811 -0.4189 cyclist
67 22.0811 -0.4189 cyclist
68 22.0811 -0.4189 cyclist
69 22.0811 -0.4189 cyclist
70 22.3042 -0.4014 cyclist
71 22.5272 -0.4014 cyclist
72 22.5272 -0.4014 cyclist
73 22.5272 -0.4014 cyclist
74 22.5272 -0.4014 cyclist
75 22.5272 -0.4014 cyclist
76 22.9733 -0.3840 cyclist
77 22.9733 -0.3840 cyclist
78 22.9733 -0.3840 cyclist
79 22.9733 -0.3840 cyclist
80 22.9733 -0.3840 cyclist
81 22.9733 -0.3840 cyclist
82 22.9733 -0.3840 cyclist
83 22.9733 -0.3840 cyclist
84 23.4194 -0.3665 cyclist
85 23.4194 -0.3665 cyclist
86 23.4194 -0.3665 cyclist
87 23.4194 -0.3665 cyclist
88 23.4194 -0.3665 cyclist
89 23.4194 -0.3665 cyclist
90 23.4194 -0.3665 cyclist
91 23.4194 -0.3665 cyclist
92 23.4194 -0.3665 cyclist
93 23.4194 -0.3665 cyclist
94 23.4194 -0.3665 cyclist
95 23.4194 -0.3665 cyclist
96 23.4194 -0.3665 cyclist
97 23.4194 -0.3665 cyclist
98 23.4194 -0.3665 cyclist
99 23.4194 -0.3665 cyclist
100 23.4194 -0.3665 cyclist
101 23.4194 -0.3665 cyclist
102 23.6424 -0.3491 cyclist
103 23.8655 -0.3665 cyclist
104 23.6424 -0.3491 cyclist
105 23.6424 -0.3665 cyclist
106 23.6424 -0.3665 cyclist
107 23.6424 -0.3665 cyclist
108 23.6424 -0.3665 cyclist
109 23.6424 -0.3665 cyclist
110 24.0885 -0.3665 cyclist
111 23.6424 -0.3665 cyclist
112 23.6424 -0.3665 cyclist
113 23.6424 -0.3665 cyclist
114 23.6424 -0.3665 cyclist
115 23.6424 -0.3665 cyclist
116 23.6424 -0.3665 cyclist
117 23.6424 -0.3665 cyclist
118 23.6424 -0.3665 cyclist
119 23.8655 -0.3665 cyclist
120 24.3116 -0.3665 cyclist
121 24.3116 -0.3665 cyclist
122 24.3116 -0.3665 cyclist
123 24.3116 -0.3665 cyclist
124 24.3116 -0.3665 cyclist
125 24.3116 -0.3665 cyclist
126 24.3116 -0.3665 cyclist
127 24.3116 -0.3665 cyclist
128 24.9807 -0.3665 cyclist
129 24.9807 -0.3665 cyclist
130 24.9807 -0.3665 cyclist
131 24.9807 -0.3665 cyclist
132 24.9807 -0.3665 cyclist
133 24.9807 -0.3665 cyclist
134 24.9807 -0.3665 cyclist
135 24.9807 -0.3665 cyclist
136 24.9807 -0.3665 cyclist
137 24.9807 -0.3665 cyclist
138 24.9807 -0.3665 cyclist
139 24.9807 -0.3665 cyclist
140 24.9807 -0.3665 cyclist
480 22.5272 -0.2967 cyclist
481 22.7503 -0.3491 cyclist
482 22.3042 -0.3840 cyclist
483 22.5272 -0.3665 cyclist
484 22.3042 -0.3840 cyclist
485 22.3042 -0.3665 cyclist
486 22.3042 -0.3840 cyclist
487 22.0811 -0.3840 cyclist
488 22.0811 -0.4014 cyclist
489 22.0811 -0.4014 cyclist
490 22.0811 -0.3840 cyclist
491 22.0811 -0.3840 cyclist
492 22.0811 -0.3840 cyclist
493 22.0811 -0.3840 cyclist
494 22.0811 -0.3840 cyclist
495 21.8581 -0.3840 cyclist
496 21.8581 -0.3840 cyclist
497 21.6351 -0.3840 cyclist
498 21.6351 -0.4014 cyclist
499 21.8581 -0.4014 cyclist
500 21.8581 -0.4014 cyclist
501 21.6351 -0.4014 cyclist
502 21.6351 -0.4014 cyclist
503 21.6351 -0.4014 cyclist
504 21.4120 -0.4014 cyclist
505 21.6351 -0.4189 cyclist
506 21.6351 -0.4189 cyclist
507 21.6351 -0.4014 cyclist
508 21.4120 -0.4189 cyclist
509 21.4120 -0.4363 cyclist
510 21.4120 -0.4363 cyclist
511 21.4120 -0.4363 cyclist
512 21.4120 -0.4363 cyclist
513 21.1890 -0.4363 cyclist
514 21.1890 -0.4363 cyclist
515 21.1890 -0.4363 cyclist
516 21.4120 -0.4363 cyclist
517 21.1890 -0.4363 cyclist
518 21.1890 -0.4363 cyclist
519 20.9659 -0.4363 cyclist
520 20.9659 -0.4363 cyclist
521 20.9659 -0.4538 cyclist
522 20.9659 -0.4538 cyclist
523 20.9659 -0.4538 cyclist
524 20.9659 -0.4538 cyclist
525 20.9659 -0.4538 cyclist
526 20.9659 -0.4538 cyclist
527 20.9659 -0.4538 cyclist
528 20.9659 -0.4538 cyclist
529 20.9659 -0.4712 cyclist
530 20.7429 -0.4363 cyclist
531 20.7429 -0.4538 cyclist
532 20.7429 -0.4538 cyclist
533 20.7429 -0.4712 cyclist
534 20.5198 -0.4538 cyclist
535 20.5198 -0.4712 cyclist
536 20.7429 -0.4712 cyclist
537 20.5198 -0.4887 cyclist
538 20.5198 -0.4712 cyclist
539 20.7429 -0.4712 cyclist
540 20.7429 -0.5061 cyclist
541 20.2968 -0.4887 cyclist
542 20.2968 -0.4712 cyclist
543 20.2968 -0.5061 cyclist
544 20.2968 -0.5061 cyclist
545 20.2968 -0.4712 cyclist
546 20.5198 -0.4887 cyclist
547 20.2968 -0.4887 cyclist
548 20.2968 -0.4887 cyclist
549 20.2968 -0.5061 cyclist
550 20.0738 -0.5061 cyclist
551 20.0738 -0.5061 cyclist
552 20.0738 -0.5061 cyclist
553 20.0738 -0.4887 cyclist
554 20.0738 -0.5585 cyclist
555 20.0738 -0.5236 cyclist
556 20.0738 -0.5236 cyclist
557 20.0738 -0.5411 cyclist
558 20.0738 -0.5061 cyclist
559 20.0738 -0.5411 cyclist
560 19.8507 -0.5236 cyclist
561 19.8507 -0.5585 cyclist
562 20.0738 -0.5585 cyclist
563 20.0738 -0.5760 cyclist
564 20.0738 -0.5411 cyclist
565 20.0738 -0.5411 cyclist
566 20.0738 -0.5585 cyclist
567 20.0738 -0.5760 cyclist
568 20.0738 -0.5760 cyclist
569 20.0738 -0.5760 cyclist
570 20.0738 -0.5760 cyclist
571 20.2968 -0.5760 cyclist
572 20.0738 -0.5760 cyclist
573 20.0738 -0.5411 cyclist
574 20.0738 -0.5236 cyclist
575 19.8507 -0.5585 cyclist
576 20.0738 -0.5585 cyclist
577 19.8507 -0.5585 cyclist
578 19.8507 -0.5585 cyclist
579 19.8507 -0.5760 cyclist
580 19.8507 -0.5760 cyclist
581 19.8507 -0.5760 cyclist
582 20.0738 -0.5760 cyclist
583 19.6277 -0.5934 cyclist
584 19.8507 -0.5760 cyclist
585 19.6277 -0.5934 cyclist
586 19.8507 -0.6109 cyclist
587 19.6277 -0.5760 cyclist
588 19.6277 -0.5760 cyclist
589 19.4046 -0.5934 cyclist
590 19.4046 -0.5934 cyclist
591 19.4046 -0.5934 cyclist
592 19.4046 -0.5934 cyclist
593 19.4046 -0.5934 cyclist
594 19.4046 -0.5934 cyclist
595 19.1816 -0.6109 cyclist
596 19.4046 -0.5934 cyclist
597 19.4046 -0.5934 cyclist
598 19.4046 -0.5934 cyclist
599 19.6277 -0.5934 cyclist
600 19.6277 -0.5934 cyclist
601 19.4046 -0.5934 cyclist
602 19.1816 -0.5934 cyclist
603 19.1816 -0.5934 cyclist
604 19.4046 -0.5760 cyclist
605 19.4046 -0.5760 cyclist
606 19.4046 -0.5760 cyclist
607 19.4046 -0.5760 cyclist
608 19.4046 -0.5760 cyclist
609 19.4046 -0.5760 cyclist
610 19.4046 -0.5760 cyclist
611 19.4046 -0.5760 cyclist
612 19.4046 -0.5760 cyclist
613 19.4046 -0.5760 cyclist
614 18.7355 -0.5934 cyclist
615 18.7355 -0.5934 cyclist
616 18.7355 -0.5934 cyclist
617 18.5125 -0.5934 cyclist
618 18.7355 -0.5934 cyclist
619 18.2894 -0.5934 cyclist
620 18.7355 -0.5934 cyclist
621 18.5125 -0.5934 cyclist
622 18.5125 -0.6109 cyclist
623 18.7355 -0.5934 cyclist
624 18.2894 -0.5934 cyclist
625 18.5125 -0.6109 cyclist
626 18.2894 -0.5934 cyclist
627 17.8433 -0.6109 cyclist
628 18.0664 -0.6283 cyclist
629 18.0664 -0.6458 cyclist
630 18.0664 -0.5934 cyclist
631 18.0664 -0.6109 cyclist
632 18.0664 -0.6283 cyclist
633 18.2894 -0.5760 cyclist
634 18.0664 -0.5934 cyclist
635 17.8433 -0.5760 cyclist
636 17.8433 -0.5585 cyclist
637 17.8433 -0.5934 cyclist
638 17.8433 -0.5585 cyclist
639 17.8433 -0.5411 cyclist
640 17.8433 -0.5411 cyclist
641 17.8433 -0.5411 cyclist
642 17.6203 -0.5061 cyclist
643 17.8433 -0.5411 cyclist
644 17.6203 -0.5585 cyclist
645 17.8433 -0.5411 cyclist
646 17.6203 -0.5934 cyclist
647 17.8433 -0.5585 cyclist
648 17.8433 -0.5585 cyclist
649 17.8433 -0.5585 cyclist
650 17.6203 -0.5236 cyclist
651 17.8433 -0.5236 cyclist
652 17.8433 -0.5236 cyclist
653 17.8433 -0.5061 cyclist
654 17.8433 -0.5236 cyclist
655 17.8433 -0.5236 cyclist
656 17.8433 -0.4887 cyclist
657 17.8433 -0.5061 cyclist
658 17.6203 -0.4887 cyclist
659 17.8433 -0.5061 cyclist
660 17.8433 -0.5061 cyclist
661 17.8433 -0.5061 cyclist
662 17.8433 -0.5061 cyclist
663 17.8433 -0.5061 cyclist
664 17.8433 -0.5236 cyclist
665 17.8433 -0.4887 cyclist
666 17.8433 -0.4712 cyclist
667 18.0664 -0.4712 cyclist
668 17.8433 -0.4887 cyclist
669 17.8433 -0.4712 cyclist
670 18.0664 -0.4712 cyclist
671 18.2894 -0.4538 cyclist
672 18.0664 -0.4712 cyclist
673 18.0664 -0.4538 cyclist
674 18.2894 -0.4538 cyclist
675 18.2894 -0.4538 cyclist
676 18.0664 -0.4538 cyclist
677 18.0664 -0.4538 cyclist
678 18.0664 -0.4538 cyclist
679 18.2894 -0.4363 cyclist
680 18.2894 -0.4538 cyclist
681 18.2894 -0.4538 cyclist
682 18.2894 -0.4712 cyclist
683 18.5125 -0.4538 cyclist
684 18.5125 -0.4538 cyclist
685 18.7355 -0.4538 cyclist
686 18.5125 -0.4538 cyclist
687 18.7355 -0.4538 cyclist
688 18.7355 -0.4363 cyclist
689 18.7355 -0.4538 cyclist
690 19.1816 -0.4363 cyclist
691 18.7355 -0.4363 cyclist
692 18.9586 -0.4363 cyclist
693 18.7355 -0.4363 cyclist
694 18.7355 -0.4363 cyclist
695 18.9586 -0.4538 cyclist
696 18.9586 -0.4363 cyclist
697 18.7355 -0.4538 cyclist
698 19.1816 -0.4189 cyclist
699 18.7355 -0.4189 cyclist
700 18.9586 -0.4363 cyclist
701 19.1816 -0.4189 cyclist
702 18.9586 -0.4189 cyclist
703 18.9586 -0.4014 cyclist
704 19.4046 -0.4014 cyclist
705 19.1816 -0.3840 cyclist
706 19.1816 -0.4014 cyclist
707 19.4046 -0.4189 cyclist
708 19.4046 -0.4363 cyclist
709 19.6277 -0.4014 cyclist
710 19.4046 -0.4189 cyclist
711 19.6277 -0.4363 cyclist
712 19.6277 -0.4189 cyclist
713 19.6277 -0.4189 cyclist
714 19.8507 -0.4189 cyclist
715 19.8507 -0.4014 cyclist
716 19.8507 -0.4014 cyclist
717 19.6277 -0.4189 cyclist
718 20.0738 -0.4189 cyclist
719 20.0738 -0.4189 cyclist
720 20.0738 -0.4189 cyclist
721 19.8507 -0.4014 cyclist
722 20.0738 -0.3840 cyclist
723 20.0738 -0.4189 cyclist
724 20.2968 -0.4014 cyclist
725 20.2968 -0.3840 cyclist
726 20.2968 -0.4014 cyclist
727 20.2968 -0.4014 cyclist
728 20.2968 -0.4189 cyclist
729 20.5198 -0.4014 cyclist
730 20.5198 -0.4189 cyclist
731 20.5198 -0.4014 cyclist
732 20.7429 -0.4014 cyclist
733 21.4120 -0.4014 cyclist
734 21.4120 -0.4189 cyclist
735 21.4120 -0.4014 cyclist
736 21.4120 -0.3840 cyclist
737 21.6351 -0.4189 cyclist
738 21.6351 -0.4014 cyclist
739 21.6351 -0.3840 cyclist
740 21.6351 -0.3840 cyclist
741 21.6351 -0.4014 cyclist
742 21.6351 -0.4014 cyclist
743 21.6351 -0.3665 cyclist
744 21.6351 -0.3665 cyclist
745 21.6351 -0.3840 cyclist
746 21.6351 -0.3665 cyclist
747 21.6351 -0.3840 cyclist
748 21.6351 -0.3840 cyclist
749 21.8581 -0.3840 cyclist
750 21.8581 -0.3491 cyclist
751 22.0811 -0.3491 cyclist
752 21.8581 -0.3491 cyclist
753 22.0811 -0.3665 cyclist
754 22.0811 -0.3665 cyclist
755 22.0811 -0.3665 cyclist
756 21.8581 -0.3665 cyclist
757 22.0811 -0.3665 cyclist
758 22.0811 -0.3491 cyclist
759 22.0811 -0.3491 cyclist
760 22.0811 -0.3665 cyclist
761 22.5272 -0.3491 cyclist
762 22.3042 -0.3491 cyclist
763 22.0811 -0.3491 cyclist
764 21.8581 -0.3491 cyclist
765 21.8581 -0.3665 cyclist
766 22.3042 -0.3491 cyclist
767 22.5272 -0.3491 cyclist
768 22.5272 -0.3491 cyclist
769 22.7503 -0.3316 cyclist
769 24.5346 0.5934 car
770 22.7503 -0.3316 cyclist
770 24.3116 0.5934 car
771 22.7503 -0.3665 cyclist
771 24.3116 0.5934 car
772 22.5272 -0.3316 cyclist
772 24.3116 0.5934 car
773 22.5272 -0.3142 cyclist
773 24.3116 0.5934 car
774 22.7503 -0.3491 cyclist
774 24.3116 0.5934 car
775 22.9733 -0.3491 cyclist
775 24.3116 0.5934 car
776 22.7503 -0.3491 cyclist
776 23.8655 0.5585 car
777 22.7503 -0.3491 cyclist
777 23.8655 0.5585 car
778 22.7503 -0.3491 cyclist
778 23.8655 0.5585 car
779 22.9733 -0.3316 cyclist
779 23.8655 0.5585 car
780 23.1963 -0.3316 cyclist
780 23.8655 0.5585 car
781 23.1963 -0.3316 cyclist
781 23.8655 0.5585 car
782 23.1963 -0.3316 cyclist
782 23.8655 0.5585 car
783 22.9733 -0.3316 cyclist
783 23.8655 0.5585 car
784 23.1963 -0.3491 cyclist
784 23.8655 0.5585 car
785 22.9733 -0.3316 cyclist
785 23.8655 0.5585 car
786 22.7503 -0.3316 cyclist
786 23.8655 0.5585 car
787 22.9733 -0.3316 cyclist
787 23.8655 0.5585 car
788 22.7503 -0.3316 cyclist
788 23.8655 0.5585 car
789 22.9733 -0.3316 cyclist
789 23.4194 0.5411 car
790 23.1963 -0.3316 cyclist
790 23.4194 0.5411 car
791 23.4194 -0.3316 cyclist
791 23.4194 0.5411 car
792 23.1963 -0.3142 cyclist
792 23.4194 0.5411 car
793 23.4194 -0.3316 cyclist
793 23.4194 0.5411 car
794 23.1963 -0.3316 cyclist
794 23.4194 0.5411 car
795 22.7503 -0.3316 cyclist
795 23.1963 0.5236 car
796 22.9733 -0.3491 cyclist
796 23.1963 0.5236 car
797 23.4194 -0.3142 cyclist
797 23.1963 0.5236 car
798 23.8655 -0.3142 cyclist
798 23.1963 0.5236 car
799 23.8655 -0.3142 cyclist
799 23.1963 0.5236 car
800 23.4194 -0.3142 cyclist
800 23.1963 0.5236 car
801 23.1963 -0.3491 cyclist
801 22.7503 0.4887 car
802 23.1963 -0.3142 cyclist
802 22.7503 0.4887 car
803 23.1963 -0.3316 cyclist
803 21.6351 0.4189 car
804 23.1963 -0.3142 cyclist
804 21.6351 0.4189 car
805 23.1963 -0.3142 cyclist
805 21.6351 0.4189 car
806 23.4194 -0.3142 cyclist
806 21.6351 0.4189 car
807 23.4194 -0.3142 cyclist
807 21.6351 0.4189 car
808 23.6424 -0.2967 cyclist
808 21.6351 0.4189 car
809 23.8655 -0.2967 cyclist
809 21.4120 0.3840 car
810 24.3116 -0.3142 cyclist
810 21.4120 0.3840 car
811 24.0885 -0.2967 cyclist
811 21.4120 0.3840 car
812 23.8655 -0.2793 cyclist
812 21.4120 0.3840 car
813 24.3116 -0.2967 cyclist
813 21.4120 0.3840 car
814 24.3116 -0.2793 cyclist
814 21.4120 0.3840 car
815 24.5346 -0.2967 cyclist
815 21.4120 0.3840 car
816 24.3116 -0.2967 cyclist
816 21.4120 0.3840 car
817 24.3116 -0.2967 cyclist
817 21.4120 0.3840 car
818 24.3116 -0.2967 cyclist
818 21.4120 0.3840 car
819 23.8655 -0.3142 cyclist
819 21.4120 0.3840 car
820 24.5346 -0.3142 cyclist
820 21.4120 0.3840 car
821 24.7576 -0.3142 cyclist
821 21.4120 0.3840 car
822 24.7576 -0.2967 cyclist
822 21.4120 0.3840 car
823 24.7576 -0.2967 cyclist
823 21.4120 0.3840 car
824 24.7576 -0.2967 cyclist
824 21.4120 0.3840 car
825 24.5346 -0.2967 cyclist
825 21.4120 0.3840 car
826 24.7576 -0.2967 cyclist
826 21.4120 0.3840 car
827 24.7576 -0.3142 cyclist
827 20.9659 0.3665 car
828 24.7576 -0.3142 cyclist
828 20.5198 0.3142 car
829 24.3116 -0.2967 cyclist
829 20.5198 0.3142 car
830 24.3116 -0.2967 cyclist
830 20.5198 0.3142 car
831 24.5346 -0.3142 cyclist
831 20.5198 0.3142 car
832 24.5346 -0.2967 cyclist
832 20.5198 0.3142 car
833 23.8655 -0.3142 cyclist
833 20.5198 0.3142 car
834 24.0885 -0.3491 cyclist
834 20.5198 0.3142 car
835 24.7576 -0.3316 cyclist
835 20.5198 0.3142 car
836 24.7576 -0.3142 cyclist
836 20.5198 0.3142 car
837 24.7576 -0.3142 cyclist
837 20.5198 0.3142 car
838 24.3116 -0.3142 cyclist
838 20.5198 0.3142 car
839 24.7576 -0.2967 cyclist
839 20.0738 0.2793 car
840 24.5346 -0.2967 cyclist
840 20.0738 0.2793 car
841 24.7576 -0.2967 cyclist
841 20.0738 0.2793 car
842 24.5346 -0.2967 cyclist
842 20.0738 0.2793 car
843 24.7576 -0.2793 cyclist
843 20.0738 0.2793 car
844 24.7576 -0.2618 cyclist
844 20.0738 0.2793 car
845 24.5346 -0.2793 cyclist
845 20.0738 0.2793 car
846 24.5346 -0.2793 cyclist
846 19.4046 0.2618 car
847 24.7576 -0.2793 cyclist
847 19.4046 0.2618 car
848 24.7576 -0.2793 cyclist
848 19.4046 0.2618 car
849 24.7576 -0.2793 cyclist
849 19.4046 0.2618 car
850 18.9586 0.2269 car
851 18.9586 0.2269 car
852 18.9586 0.2269 car
853 18.9586 0.2269 car
854 18.5125 0.1920 car
855 18.5125 0.1920 car
856 18.5125 0.1920 car
857 18.5125 0.1920 car
858 24.9807 -0.2618 cyclist
858 18.5125 0.1920 car
859 18.5125 0.1920 car
860 18.5125 0.1920 car
861 18.0664 0.1745 car
862 18.0664 0.1745 car
863 18.0664 0.1745 car
864 18.0664 0.1745 car
865 17.6203 0.1396 car
866 17.6203 0.1396 car
867 17.6203 0.1396 car
868 17.6203 0.1396 car
869 17.1742 0.1047 car
870 17.1742 0.1047 car
871 17.1742 0.1047 car
872 17.1742 0.1047 car
873 16.7281 0.0873 car
874 16.7281 0.0873 car
875 16.7281 0.1396 car
876 16.5051 0.1047 car
877 16.0590 0.0873 car
878 16.5051 0.1222 car
879 16.7281 0.1222 car
880 16.0590 0.0873 car
881 15.3899 0.0698 car
882 15.6129 0.0524 car
883 15.6129 0.0524 car
884 15.6129 0.0524 car
885 15.8360 0.1047 car
886 15.1668 0.0349 car
887 15.1668 0.0349 car
888 14.9438 0.0524 car
889 14.7208 0.0698 car
890 14.7208 0.0524 car
891 14.4977 0.0524 car
892 14.7208 0.0349 car
893 14.7208 0.0175 car
894 14.4977 -0.0175 car
895 14.7208 0.0000 car
896 14.0516 -0.0349 car
897 14.0516 -0.0349 car
898 13.8286 -0.0524 car
899 13.6056 -0.0698 car
