0 21.4120 -0.2443 car
1 21.4120 -0.2443 car
2 21.4120 -0.2443 car
3 21.4120 -0.2443 car
4 21.4120 -0.2443 car
5 21.4120 -0.2443 car
6 21.4120 -0.2443 car
7 21.4120 -0.2443 car
8 21.4120 -0.2443 car
9 21.4120 -0.2443 car
10 21.4120 -0.2443 car
11 21.4120 -0.2443 car
12 21.4120 -0.2443 car
13 21.4120 -0.2443 car
14 21.4120 -0.2443 car
15 21.4120 -0.2443 car
16 21.4120 -0.2443 car
17 21.4120 -0.2443 car
18 21.4120 -0.2443 car
19 21.4120 -0.2443 car
20 21.4120 -0.2443 car
21 21.4120 -0.2443 car
22 21.4120 -0.2443 car
23 21.4120 -0.2443 car
24 21.4120 -0.2443 car
25 20.9659 -0.1745 car
26 20.9659 -0.1745 car
27 20.9659 -0.1745 car
28 20.9659 -0.1745 car
29 20.9659 -0.1745 car
30 20.9659 -0.1745 car
31 20.9659 -0.1745 car
32 20.9659 -0.1745 car
33 20.9659 -0.1745 car
34 20.9659 -0.1745 car
35 20.9659 -0.1745 car
36 20.9659 -0.1745 car
37 20.9659 -0.1745 car
38 20.9659 -0.1745 car
39 20.9659 -0.1745 car
40 20.9659 -0.1745 car
41 20.9659 -0.1745 car
42 20.9659 -0.1745 car
43 20.7429 -0.1047 car
44 20.7429 -0.1047 car
45 20.7429 -0.1047 car
46 20.7429 -0.1047 car
47 20.7429 -0.1047 car
48 20.7429 -0.1047 car
49 20.9659 -0.1920 car
50 20.9659 -0.1920 car
51 20.9659 -0.1920 car
52 20.9659 -0.1920 car
53 20.9659 -0.1920 car
54 20.9659 -0.1920 car
55 20.9659 -0.1920 car
56 20.9659 -0.1920 car
57 20.9659 -0.1920 car
58 20.9659 -0.1920 car
59 20.9659 -0.1920 car
60 20.5198 -0.1222 car
61 20.5198 -0.1222 car
62 20.5198 -0.1222 car
63 20.5198 -0.1222 car
64 20.5198 -0.1222 car
65 20.5198 -0.1222 car
66 20.5198 -0.1222 car
67 20.5198 -0.1222 car
68 20.5198 -0.1222 car
69 20.5198 -0.1222 car
70 20.5198 -0.1222 car
71 20.5198 -0.1222 car
72 20.5198 -0.1222 car
73 20.5198 -0.1222 car
74 20.5198 -0.1222 car
75 20.5198 -0.1222 car
76 20.5198 -0.1222 car
77 20.5198 -0.1222 car
78 21.4120 -0.2443 car
79 20.7429 -0.1920 car
80 20.7429 -0.1920 car
81 20.7429 -0.1920 car
82 20.7429 -0.1920 car
83 20.7429 -0.1920 car
84 20.7429 -0.1920 car
85 20.7429 -0.1920 car
86 20.7429 -0.1920 car
87 20.7429 -0.1920 car
88 20.7429 -0.1920 car
89 20.5198 -0.1571 car
90 20.5198 -0.1571 car
91 20.5198 -0.1571 car
92 20.5198 -0.1571 car
93 20.5198 -0.1571 car
94 20.5198 -0.1571 car
95 20.5198 -0.1571 car
96 20.5198 -0.0873 car
97 20.5198 -0.0873 car
98 20.5198 -0.0873 car
99 20.5198 -0.0873 car
100 20.5198 -0.0873 car
101 20.5198 -0.0873 car
102 20.5198 -0.0873 car
103 20.5198 -0.0873 car
104 20.5198 -0.0873 car
105 20.5198 -0.0873 car
106 20.5198 -0.0873 car
107 20.5198 -0.0873 car
108 20.5198 -0.0873 car
109 20.5198 -0.0873 car
110 20.5198 -0.0873 car
111 20.5198 -0.0873 car
112 20.5198 -0.0873 car
113 20.5198 -0.0873 car
114 20.5198 -0.0873 car
115 20.5198 -0.0873 car
116 20.5198 -0.0873 car
117 20.5198 -0.0873 car
118 20.5198 -0.0873 car
119 20.5198 -0.0873 car
120 20.5198 -0.0873 car
121 20.5198 -0.0873 car
122 20.5198 -0.0873 car
123 20.5198 -0.0873 car
124 20.5198 -0.0873 car
125 20.5198 -0.0873 car
126 20.5198 -0.0873 car
127 20.5198 -0.0873 car
128 20.5198 -0.0873 car
129 20.5198 -0.0873 car
130 20.5198 -0.0873 car
131 20.5198 -0.0873 car
132 20.5198 -0.0873 car
133 20.5198 -0.0873 car
134 20.5198 -0.0873 car
135 20.5198 -0.0873 car
136 20.5198 -0.0873 car
137 20.5198 -0.0873 car
138 20.5198 -0.0873 car
139 20.5198 -0.0873 car
140 20.5198 -0.0873 car
141 20.5198 -0.0873 car
142 20.5198 -0.0873 car
143 20.5198 -0.0873 car
144 20.5198 -0.0873 car
145 20.5198 -0.0873 car
146 20.5198 -0.0873 car
147 20.5198 -0.0873 car
148 20.5198 -0.0873 car
149 20.5198 -0.0873 car
150 20.5198 -0.0873 car
151 20.5198 -0.0873 car
152 20.5198 -0.0873 car
153 20.5198 -0.0873 car
154 20.5198 -0.0873 car
155 20.5198 -0.0873 car
156 20.5198 -0.0873 car
157 19.8507 -0.0524 car
158 20.0738 -0.0349 car
159 20.5198 -0.0873 car
160 20.5198 -0.0873 car
161 20.5198 -0.0873 car
162 20.5198 -0.0873 car
163 20.5198 -0.0873 car
164 20.5198 -0.0873 car
165 20.5198 -0.0873 car
166 20.5198 -0.0873 car
167 20.5198 -0.0873 car
168 20.5198 -0.0873 car
169 20.2968 -0.0524 car
170 20.2968 -0.0524 car
171 20.2968 -0.0524 car
172 20.2968 -0.0524 car
173 20.2968 -0.0524 car
174 20.2968 -0.0524 car
175 20.0738 -0.0349 car
176 20.0738 -0.0349 car
177 20.0738 -0.0349 car
178 20.0738 -0.0349 car
179 20.0738 -0.0349 car
180 20.0738 -0.0349 car
181 20.0738 -0.0349 car
182 20.0738 -0.0349 car
183 20.0738 -0.0349 car
184 20.0738 -0.0349 car
185 20.0738 -0.0349 car
186 20.0738 -0.0349 car
187 20.0738 -0.0349 car
188 20.0738 -0.0349 car
189 20.0738 -0.0349 car
190 20.0738 -0.0349 car
191 20.0738 -0.0349 car
192 20.0738 -0.0349 car
193 20.0738 -0.0349 car
194 20.0738 -0.0349 car
195 20.0738 -0.0349 car
196 20.0738 -0.0349 car
197 20.0738 -0.0349 car
198 20.0738 -0.0349 car
199 20.0738 -0.0349 car
200 20.0738 -0.0349 car
201 20.0738 -0.0349 car
202 20.0738 -0.0349 car
203 19.8507 -0.0175 car
204 19.8507 -0.0175 car
205 19.8507 -0.0175 car
206 19.8507 -0.0175 car
207 19.8507 -0.0175 car
208 19.8507 -0.0175 car
209 19.8507 -0.0175 car
210 19.8507 -0.0175 car
211 19.8507 -0.0175 car
212 19.8507 -0.0175 car
213 19.8507 -0.0175 car
214 19.8507 -0.0175 car
215 19.8507 -0.0175 car
216 19.8507 -0.0175 car
217 19.8507 -0.0175 car
218 19.8507 -0.0175 car
219 19.8507 -0.0175 car
220 19.8507 -0.0175 car
221 19.8507 -0.0175 car
222 19.8507 -0.0175 car
223 19.8507 -0.0175 car
224 19.8507 -0.0175 car
225 19.8507 -0.0175 car
226 19.8507 -0.0175 car
227 19.8507 -0.0175 car
228 19.6277 0.0000 car
229 19.6277 0.0000 car
230 19.6277 0.0000 car
231 19.6277 0.0000 car
232 19.6277 0.0000 car
233 19.6277 0.0000 car
234 19.6277 0.0000 car
235 19.6277 0.0000 car
236 19.6277 0.0000 car
237 19.6277 0.0000 car
238 19.6277 0.0000 car
239 19.6277 0.0000 car
240 19.6277 0.0000 car
241 19.4046 0.0175 car
242 19.4046 0.0175 car
243 19.4046 0.0175 car
244 19.4046 0.0175 car
245 19.4046 0.0175 car
246 19.4046 0.0175 car
247 19.4046 0.0175 car
248 19.4046 0.0175 car
249 19.4046 0.0175 car
250 19.4046 0.0175 car
251 19.4046 0.0175 car
252 19.4046 0.0175 car
253 19.4046 0.0175 car
254 19.4046 0.0175 car
255 19.4046 0.0175 car
256 19.4046 0.0175 car
257 19.4046 0.0175 car
258 19.4046 0.0175 car
259 19.4046 0.0175 car
260 19.4046 0.0175 car
261 19.4046 0.0175 car
262 19.4046 0.0175 car
263 19.4046 0.0175 car
264 19.1816 0.0175 car
265 19.4046 0.0175 car
266 19.4046 0.0175 car
267 18.9586 0.0349 car
268 18.9586 0.0349 car
269 18.9586 0.0349 car
270 18.9586 0.0349 car
271 18.9586 0.0349 car
272 18.9586 0.0349 car
273 18.9586 0.0349 car
274 18.9586 0.0349 car
275 18.9586 0.0349 car
276 18.9586 0.0349 car
277 18.9586 0.0349 car
278 18.9586 0.0349 car
279 18.9586 0.0349 car
280 18.9586 0.0349 car
281 18.9586 0.0349 car
282 18.9586 0.0349 car
283 18.9586 0.0349 car
284 18.9586 0.0349 car
285 18.9586 0.0349 car
286 18.9586 0.0349 car
287 18.9586 0.0349 car
288 18.9586 0.0349 car
289 18.7355 0.0349 car
290 18.7355 0.0349 car
291 18.7355 0.0349 car
292 18.7355 0.0349 car
293 18.7355 0.0349 car
294 18.7355 0.0349 car
295 18.7355 0.0349 car
296 18.7355 0.0349 car
297 18.7355 0.0349 car
298 18.7355 0.0349 car
299 18.7355 0.0349 car
300 18.7355 0.0349 car
301 18.7355 0.0349 car
302 18.7355 0.0349 car
303 18.7355 0.0349 car
304 18.7355 0.0349 car
305 18.7355 0.0349 car
306 18.7355 0.0349 car
307 18.2894 0.0524 car
308 18.2894 0.0524 car
309 18.2894 0.0524 car
310 18.2894 0.0524 car
311 18.2894 0.0524 car
312 18.2894 0.0524 car
313 18.2894 0.0524 car
314 18.2894 0.0524 car
315 18.2894 0.0524 car
316 18.2894 0.0524 car
317 18.2894 0.0524 car
318 18.2894 0.0524 car
319 18.2894 0.0524 car
320 18.2894 0.0524 car
321 18.2894 0.0524 car
322 18.2894 0.0524 car
323 18.2894 0.0524 car
324 18.2894 0.0524 car
325 18.2894 0.0524 car
326 18.2894 0.0524 car
327 18.2894 0.0524 car
328 18.2894 0.0524 car
329 18.2894 0.0524 car
330 18.2894 0.0524 car
331 18.0664 0.0524 car
332 18.0664 0.0524 car
333 18.0664 0.0524 car
334 18.0664 0.0524 car
335 17.8433 0.0873 car
336 17.8433 0.0873 car
337 17.8433 0.0873 car
338 17.8433 0.0873 car
339 17.8433 0.0873 car
340 17.6203 0.0873 car
341 17.6203 0.0873 car
342 17.6203 0.0873 car
343 17.6203 0.0873 car
344 17.3973 0.0873 car
345 17.3973 0.0873 car
346 17.3973 0.0873 car
347 17.3973 0.0873 car
348 17.3973 0.0873 car
349 17.3973 0.0873 car
350 17.3973 0.0873 car
351 17.3973 0.0873 car
352 17.3973 0.0873 car
353 17.3973 0.0873 car
354 16.9512 0.1047 car
355 16.9512 0.1047 car
356 16.9512 0.1047 car
357 16.9512 0.1047 car
358 16.9512 0.1047 car
359 16.9512 0.1047 car
360 16.9512 0.1047 car
361 16.9512 0.1047 car
362 16.9512 0.1047 car
363 16.9512 0.1047 car
364 16.9512 0.1047 car
365 16.5051 0.1222 car
366 16.5051 0.1222 car
367 16.5051 0.1222 car
368 16.5051 0.1222 car
369 16.5051 0.1222 car
370 16.5051 0.1222 car
371 16.5051 0.1222 car
372 16.5051 0.1222 car
373 16.5051 0.1222 car
374 16.5051 0.1222 car
375 16.5051 0.1222 car
376 16.5051 0.1222 car
377 16.5051 0.1222 car
378 16.5051 0.1222 car
379 16.5051 0.1222 car
380 16.5051 0.1222 car
381 16.5051 0.1222 car
382 16.5051 0.1222 car
383 16.5051 0.1222 car
384 16.5051 0.1222 car
385 16.5051 0.1222 car
386 16.5051 0.1222 car
387 16.5051 0.1222 car
388 16.0590 0.1396 car
389 16.0590 0.1396 car
390 16.0590 0.1396 car
391 16.0590 0.1396 car
392 16.0590 0.1396 car
393 16.0590 0.1396 car
394 16.0590 0.1396 car
395 16.0590 0.1396 car
396 16.0590 0.1396 car
397 16.0590 0.1396 car
398 16.0590 0.1396 car
399 16.0590 0.1396 car
400 15.6129 0.1920 car
401 15.3899 0.1920 car
402 15.3899 0.1920 car
403 15.3899 0.1920 car
404 15.3899 0.1920 car
405 15.3899 0.1920 car
406 15.3899 0.1920 car
407 15.3899 0.1920 car
408 15.3899 0.1920 car
409 15.3899 0.1920 car
410 15.3899 0.1920 car
411 15.1668 0.2094 car
412 15.1668 0.2094 car
413 15.1668 0.2094 car
414 15.1668 0.2094 car
415 15.1668 0.2094 car
416 15.1668 0.2094 car
417 15.1668 0.2094 car
418 15.1668 0.2094 car
419 15.1668 0.2094 car
420 15.1668 0.2094 car
421 15.1668 0.2094 car
422 15.1668 0.2094 car
423 15.1668 0.2094 car
424 14.7208 0.2443 car
425 14.7208 0.2443 car
426 14.7208 0.2443 car
427 14.7208 0.2443 car
428 14.7208 0.2443 car
429 14.7208 0.2443 car
430 14.7208 0.2443 car
431 14.7208 0.2443 car
432 14.7208 0.2443 car
433 14.7208 0.2443 car
434 14.7208 0.2443 car
435 14.7208 0.2443 car
436 14.7208 0.2443 car
437 14.4977 0.2618 car
438 14.4977 0.2618 car
439 14.4977 0.2618 car
440 14.4977 0.2618 car
441 14.4977 0.2618 car
442 14.2747 0.2618 car
443 14.2747 0.2618 car
444 14.2747 0.2618 car
445 14.2747 0.2618 car
446 14.2747 0.2618 car
447 14.2747 0.2618 car
448 14.2747 0.2618 car
449 14.2747 0.2618 car
450 14.2747 0.2618 car
451 14.2747 0.2618 car
452 14.2747 0.2618 car
453 14.2747 0.2618 car
454 14.2747 0.2618 car
455 14.2747 0.2618 car
456 14.2747 0.2618 car
457 14.2747 0.2618 car
458 14.0516 0.2967 car
459 14.0516 0.2967 car
460 14.0516 0.2967 car
461 14.0516 0.2967 car
462 14.0516 0.2967 car
463 14.0516 0.2967 car
464 14.0516 0.2967 car
465 14.0516 0.2967 car
466 14.0516 0.2967 car
467 13.6056 0.2967 car
468 13.6056 0.2967 car
469 13.6056 0.2967 car
470 13.6056 0.2967 car
471 13.6056 0.2967 car
472 13.6056 0.2967 car
473 13.6056 0.2967 car
474 13.6056 0.2967 car
475 13.6056 0.2967 car
476 13.6056 0.2967 car
477 13.6056 0.2967 car
478 13.3825 0.2793 car
479 13.3825 0.2793 car
480 13.3825 0.2793 car
481 13.3825 0.2793 car
482 13.3825 0.2793 car
483 13.1595 0.2967 car
484 13.1595 0.2967 car
485 13.3825 0.2793 car
486 13.3825 0.2793 car
487 13.3825 0.2793 car
488 13.3825 0.2793 car
489 13.3825 0.2793 car
490 12.9364 0.3142 car
491 12.9364 0.3142 car
492 12.9364 0.3142 car
493 12.9364 0.3142 car
494 12.9364 0.3142 car
495 12.9364 0.3142 car
496 12.9364 0.3142 car
497 12.9364 0.3142 car
498 12.9364 0.3142 car
499 12.9364 0.3142 car
500 12.9364 0.3142 car
501 12.9364 0.3142 car
502 12.7134 0.2967 car
503 12.7134 0.2967 car
504 12.7134 0.2967 car
505 12.7134 0.2967 car
506 12.7134 0.2967 car
507 12.7134 0.2967 car
508 12.7134 0.2967 car
509 12.4903 0.2967 car
510 12.4903 0.2967 car
511 12.4903 0.2967 car
512 12.4903 0.2967 car
513 12.4903 0.2967 car
514 12.4903 0.2967 car
515 12.4903 0.2967 car
516 12.4903 0.2967 car
517 12.4903 0.2967 car
518 12.4903 0.2967 car
519 12.4903 0.2967 car
520 12.4903 0.2967 car
521 12.2673 0.2967 car
522 12.2673 0.2967 car
523 12.0443 0.3142 car
524 12.0443 0.3142 car
525 12.0443 0.3142 car
526 12.0443 0.3142 car
527 12.0443 0.3142 car
528 12.0443 0.3142 car
529 12.0443 0.3142 car
530 12.0443 0.3142 car
531 12.0443 0.3142 car
532 12.0443 0.3142 car
533 12.0443 0.3142 car
534 12.0443 0.3142 car
535 12.0443 0.3142 car
536 12.0443 0.3142 car
537 12.0443 0.3142 car
538 12.0443 0.3142 car
539 11.5982 0.2967 car
540 11.5982 0.2967 car
541 11.5982 0.2967 car
542 11.5982 0.2967 car
543 11.5982 0.2967 car
544 11.5982 0.2967 car
545 11.5982 0.2967 car
546 11.5982 0.2967 car
547 11.5982 0.2967 car
548 11.5982 0.2967 car
549 11.3751 0.2967 car
550 11.3751 0.2967 car
551 11.3751 0.2967 car
552 11.3751 0.2967 car
553 11.1521 0.3142 car
554 11.1521 0.3142 car
555 11.1521 0.3142 car
556 11.1521 0.3142 car
557 11.1521 0.3142 car
558 11.1521 0.3142 car
559 11.1521 0.3142 car
560 11.1521 0.3142 car
561 11.1521 0.3142 car
562 10.7060 0.3142 car
563 10.7060 0.3142 car
564 10.7060 0.3142 car
565 10.7060 0.3142 car
566 10.7060 0.3142 car
567 10.7060 0.3142 car
568 10.7060 0.3142 car
569 10.7060 0.3142 car
570 10.7060 0.3142 car
571 10.7060 0.3142 car
572 10.7060 0.3142 car
573 10.7060 0.3142 car
574 10.7060 0.3142 car
575 10.7060 0.3142 car
576 10.7060 0.3142 car
577 10.7060 0.3142 car
578 10.2599 0.2967 car
579 10.2599 0.2967 car
580 10.2599 0.2967 car
581 10.2599 0.2967 car
582 10.2599 0.2967 car
583 10.2599 0.2967 car
584 10.2599 0.2967 car
585 10.2599 0.2967 car
586 10.2599 0.2967 car
587 10.2599 0.2967 car
588 10.2599 0.2967 car
589 10.2599 0.2967 car
590 10.2599 0.2967 car
591 10.2599 0.2967 car
592 10.2599 0.2967 car
593 10.2599 0.2967 car
594 9.8138 0.2967 car
595 9.8138 0.2967 car
596 9.8138 0.2967 car
597 9.8138 0.2967 car
598 9.8138 0.2967 car
599 9.8138 0.2967 car
600 9.8138 0.2967 car
601 9.8138 0.2618 car
602 9.8138 0.2618 car
603 9.8138 0.2618 car
604 9.8138 0.2618 car
605 9.8138 0.2618 car
606 9.8138 0.2618 car
607 9.8138 0.2618 car
608 9.8138 0.2618 car
609 9.3678 0.2618 car
610 9.3678 0.2618 car
611 9.3678 0.2618 car
612 9.3678 0.2618 car
613 9.3678 0.2618 car
614 9.3678 0.2618 car
615 9.3678 0.2618 car
616 9.3678 0.2618 car
617 9.3678 0.2618 car
618 9.3678 0.2618 car
619 9.3678 0.2618 car
620 9.3678 0.2618 car
621 9.3678 0.2618 car
622 9.3678 0.2618 car
623 9.3678 0.2618 car
624 9.3678 0.2618 car
625 9.3678 0.2618 car
626 9.3678 0.2618 car
627 9.1447 0.2618 car
628 9.1447 0.2618 car
629 9.1447 0.2618 car
630 9.1447 0.2618 car
631 9.1447 0.2618 car
632 9.1447 0.2618 car
633 9.1447 0.2618 car
634 9.1447 0.2618 car
635 9.1447 0.2618 car
636 9.1447 0.2618 car
637 9.1447 0.2618 car
638 9.1447 0.2618 car
639 9.1447 0.2618 car
640 9.1447 0.2618 car
641 9.1447 0.2618 car
642 9.1447 0.2618 car
643 8.6986 0.2269 car
644 8.6986 0.2269 car
645 8.6986 0.2269 car
646 8.6986 0.2269 car
647 8.6986 0.2269 car
648 8.6986 0.2269 car
649 8.6986 0.2269 car
650 8.6986 0.2269 car
651 8.6986 0.2269 car
652 8.6986 0.2269 car
653 8.6986 0.2269 car
654 8.6986 0.2269 car
655 8.6986 0.2269 car
656 8.6986 0.2269 car
657 8.6986 0.2269 car
658 8.6986 0.2269 car
659 8.6986 0.2269 car
660 8.6986 0.2269 car
661 8.6986 0.2269 car
662 8.6986 0.2269 car
663 8.6986 0.2269 car
664 8.4756 0.1745 car
665 8.4756 0.1745 car
666 8.4756 0.1745 car
667 8.4756 0.1745 car
668 8.4756 0.1745 car
669 8.4756 0.1745 car
670 8.4756 0.1745 car
671 8.4756 0.1745 car
672 8.4756 0.1745 car
673 8.2525 0.1745 car
674 8.2525 0.1745 car
675 8.2525 0.1745 car
676 8.2525 0.1745 car
677 8.2525 0.1745 car
678 8.2525 0.1745 car
679 8.2525 0.1745 car
680 8.2525 0.1745 car
681 8.2525 0.1745 car
682 8.0295 0.1396 car
683 8.0295 0.1396 car
684 8.0295 0.1396 car
685 8.0295 0.1396 car
686 8.0295 0.1396 car
687 8.0295 0.1396 car
688 8.0295 0.1396 car
689 8.0295 0.1396 car
690 8.0295 0.1396 car
691 8.0295 0.1396 car
692 8.0295 0.1396 car
693 8.0295 0.1396 car
694 8.0295 0.1396 car
695 8.0295 0.1047 car
696 8.0295 0.1047 car
697 7.8065 0.0873 car
698 7.8065 0.0873 car
699 7.8065 0.0873 car
700 7.8065 0.0873 car
701 7.8065 0.0873 car
702 7.8065 0.0873 car
703 7.8065 0.0873 car
704 7.8065 0.0873 car
705 7.8065 0.0873 car
706 7.8065 0.0524 car
707 7.8065 0.0524 car
708 7.8065 0.0524 car
709 7.8065 0.0524 car
710 7.8065 0.0524 car
711 7.8065 0.0524 car
712 7.8065 0.0524 car
713 7.8065 0.0524 car
714 7.8065 0.0175 car
715 7.8065 0.0175 car
716 7.8065 0.0175 car
717 7.8065 0.0175 car
718 7.8065 0.0175 car
719 7.8065 0.0175 car
720 7.8065 0.0175 car
721 7.8065 0.0175 car
722 7.8065 0.0175 car
723 7.8065 0.0175 car
724 7.8065 -0.0524 car
725 7.8065 -0.0524 car
726 7.8065 -0.0524 car
727 7.8065 -0.0524 car
728 7.8065 -0.0524 car
729 7.8065 -0.0524 car
730 7.8065 -0.0524 car
731 7.8065 -0.0524 car
732 7.8065 -0.0524 car
733 7.8065 -0.0524 car
734 7.8065 -0.0524 car
735 7.8065 -0.0873 car
736 7.8065 -0.0873 car
737 7.8065 -0.0873 car
738 7.8065 -0.0873 car
739 7.8065 -0.0873 car
740 7.8065 -0.0873 car
741 7.8065 -0.0873 car
742 7.8065 -0.0873 car
743 7.8065 -0.1222 car
744 7.8065 -0.1222 car
745 7.8065 -0.1222 car
746 7.8065 -0.1222 car
747 7.8065 -0.1222 car
748 7.8065 -0.1222 car
749 7.8065 -0.1222 car
750 7.8065 -0.1745 car
751 7.8065 -0.1745 car
752 7.8065 -0.1745 car
753 7.8065 -0.1745 car
754 7.8065 -0.1745 car
755 7.8065 -0.1745 car
756 7.8065 -0.1745 car
757 7.8065 -0.1745 car
758 7.8065 -0.1745 car
759 7.8065 -0.1745 car
760 8.0295 -0.2094 car
761 8.0295 -0.2094 car
762 8.0295 -0.2094 car
763 8.0295 -0.2094 car
764 8.0295 -0.2094 car
765 8.0295 -0.2094 car
766 8.0295 -0.2094 car
767 8.0295 -0.2094 car
768 8.0295 -0.2094 car
769 8.0295 -0.2094 car
770 8.0295 -0.2094 car
771 8.0295 -0.2094 car
772 8.0295 -0.2094 car
773 8.0295 -0.2094 car
774 8.0295 -0.2094 car
775 8.0295 -0.2094 car
776 8.0295 -0.2094 car
777 8.0295 -0.2094 car
778 8.0295 -0.2094 car
779 8.0295 -0.2094 car
780 8.0295 -0.2094 car
781 8.0295 -0.2094 car
782 8.2525 -0.1571 car
783 8.2525 -0.1571 car
784 8.2525 -0.1571 car
785 8.2525 -0.1571 car
786 8.2525 -0.1571 car
787 8.2525 -0.1571 car
788 8.2525 -0.1571 car
789 8.2525 -0.1571 car
790 8.2525 -0.1571 car
791 8.2525 -0.1571 car
792 8.2525 -0.1571 car
793 8.2525 -0.1571 car
794 8.2525 -0.1571 car
795 8.2525 -0.1571 car
796 8.4756 -0.1047 car
797 8.4756 -0.1047 car
798 8.4756 -0.1047 car
799 8.4756 -0.1047 car
800 8.4756 -0.1047 car
801 8.4756 -0.1047 car
802 8.4756 -0.1047 car
803 8.4756 -0.1047 car
804 8.4756 -0.1047 car
805 8.4756 -0.1047 car
806 8.4756 -0.1047 car
807 8.4756 -0.1047 car
808 8.4756 -0.1047 car
809 8.4756 -0.1047 car
810 8.4756 -0.1047 car
811 8.4756 -0.1047 car
812 8.4756 -0.1047 car
813 8.4756 -0.1047 car
814 8.4756 -0.1047 car
815 8.4756 -0.1047 car
816 8.4756 -0.1047 car
817 8.4756 -0.1047 car
818 8.4756 -0.1047 car
819 8.4756 -0.1047 car
820 8.4756 -0.1047 car
821 8.4756 -0.1047 car
822 8.4756 -0.1047 car
823 8.4756 -0.1047 car
824 8.4756 -0.1047 car
824 8.4756 -0.1047 car
825 8.2525 -0.1047 car
826 8.4756 -0.1047 car
827 8.4756 -0.1047 car
828 8.4756 -0.1047 car
829 8.4756 -0.1047 car
830 8.4756 -0.1047 car
831 8.4756 -0.1047 car
832 8.4756 -0.1047 car
833 8.4756 -0.1047 car
834 8.4756 -0.1047 car
835 8.4756 -0.1047 car
836 8.4756 -0.1047 car
837 8.4756 -0.1047 car
838 8.4756 -0.1047 car
839 8.4756 -0.1047 car
840 8.4756 -0.1047 car
841 8.4756 -0.1047 car
842 8.4756 -0.1047 car
843 8.4756 -0.1047 car
844 8.4756 -0.1047 car
845 8.6986 -0.1920 car
846 8.6986 -0.1920 car
847 8.6986 -0.1920 car
848 8.6986 -0.1920 car
849 8.6986 -0.1920 car
850 8.6986 -0.1920 car
851 8.6986 -0.1920 car
852 8.6986 -0.1920 car
853 8.6986 -0.1920 car
854 8.6986 -0.1920 car
855 8.6986 -0.1920 car
856 8.6986 -0.1920 car
857 8.6986 -0.1920 car
858 8.6986 -0.1920 car
859 8.6986 -0.1920 car
860 8.6986 -0.1920 car
861 8.6986 -0.1920 car
862 8.6986 -0.1920 car
863 8.6986 -0.1920 car
864 8.6986 -0.1920 car
865 8.9217 -0.2269 car
866 8.9217 -0.2269 car
867 8.9217 -0.2269 car
868 8.9217 -0.2269 car
869 8.9217 -0.2269 car
870 8.9217 -0.2269 car
871 8.9217 -0.2269 car
872 8.9217 -0.2269 car
873 8.9217 -0.2269 car
874 8.9217 -0.2269 car
875 8.9217 -0.2269 car
876 8.9217 -0.2269 car
877 8.9217 -0.2269 car
878 8.9217 -0.2269 car
879 8.9217 -0.2269 car
880 8.9217 -0.2269 car
881 9.3678 -0.2793 car
882 9.3678 -0.2793 car
883 9.3678 -0.2793 car
884 9.3678 -0.2793 car
885 9.3678 -0.2793 car
886 9.3678 -0.2793 car
887 9.3678 -0.2793 car
888 9.3678 -0.2793 car
889 9.3678 -0.2793 car
890 9.3678 -0.2793 car
891 9.3678 -0.2793 car
892 9.3678 -0.2793 car
893 9.3678 -0.2793 car
894 9.3678 -0.2793 car
895 9.3678 -0.2793 car
896 9.3678 -0.2793 car
