0 7.5834 -0.1920 pedestrian
1 7.5834 -0.1920 pedestrian
2 7.8065 -0.1920 pedestrian
3 7.8065 -0.1920 pedestrian
4 7.8065 -0.1920 pedestrian
5 7.8065 -0.1920 pedestrian
6 7.8065 -0.1920 pedestrian
7 7.8065 -0.1920 pedestrian
8 7.8065 -0.2094 pedestrian
9 7.8065 -0.2094 pedestrian
10 7.8065 -0.2269 pedestrian
11 7.5834 -0.2443 pedestrian
12 7.5834 -0.2443 pedestrian
13 7.8065 -0.2443 pedestrian
14 7.8065 -0.2443 pedestrian
15 7.8065 -0.2443 pedestrian
16 7.8065 -0.2443 pedestrian
17 7.8065 -0.2443 pedestrian
18 7.8065 -0.2443 pedestrian
19 7.8065 -0.2443 pedestrian
20 7.8065 -0.2443 pedestrian
21 7.8065 -0.2443 pedestrian
22 7.8065 -0.2443 pedestrian
23 7.8065 -0.2443 pedestrian
24 8.0295 -0.2618 pedestrian
25 8.0295 -0.2618 pedestrian
26 8.0295 -0.2618 pedestrian
27 8.0295 -0.2618 pedestrian
28 8.0295 -0.2967 pedestrian
29 8.0295 -0.2967 pedestrian
30 8.0295 -0.2967 pedestrian
31 8.2525 -0.2967 pedestrian
32 8.2525 -0.2967 pedestrian
33 8.2525 -0.2967 pedestrian
34 8.2525 -0.2967 pedestrian
35 6.4682 -0.7854 cyclist
35 8.2525 -0.2967 pedestrian
36 6.4682 -0.7854 cyclist
36 8.2525 -0.2967 pedestrian
37 6.4682 -0.7854 cyclist
37 8.2525 -0.2967 pedestrian
38 6.4682 -0.7854 cyclist
38 8.2525 -0.2967 pedestrian
39 6.4682 -0.7854 cyclist
39 8.2525 -0.2967 pedestrian
40 6.2452 -0.7679 cyclist
40 8.2525 -0.3142 pedestrian
41 6.2452 -0.7679 cyclist
41 8.2525 -0.3142 pedestrian
42 6.2452 -0.7679 cyclist
42 8.2525 -0.3142 pedestrian
43 6.2452 -0.7505 cyclist
43 8.4756 -0.3316 pedestrian
44 6.2452 -0.7505 cyclist
44 8.4756 -0.3316 pedestrian
45 6.2452 -0.7505 cyclist
45 8.4756 -0.3316 pedestrian
46 6.2452 -0.7505 cyclist
46 8.4756 -0.3316 pedestrian
47 6.2452 -0.7505 cyclist
47 8.4756 -0.3316 pedestrian
48 6.2452 -0.7505 cyclist
48 8.4756 -0.3316 pedestrian
49 6.0221 -0.7330 cyclist
49 8.4756 -0.3665 pedestrian
50 6.0221 -0.7330 cyclist
50 8.4756 -0.3665 pedestrian
51 6.0221 -0.7330 cyclist
51 8.4756 -0.3665 pedestrian
52 6.0221 -0.7330 cyclist
52 8.4756 -0.3665 pedestrian
53 6.0221 -0.7330 cyclist
53 8.4756 -0.3665 pedestrian
54 6.0221 -0.6807 cyclist
54 8.4756 -0.3665 pedestrian
55 6.0221 -0.6807 cyclist
55 8.4756 -0.3665 pedestrian
56 6.0221 -0.6807 cyclist
56 8.4756 -0.3665 pedestrian
57 5.7991 -0.6632 cyclist
57 8.4756 -0.3840 pedestrian
58 5.7991 -0.6632 cyclist
58 8.4756 -0.3840 pedestrian
59 5.7991 -0.6632 cyclist
59 8.4756 -0.3840 pedestrian
60 5.7991 -0.6632 cyclist
60 8.4756 -0.3840 pedestrian
61 5.7991 -0.6632 cyclist
61 8.6986 -0.3840 pedestrian
62 5.7991 -0.6632 cyclist
62 8.6986 -0.3840 pedestrian
63 5.7991 -0.6283 cyclist
63 8.6986 -0.3840 pedestrian
64 5.7991 -0.6283 cyclist
64 8.6986 -0.3840 pedestrian
65 5.7991 -0.6283 cyclist
65 8.6986 -0.4014 pedestrian
66 5.7991 -0.6283 cyclist
66 8.6986 -0.4014 pedestrian
67 5.5760 -0.5934 cyclist
67 8.9217 -0.4363 pedestrian
68 5.5760 -0.5934 cyclist
68 8.9217 -0.4363 pedestrian
69 5.5760 -0.5934 cyclist
69 8.9217 -0.4363 pedestrian
70 5.5760 -0.5934 cyclist
70 8.9217 -0.4363 pedestrian
71 5.5760 -0.5934 cyclist
71 8.9217 -0.4363 pedestrian
72 5.5760 -0.5585 cyclist
72 9.1447 -0.4538 pedestrian
73 5.5760 -0.5585 cyclist
73 9.1447 -0.4538 pedestrian
74 5.5760 -0.5236 cyclist
74 9.1447 -0.5236 pedestrian
75 5.5760 -0.5236 cyclist
75 9.1447 -0.5236 pedestrian
76 5.5760 -0.4712 cyclist
76 9.1447 -0.5236 pedestrian
77 5.5760 -0.4712 cyclist
77 9.1447 -0.5236 pedestrian
78 5.5760 -0.4712 cyclist
78 9.1447 -0.5236 pedestrian
79 5.5760 -0.4538 cyclist
79 9.1447 -0.5760 pedestrian
80 5.5760 -0.4014 cyclist
80 9.1447 -0.5760 pedestrian
81 5.5760 -0.4014 cyclist
81 9.1447 -0.5760 pedestrian
82 5.5760 -0.4014 cyclist
82 9.3678 -0.5760 pedestrian
83 5.5760 -0.4014 cyclist
83 9.3678 -0.5760 pedestrian
84 5.5760 -0.4014 cyclist
84 9.3678 -0.5760 pedestrian
85 5.5760 -0.4014 cyclist
85 9.3678 -0.5760 pedestrian
86 5.5760 -0.4014 cyclist
86 9.3678 -0.5760 pedestrian
87 5.5760 -0.4014 cyclist
87 9.3678 -0.5760 pedestrian
88 5.5760 -0.4014 cyclist
88 9.3678 -0.5760 pedestrian
89 5.5760 -0.4014 cyclist
89 9.3678 -0.5760 pedestrian
90 5.5760 -0.4014 cyclist
90 9.3678 -0.5760 pedestrian
91 5.5760 -0.4014 cyclist
91 9.3678 -0.5760 pedestrian
92 5.5760 -0.4014 cyclist
92 9.3678 -0.5760 pedestrian
93 5.5760 -0.4014 cyclist
93 9.3678 -0.5760 pedestrian
94 5.5760 -0.4014 cyclist
94 9.3678 -0.5760 pedestrian
95 5.5760 -0.4014 cyclist
95 9.3678 -0.5760 pedestrian
96 5.5760 -0.4014 cyclist
96 9.3678 -0.5760 pedestrian
97 5.5760 -0.4014 cyclist
97 9.3678 -0.5760 pedestrian
98 5.5760 -0.3316 cyclist
98 9.3678 -0.5760 pedestrian
99 5.5760 -0.3316 cyclist
99 9.3678 -0.5760 pedestrian
100 5.5760 -0.3316 cyclist
100 9.3678 -0.5760 pedestrian
101 5.5760 -0.2793 cyclist
101 9.3678 -0.5760 pedestrian
102 5.5760 -0.2793 cyclist
102 9.3678 -0.5760 pedestrian
103 5.5760 -0.2793 cyclist
103 9.3678 -0.5760 pedestrian
104 5.5760 -0.2793 cyclist
104 9.3678 -0.5760 pedestrian
105 5.5760 -0.2443 cyclist
105 9.3678 -0.5760 pedestrian
106 5.5760 -0.2443 cyclist
106 9.3678 -0.5760 pedestrian
107 5.5760 -0.2443 cyclist
107 9.5908 -0.5760 pedestrian
108 5.5760 -0.2443 cyclist
108 9.5908 -0.5760 pedestrian
109 5.5760 -0.2443 cyclist
109 9.5908 -0.5760 pedestrian
110 5.5760 -0.2443 cyclist
110 9.5908 -0.5760 pedestrian
111 5.5760 -0.2443 cyclist
111 9.5908 -0.5760 pedestrian
112 5.5760 -0.1920 cyclist
112 9.5908 -0.5760 pedestrian
113 5.5760 -0.1920 cyclist
113 9.5908 -0.5760 pedestrian
114 5.5760 -0.1920 cyclist
114 9.5908 -0.5760 pedestrian
115 5.5760 -0.1920 cyclist
115 9.5908 -0.5760 pedestrian
116 5.5760 -0.1920 cyclist
116 9.5908 -0.5760 pedestrian
117 5.5760 -0.1920 cyclist
117 9.5908 -0.5760 pedestrian
118 5.7991 -0.1745 cyclist
118 9.3678 -0.6109 pedestrian
119 5.7991 -0.1745 cyclist
119 9.3678 -0.6109 pedestrian
120 5.7991 -0.1396 cyclist
120 9.5908 -0.6283 pedestrian
121 5.7991 -0.1396 cyclist
121 9.5908 -0.6283 pedestrian
122 5.7991 -0.1396 cyclist
122 9.5908 -0.6283 pedestrian
123 5.7991 -0.1396 cyclist
123 9.5908 -0.6283 pedestrian
124 5.7991 -0.1396 cyclist
124 9.5908 -0.6283 pedestrian
125 6.0221 -0.1222 cyclist
125 9.5908 -0.6632 pedestrian
126 6.0221 -0.1222 cyclist
126 9.5908 -0.6632 pedestrian
127 6.0221 -0.0698 cyclist
127 9.5908 -0.6632 pedestrian
128 6.0221 -0.0698 cyclist
128 9.5908 -0.6632 pedestrian
129 6.0221 -0.0698 cyclist
129 9.5908 -0.6632 pedestrian
130 6.0221 -0.0698 cyclist
130 9.5908 -0.6632 pedestrian
131 6.0221 -0.0698 cyclist
131 9.5908 -0.6632 pedestrian
132 6.2452 -0.0524 cyclist
132 9.5908 -0.6981 pedestrian
133 6.2452 -0.0524 cyclist
133 9.5908 -0.6981 pedestrian
134 6.2452 -0.0524 cyclist
134 9.5908 -0.6981 pedestrian
135 6.2452 -0.0524 cyclist
135 9.5908 -0.6981 pedestrian
136 6.2452 -0.0349 cyclist
136 9.5908 -0.6981 pedestrian
137 6.2452 -0.0349 cyclist
137 9.5908 -0.6981 pedestrian
138 6.2452 -0.0349 cyclist
138 9.5908 -0.6981 pedestrian
139 6.2452 -0.0349 cyclist
139 9.8138 -0.7156 pedestrian
140 6.2452 -0.0349 cyclist
140 9.8138 -0.7156 pedestrian
141 6.4682 -0.0175 cyclist
141 9.5908 -0.7330 pedestrian
142 6.4682 -0.0175 cyclist
142 9.5908 -0.7330 pedestrian
143 6.4682 -0.0175 cyclist
143 9.5908 -0.7330 pedestrian
144 6.4682 -0.0175 cyclist
144 9.5908 -0.7330 pedestrian
145 6.4682 -0.0175 cyclist
145 9.5908 -0.7330 pedestrian
146 6.4682 -0.0175 cyclist
146 9.5908 -0.7330 pedestrian
147 6.6913 0.0175 cyclist
147 9.5908 -0.7330 pedestrian
148 6.6913 0.0175 cyclist
148 9.5908 -0.7330 pedestrian
149 6.6913 0.0175 cyclist
149 9.5908 -0.7330 pedestrian
150 6.6913 0.0175 cyclist
150 9.5908 -0.7330 pedestrian
151 6.6913 0.0175 cyclist
151 9.5908 -0.7330 pedestrian
152 6.6913 0.0175 cyclist
152 9.5908 -0.7679 pedestrian
153 6.6913 0.0175 cyclist
153 9.5908 -0.7679 pedestrian
154 6.6913 0.0175 cyclist
154 9.5908 -0.7679 pedestrian
155 6.6913 0.0175 cyclist
155 9.5908 -0.7679 pedestrian
156 6.6913 0.0175 cyclist
156 9.5908 -0.7679 pedestrian
157 6.9143 0.0349 cyclist
157 9.5908 -0.7679 pedestrian
158 6.9143 0.0349 cyclist
158 9.5908 -0.7679 pedestrian
159 6.9143 0.0349 cyclist
159 9.5908 -0.7679 pedestrian
160 6.9143 0.0349 cyclist
160 9.5908 -0.7679 pedestrian
161 7.1373 0.0524 cyclist
161 9.3678 -0.7679 pedestrian
162 7.1373 0.0524 cyclist
162 9.3678 -0.7679 pedestrian
163 7.1373 0.0524 cyclist
163 9.3678 -0.7679 pedestrian
164 7.1373 0.0524 cyclist
164 9.3678 -0.7854 pedestrian
165 7.1373 0.0524 cyclist
165 9.3678 -0.7854 pedestrian
166 7.3604 0.0349 cyclist
166 9.3678 -0.7854 pedestrian
167 7.3604 0.0349 cyclist
167 9.3678 -0.7854 pedestrian
168 7.3604 0.0349 cyclist
168 9.3678 -0.7854 pedestrian
169 7.3604 0.0349 cyclist
169 9.3678 -0.7854 pedestrian
170 7.5834 0.0524 cyclist
170 9.3678 -0.8203 pedestrian
171 7.5834 0.0524 cyclist
171 9.3678 -0.8203 pedestrian
172 7.5834 0.0524 cyclist
172 9.3678 -0.8203 pedestrian
173 7.5834 0.0524 cyclist
173 9.3678 -0.8203 pedestrian
174 7.5834 0.0524 cyclist
174 9.3678 -0.8203 pedestrian
175 7.5834 0.0524 cyclist
175 9.3678 -0.8203 pedestrian
176 7.5834 0.0524 cyclist
176 9.3678 -0.8203 pedestrian
177 7.5834 0.0524 cyclist
177 9.3678 -0.8203 pedestrian
178 7.5834 0.0524 cyclist
178 9.3678 -0.8203 pedestrian
179 7.8065 0.0524 cyclist
179 9.1447 -0.8378 pedestrian
180 7.8065 0.0524 cyclist
180 9.1447 -0.8378 pedestrian
181 8.0295 0.0524 cyclist
181 9.1447 -0.8378 pedestrian
182 8.0295 0.0524 cyclist
182 9.1447 -0.8378 pedestrian
183 8.0295 0.0524 cyclist
183 9.1447 -0.8378 pedestrian
184 8.0295 0.0524 cyclist
184 9.1447 -0.8378 pedestrian
185 8.0295 0.0524 cyclist
185 9.1447 -0.8378 pedestrian
186 8.0295 0.0524 cyclist
186 9.1447 -0.8378 pedestrian
187 8.0295 0.0524 cyclist
187 9.1447 -0.8378 pedestrian
188 8.0295 0.0524 cyclist
188 9.1447 -0.8378 pedestrian
189 8.2525 0.0349 cyclist
189 9.1447 -0.8378 pedestrian
190 8.2525 0.0349 cyclist
190 8.9217 -0.8378 pedestrian
191 8.2525 0.0349 cyclist
191 8.9217 -0.8378 pedestrian
192 8.2525 0.0349 cyclist
192 8.9217 -0.8378 pedestrian
193 8.2525 0.0349 cyclist
193 8.9217 -0.8378 pedestrian
194 8.6986 0.0175 cyclist
194 8.9217 -0.8378 pedestrian
195 8.6986 0.0175 cyclist
195 8.9217 -0.8378 pedestrian
196 8.6986 0.0175 cyclist
196 8.9217 -0.8378 pedestrian
197 8.6986 0.0175 cyclist
197 8.9217 -0.8378 pedestrian
198 8.6986 0.0175 cyclist
198 8.9217 -0.8378 pedestrian
199 8.6986 0.0175 cyclist
199 8.4756 -0.8552 pedestrian
200 8.6986 0.0175 cyclist
200 8.4756 -0.8552 pedestrian
201 8.6986 0.0175 cyclist
201 8.4756 -0.8552 pedestrian
202 8.6986 0.0175 cyclist
202 8.4756 -0.8552 pedestrian
203 9.1447 -0.0175 cyclist
203 8.4756 -0.8552 pedestrian
204 9.1447 -0.0175 cyclist
204 8.4756 -0.8552 pedestrian
205 9.1447 -0.0175 cyclist
205 8.4756 -0.8552 pedestrian
206 9.1447 -0.0175 cyclist
206 8.4756 -0.8552 pedestrian
207 9.1447 -0.0175 cyclist
207 8.4756 -0.8552 pedestrian
208 9.1447 -0.0175 cyclist
208 8.4756 -0.8552 pedestrian
209 9.1447 -0.0175 cyclist
209 8.4756 -0.8552 pedestrian
210 9.1447 -0.0175 cyclist
210 8.4756 -0.8552 pedestrian
211 9.1447 -0.0175 cyclist
211 8.4756 -0.8552 pedestrian
212 9.1447 -0.0175 cyclist
212 8.4756 -0.8552 pedestrian
213 9.1447 -0.0524 cyclist
213 8.2525 -0.8552 pedestrian
214 9.1447 -0.0524 cyclist
214 8.2525 -0.8552 pedestrian
215 9.1447 -0.0524 cyclist
215 8.2525 -0.8552 pedestrian
216 9.1447 -0.0524 cyclist
216 8.2525 -0.8552 pedestrian
217 9.1447 -0.0524 cyclist
217 8.0295 -0.8552 pedestrian
218 9.1447 -0.0524 cyclist
218 8.0295 -0.8552 pedestrian
219 9.1447 -0.0524 cyclist
219 8.0295 -0.8552 pedestrian
220 9.3678 -0.0873 cyclist
220 8.0295 -0.8552 pedestrian
221 9.3678 -0.0873 cyclist
221 8.0295 -0.8552 pedestrian
222 9.3678 -0.0873 cyclist
222 8.0295 -0.8552 pedestrian
223 9.3678 -0.0873 cyclist
223 8.0295 -0.8552 pedestrian
224 9.3678 -0.0873 cyclist
224 7.8065 -0.8552 pedestrian
225 9.3678 -0.0873 cyclist
225 7.8065 -0.8552 pedestrian
226 9.3678 -0.0873 cyclist
226 7.8065 -0.8552 pedestrian
227 9.3678 -0.0873 cyclist
227 7.8065 -0.8552 pedestrian
228 9.3678 -0.0873 cyclist
228 7.8065 -0.8552 pedestrian
229 9.3678 -0.0873 cyclist
229 7.8065 -0.8552 pedestrian
230 9.3678 -0.1047 cyclist
230 7.8065 -0.8552 pedestrian
231 9.3678 -0.1047 cyclist
231 7.8065 -0.8552 pedestrian
232 9.3678 -0.1047 cyclist
232 7.5834 -0.8378 pedestrian
233 9.3678 -0.1047 cyclist
233 7.5834 -0.8378 pedestrian
234 9.3678 -0.1047 cyclist
234 7.5834 -0.8378 pedestrian
235 9.3678 -0.1396 cyclist
235 7.5834 -0.8378 pedestrian
236 9.3678 -0.1396 cyclist
236 7.5834 -0.8378 pedestrian
237 9.3678 -0.1396 cyclist
237 7.3604 -0.8029 pedestrian
238 9.3678 -0.1396 cyclist
238 7.3604 -0.8029 pedestrian
239 9.3678 -0.1396 cyclist
239 7.3604 -0.8029 pedestrian
240 9.3678 -0.1396 cyclist
240 7.3604 -0.8029 pedestrian
241 9.3678 -0.1396 cyclist
241 7.3604 -0.8029 pedestrian
242 9.3678 -0.1396 cyclist
242 7.3604 -0.8029 pedestrian
243 9.3678 -0.1396 cyclist
243 7.3604 -0.8029 pedestrian
244 9.3678 -0.1396 cyclist
244 7.3604 -0.8029 pedestrian
245 9.3678 -0.1396 cyclist
245 7.3604 -0.8029 pedestrian
246 9.3678 -0.1396 cyclist
246 7.3604 -0.8029 pedestrian
247 9.3678 -0.1396 cyclist
247 7.3604 -0.8029 pedestrian
248 9.3678 -0.1745 cyclist
248 7.1373 -0.7854 pedestrian
249 9.3678 -0.1745 cyclist
249 7.1373 -0.7854 pedestrian
250 9.3678 -0.1745 cyclist
250 7.1373 -0.7854 pedestrian
251 9.3678 -0.1745 cyclist
251 7.1373 -0.7854 pedestrian
252 9.3678 -0.1745 cyclist
252 7.1373 -0.7854 pedestrian
253 9.3678 -0.1745 cyclist
253 7.1373 -0.7854 pedestrian
254 9.3678 -0.1745 cyclist
254 7.1373 -0.7854 pedestrian
255 9.3678 -0.1920 cyclist
255 6.9143 -0.7505 pedestrian
256 9.3678 -0.1920 cyclist
256 6.9143 -0.7505 pedestrian
257 9.3678 -0.1920 cyclist
257 6.9143 -0.7505 pedestrian
258 9.3678 -0.1920 cyclist
258 6.9143 -0.7505 pedestrian
259 9.3678 -0.1920 cyclist
259 6.6913 -0.7505 pedestrian
260 9.3678 -0.1920 cyclist
260 6.6913 -0.7505 pedestrian
261 9.3678 -0.1920 cyclist
261 6.6913 -0.7505 pedestrian
262 9.3678 -0.2269 cyclist
262 6.6913 -0.7505 pedestrian
263 9.3678 -0.2269 cyclist
263 6.6913 -0.7505 pedestrian
264 9.3678 -0.2269 cyclist
264 6.6913 -0.7505 pedestrian
265 9.1447 -0.2618 cyclist
265 6.6913 -0.7505 pedestrian
266 9.1447 -0.2618 cyclist
266 6.6913 -0.7505 pedestrian
267 9.1447 -0.2618 cyclist
267 6.6913 -0.7505 pedestrian
268 9.1447 -0.2618 cyclist
268 6.6913 -0.7505 pedestrian
269 9.1447 -0.2618 cyclist
269 6.6913 -0.7505 pedestrian
270 9.1447 -0.2618 cyclist
270 6.6913 -0.7505 pedestrian
271 9.1447 -0.2618 cyclist
271 6.6913 -0.7505 pedestrian
272 9.1447 -0.2618 cyclist
272 6.6913 -0.7505 pedestrian
273 9.1447 -0.2618 cyclist
273 6.4682 -0.6981 pedestrian
274 9.1447 -0.2618 cyclist
274 6.4682 -0.6981 pedestrian
275 9.1447 -0.2793 cyclist
275 6.4682 -0.6807 pedestrian
276 9.1447 -0.2793 cyclist
276 6.4682 -0.6807 pedestrian
277 9.1447 -0.2793 cyclist
277 6.4682 -0.6807 pedestrian
278 9.1447 -0.2793 cyclist
278 6.4682 -0.6807 pedestrian
279 8.9217 -0.2967 cyclist
279 6.4682 -0.6458 pedestrian
280 8.9217 -0.2967 cyclist
280 6.4682 -0.6458 pedestrian
281 9.1447 -0.3491 cyclist
281 6.2452 -0.6458 pedestrian
282 9.1447 -0.3491 cyclist
282 6.2452 -0.6458 pedestrian
283 9.1447 -0.3491 cyclist
283 6.2452 -0.6458 pedestrian
284 8.9217 -0.3316 cyclist
284 6.2452 -0.6458 pedestrian
285 8.9217 -0.3316 cyclist
285 6.2452 -0.6283 pedestrian
286 8.9217 -0.3316 cyclist
286 6.2452 -0.6283 pedestrian
287 8.9217 -0.3316 cyclist
287 6.2452 -0.6283 pedestrian
288 8.9217 -0.3665 cyclist
288 6.2452 -0.6283 pedestrian
289 8.9217 -0.3665 cyclist
289 6.2452 -0.6283 pedestrian
290 8.9217 -0.3665 cyclist
290 6.2452 -0.6283 pedestrian
291 8.9217 -0.3665 cyclist
291 6.2452 -0.5760 pedestrian
292 8.9217 -0.3665 cyclist
292 6.2452 -0.5760 pedestrian
293 8.9217 -0.3665 cyclist
293 6.2452 -0.5760 pedestrian
294 8.6986 -0.3840 cyclist
294 6.0221 -0.5585 pedestrian
295 8.9217 -0.3840 cyclist
295 6.0221 -0.5585 pedestrian
296 8.9217 -0.3840 cyclist
296 6.0221 -0.5585 pedestrian
297 8.9217 -0.3840 cyclist
297 6.0221 -0.5236 pedestrian
298 8.9217 -0.3840 cyclist
298 6.0221 -0.5236 pedestrian
299 8.9217 -0.3840 cyclist
299 6.0221 -0.5236 pedestrian
300 8.9217 -0.3840 cyclist
300 6.0221 -0.5236 pedestrian
301 8.9217 -0.3840 cyclist
301 6.0221 -0.5236 pedestrian
302 8.9217 -0.3840 cyclist
302 6.0221 -0.5236 pedestrian
303 8.9217 -0.3840 cyclist
303 6.0221 -0.4887 pedestrian
304 8.9217 -0.3840 cyclist
304 6.0221 -0.4887 pedestrian
305 8.9217 -0.3840 cyclist
305 6.0221 -0.4887 pedestrian
306 8.9217 -0.3840 cyclist
306 6.0221 -0.4712 pedestrian
307 8.9217 -0.3840 cyclist
307 6.0221 -0.4712 pedestrian
308 8.9217 -0.3840 cyclist
308 6.0221 -0.4712 pedestrian
309 8.9217 -0.3840 cyclist
309 6.0221 -0.4538 pedestrian
310 8.9217 -0.3840 cyclist
310 6.0221 -0.4538 pedestrian
311 8.9217 -0.3840 cyclist
311 6.0221 -0.4538 pedestrian
312 8.9217 -0.4014 cyclist
312 6.0221 -0.4363 pedestrian
313 8.9217 -0.4014 cyclist
313 6.0221 -0.4363 pedestrian
314 8.9217 -0.4014 cyclist
314 6.0221 -0.4363 pedestrian
315 8.9217 -0.4014 cyclist
315 6.0221 -0.4363 pedestrian
316 8.9217 -0.4189 cyclist
316 6.0221 -0.4189 pedestrian
317 8.9217 -0.4189 cyclist
317 6.0221 -0.4189 pedestrian
318 8.9217 -0.4712 cyclist
318 6.2452 -0.4014 pedestrian
319 8.9217 -0.4712 cyclist
319 6.2452 -0.4014 pedestrian
320 8.9217 -0.4712 cyclist
320 6.2452 -0.4014 pedestrian
321 8.9217 -0.4712 cyclist
321 6.2452 -0.4014 pedestrian
322 8.9217 -0.4712 cyclist
322 6.2452 -0.4014 pedestrian
323 8.9217 -0.5061 cyclist
323 6.2452 -0.3840 pedestrian
324 8.9217 -0.5061 cyclist
324 6.2452 -0.3840 pedestrian
325 8.9217 -0.5061 cyclist
325 6.2452 -0.3840 pedestrian
326 8.9217 -0.5061 cyclist
326 6.2452 -0.3840 pedestrian
327 9.1447 -0.5585 cyclist
327 6.2452 -0.3491 pedestrian
328 9.1447 -0.5585 cyclist
328 6.2452 -0.3491 pedestrian
329 9.1447 -0.5585 cyclist
329 6.2452 -0.3491 pedestrian
330 9.1447 -0.5585 cyclist
330 6.2452 -0.3491 pedestrian
331 9.1447 -0.5585 cyclist
331 6.2452 -0.3491 pedestrian
332 9.1447 -0.5585 cyclist
332 6.4682 -0.3142 pedestrian
333 9.1447 -0.5585 cyclist
333 6.4682 -0.3142 pedestrian
334 9.1447 -0.5585 cyclist
334 6.4682 -0.3142 pedestrian
335 9.1447 -0.5585 cyclist
335 6.2452 -0.2793 pedestrian
336 9.1447 -0.5585 cyclist
336 6.2452 -0.2793 pedestrian
337 9.1447 -0.5585 cyclist
337 6.2452 -0.2793 pedestrian
338 9.1447 -0.5585 cyclist
338 6.2452 -0.2793 pedestrian
339 9.1447 -0.5585 cyclist
339 6.2452 -0.2793 pedestrian
340 9.1447 -0.5585 cyclist
340 6.2452 -0.2793 pedestrian
341 9.1447 -0.5585 cyclist
341 6.2452 -0.2793 pedestrian
342 9.1447 -0.5585 cyclist
342 6.2452 -0.2793 pedestrian
343 9.1447 -0.5585 cyclist
343 6.4682 -0.2618 pedestrian
344 9.1447 -0.5585 cyclist
344 6.4682 -0.2618 pedestrian
345 9.1447 -0.5585 cyclist
345 6.4682 -0.2618 pedestrian
346 9.1447 -0.5585 cyclist
346 6.4682 -0.2618 pedestrian
347 9.1447 -0.5585 cyclist
347 6.4682 -0.2618 pedestrian
348 9.1447 -0.5585 cyclist
348 6.4682 -0.2618 pedestrian
349 9.1447 -0.5760 cyclist
349 6.4682 -0.2269 pedestrian
350 9.1447 -0.5760 cyclist
350 6.4682 -0.2269 pedestrian
351 9.1447 -0.6458 cyclist
351 6.4682 -0.2094 pedestrian
352 9.1447 -0.6458 cyclist
352 6.4682 -0.2094 pedestrian
353 9.1447 -0.6458 cyclist
353 6.4682 -0.2094 pedestrian
354 9.1447 -0.6458 cyclist
354 6.6913 -0.1920 pedestrian
355 9.1447 -0.6458 cyclist
355 6.6913 -0.1920 pedestrian
356 9.1447 -0.6458 cyclist
356 6.6913 -0.1920 pedestrian
357 9.1447 -0.6458 cyclist
357 6.6913 -0.1920 pedestrian
358 9.1447 -0.6458 cyclist
358 6.6913 -0.1920 pedestrian
359 9.1447 -0.6458 cyclist
359 6.6913 -0.1920 pedestrian
360 9.1447 -0.6458 cyclist
360 6.6913 -0.1920 pedestrian
361 9.1447 -0.6458 cyclist
361 6.6913 -0.1920 pedestrian
362 9.1447 -0.6458 cyclist
362 6.9143 -0.1745 pedestrian
363 9.1447 -0.6458 cyclist
363 6.9143 -0.1745 pedestrian
364 9.1447 -0.6807 cyclist
364 6.9143 -0.1571 pedestrian
365 9.1447 -0.6807 cyclist
365 6.9143 -0.1571 pedestrian
366 9.1447 -0.6807 cyclist
366 6.9143 -0.1571 pedestrian
367 9.1447 -0.6807 cyclist
367 6.9143 -0.1571 pedestrian
368 9.1447 -0.6807 cyclist
368 6.9143 -0.1571 pedestrian
369 9.1447 -0.6981 cyclist
369 6.9143 -0.1222 pedestrian
370 9.1447 -0.6981 cyclist
370 6.9143 -0.1222 pedestrian
371 9.1447 -0.6981 cyclist
371 6.9143 -0.1222 pedestrian
372 9.1447 -0.7330 cyclist
372 6.9143 -0.0873 pedestrian
373 9.1447 -0.7330 cyclist
373 6.9143 -0.0873 pedestrian
374 9.1447 -0.7330 cyclist
374 6.9143 -0.0873 pedestrian
375 9.1447 -0.7330 cyclist
375 6.9143 -0.0873 pedestrian
376 9.1447 -0.7330 cyclist
376 6.9143 -0.0873 pedestrian
377 9.1447 -0.7330 cyclist
377 6.9143 -0.0873 pedestrian
378 8.9217 -0.7505 cyclist
378 7.1373 -0.0698 pedestrian
379 8.9217 -0.7505 cyclist
379 7.1373 -0.0698 pedestrian
380 8.9217 -0.7505 cyclist
380 7.1373 -0.0698 pedestrian
381 8.9217 -0.7505 cyclist
381 7.1373 -0.0698 pedestrian
382 8.9217 -0.7505 cyclist
382 7.1373 -0.0698 pedestrian
383 8.9217 -0.7505 cyclist
383 7.1373 -0.0698 pedestrian
384 8.9217 -0.7505 cyclist
384 7.1373 -0.0698 pedestrian
385 8.9217 -0.7505 cyclist
385 7.1373 -0.0698 pedestrian
386 8.9217 -0.7505 cyclist
386 7.1373 -0.0349 pedestrian
387 8.9217 -0.7505 cyclist
387 7.1373 -0.0349 pedestrian
388 8.9217 -0.7505 cyclist
388 7.1373 -0.0349 pedestrian
389 8.9217 -0.7505 cyclist
389 7.1373 -0.0349 pedestrian
390 8.9217 -0.7505 cyclist
390 7.1373 -0.0349 pedestrian
391 8.9217 -0.7505 cyclist
391 7.1373 -0.0349 pedestrian
392 8.6986 -0.7854 cyclist
392 7.1373 -0.0175 pedestrian
393 8.6986 -0.7854 cyclist
393 7.1373 -0.0175 pedestrian
394 8.6986 -0.7854 cyclist
394 7.1373 -0.0175 pedestrian
395 8.6986 -0.7854 cyclist
395 7.1373 -0.0175 pedestrian
396 8.6986 -0.8203 cyclist
396 7.1373 -0.0175 pedestrian
397 8.6986 -0.8203 cyclist
397 7.3604 0.0000 pedestrian
398 8.6986 -0.8203 cyclist
398 7.3604 0.0000 pedestrian
399 8.6986 -0.8203 cyclist
399 7.3604 0.0000 pedestrian
400 8.6986 -0.8203 cyclist
400 7.3604 0.0000 pedestrian
401 8.6986 -0.8203 cyclist
401 7.3604 0.0000 pedestrian
402 8.6986 -0.8203 cyclist
402 7.3604 0.0000 pedestrian
403 8.4756 -0.8552 cyclist
403 7.3604 0.0000 pedestrian
404 8.4756 -0.8552 cyclist
404 7.3604 0.0000 pedestrian
405 8.4756 -0.8552 cyclist
405 7.3604 0.0349 pedestrian
406 8.4756 -0.8552 cyclist
406 7.3604 0.0349 pedestrian
407 8.4756 -0.8552 cyclist
407 7.3604 0.0349 pedestrian
408 8.4756 -0.8552 cyclist
408 7.3604 0.0698 pedestrian
409 8.4756 -0.8552 cyclist
409 7.3604 0.0698 pedestrian
410 8.4756 -0.8552 cyclist
410 7.3604 0.0698 pedestrian
411 8.4756 -0.8552 cyclist
411 7.3604 0.0698 pedestrian
412 8.4756 -0.8552 cyclist
412 7.3604 0.0698 pedestrian
413 8.4756 -0.8552 cyclist
413 7.3604 0.0698 pedestrian
414 8.4756 -0.8552 cyclist
414 7.3604 0.0873 pedestrian
415 8.2525 -0.8727 cyclist
415 7.3604 0.0873 pedestrian
416 8.2525 -0.8727 cyclist
416 7.3604 0.0873 pedestrian
417 8.2525 -0.8727 cyclist
417 7.3604 0.0873 pedestrian
418 8.2525 -0.8727 cyclist
418 7.3604 0.0873 pedestrian
419 8.2525 -0.8727 cyclist
419 7.3604 0.0873 pedestrian
420 8.0295 -0.9076 cyclist
420 7.3604 0.1222 pedestrian
421 8.0295 -0.9076 cyclist
421 7.3604 0.1222 pedestrian
422 8.0295 -0.9076 cyclist
422 7.3604 0.1222 pedestrian
423 8.0295 -0.9076 cyclist
423 7.3604 0.1222 pedestrian
424 8.0295 -0.9076 cyclist
424 7.3604 0.1222 pedestrian
425 7.8065 -0.9250 cyclist
425 7.3604 0.1571 pedestrian
426 7.8065 -0.9250 cyclist
426 7.3604 0.1571 pedestrian
427 7.8065 -0.9250 cyclist
427 7.3604 0.1571 pedestrian
428 7.8065 -0.9250 cyclist
428 7.3604 0.1571 pedestrian
429 7.8065 -0.9250 cyclist
429 7.3604 0.1571 pedestrian
430 7.8065 -0.9250 cyclist
430 7.3604 0.1571 pedestrian
431 7.8065 -0.9250 cyclist
431 7.3604 0.1571 pedestrian
432 7.5834 -0.9250 cyclist
432 7.5834 0.1745 pedestrian
433 7.5834 -0.9250 cyclist
433 7.5834 0.1745 pedestrian
434 7.5834 -0.9250 cyclist
434 7.5834 0.1745 pedestrian
435 7.5834 -0.9250 cyclist
435 7.5834 0.1745 pedestrian
436 7.5834 -0.9250 cyclist
436 7.5834 0.1920 pedestrian
437 7.5834 -0.9250 cyclist
437 7.5834 0.1920 pedestrian
438 7.5834 -0.9250 cyclist
438 7.5834 0.1920 pedestrian
439 7.5834 -0.9250 cyclist
439 7.5834 0.1920 pedestrian
440 7.5834 -0.9250 cyclist
440 7.5834 0.1920 pedestrian
441 7.5834 -0.9250 cyclist
441 7.5834 0.2269 pedestrian
442 7.5834 -0.9250 cyclist
442 7.5834 0.2269 pedestrian
443 7.5834 -0.9250 cyclist
443 7.5834 0.2269 pedestrian
444 7.5834 -0.9250 cyclist
444 7.5834 0.2269 pedestrian
445 7.5834 -0.9250 cyclist
445 7.5834 0.2269 pedestrian
446 7.3604 -0.9250 cyclist
446 7.5834 0.2443 pedestrian
447 7.3604 -0.9250 cyclist
447 7.5834 0.2443 pedestrian
448 7.3604 -0.9250 cyclist
448 7.8065 0.2618 pedestrian
449 7.3604 -0.9250 cyclist
449 7.8065 0.2618 pedestrian
450 7.3604 -0.9250 cyclist
450 7.8065 0.2618 pedestrian
451 7.3604 -0.9250 cyclist
451 7.8065 0.2618 pedestrian
452 7.3604 -0.9250 cyclist
452 7.8065 0.2618 pedestrian
453 7.3604 -0.9250 cyclist
453 7.8065 0.2618 pedestrian
454 7.3604 -0.9250 cyclist
454 7.8065 0.2618 pedestrian
455 7.3604 -0.9250 cyclist
455 7.8065 0.2618 pedestrian
456 6.9143 -0.9250 cyclist
456 8.0295 0.2618 pedestrian
457 6.9143 -0.9250 cyclist
457 8.0295 0.2618 pedestrian
458 6.9143 -0.9250 cyclist
458 8.0295 0.2618 pedestrian
459 6.9143 -0.9250 cyclist
459 8.0295 0.2618 pedestrian
460 6.9143 -0.9250 cyclist
460 8.0295 0.2618 pedestrian
461 6.4682 -0.9250 cyclist
461 8.0295 0.2618 pedestrian
462 6.4682 -0.9250 cyclist
462 8.2525 0.2793 pedestrian
463 6.4682 -0.9250 cyclist
463 8.2525 0.2793 pedestrian
464 6.4682 -0.9250 cyclist
464 8.2525 0.2793 pedestrian
465 6.4682 -0.9250 cyclist
465 8.2525 0.2793 pedestrian
466 6.4682 -0.9250 cyclist
466 8.2525 0.2793 pedestrian
467 6.4682 -0.9250 cyclist
467 8.2525 0.2793 pedestrian
468 6.4682 -0.9250 cyclist
468 8.2525 0.2793 pedestrian
469 6.2452 -0.9250 cyclist
469 8.4756 0.2967 pedestrian
470 6.2452 -0.9250 cyclist
470 8.4756 0.2967 pedestrian
471 6.2452 -0.9250 cyclist
471 8.4756 0.2967 pedestrian
472 6.2452 -0.9250 cyclist
472 8.4756 0.2967 pedestrian
473 6.0221 -0.9250 cyclist
473 8.4756 0.2793 pedestrian
474 6.0221 -0.9250 cyclist
474 8.4756 0.2793 pedestrian
475 6.0221 -0.9250 cyclist
475 8.4756 0.2793 pedestrian
476 6.0221 -0.9250 cyclist
476 8.4756 0.2793 pedestrian
477 6.0221 -0.9250 cyclist
477 8.4756 0.2793 pedestrian
478 5.7991 -0.8901 cyclist
478 8.6986 0.2793 pedestrian
479 5.7991 -0.8901 cyclist
479 8.6986 0.2793 pedestrian
480 5.7991 -0.8901 cyclist
480 8.6986 0.2793 pedestrian
481 5.7991 -0.8901 cyclist
481 8.6986 0.2793 pedestrian
482 5.7991 -0.8901 cyclist
482 8.6986 0.2793 pedestrian
483 5.7991 -0.8901 cyclist
483 8.6986 0.2793 pedestrian
484 5.5760 -0.8552 cyclist
484 8.9217 0.2618 pedestrian
485 5.5760 -0.8552 cyclist
485 8.9217 0.2618 pedestrian
486 5.5760 -0.8552 cyclist
486 8.9217 0.2618 pedestrian
487 5.5760 -0.8552 cyclist
487 8.9217 0.2618 pedestrian
488 5.5760 -0.8552 cyclist
488 8.9217 0.2618 pedestrian
489 5.5760 -0.8552 cyclist
489 8.9217 0.2618 pedestrian
490 5.5760 -0.8552 cyclist
490 8.9217 0.2618 pedestrian
491 5.3530 -0.8203 cyclist
491 9.1447 0.2443 pedestrian
492 5.3530 -0.8203 cyclist
492 9.1447 0.2443 pedestrian
493 5.3530 -0.8203 cyclist
493 9.1447 0.2443 pedestrian
494 5.3530 -0.8203 cyclist
494 9.1447 0.2443 pedestrian
495 5.3530 -0.8203 cyclist
495 9.1447 0.2443 pedestrian
496 5.3530 -0.8203 cyclist
496 9.1447 0.2443 pedestrian
497 5.3530 -0.8203 cyclist
497 9.1447 0.2443 pedestrian
498 5.5760 -0.7854 cyclist
498 9.1447 0.2443 pedestrian
499 5.5760 -0.7854 cyclist
499 9.1447 0.2443 pedestrian
500 5.5760 -0.7854 cyclist
500 9.3678 0.2094 pedestrian
501 5.5760 -0.7854 cyclist
501 9.3678 0.2094 pedestrian
502 5.5760 -0.7854 cyclist
502 9.3678 0.2094 pedestrian
503 5.3530 -0.7330 cyclist
503 9.3678 0.2094 pedestrian
504 5.3530 -0.7330 cyclist
504 9.3678 0.2094 pedestrian
505 5.3530 -0.7330 cyclist
505 9.3678 0.2094 pedestrian
506 5.3530 -0.7330 cyclist
506 9.3678 0.2094 pedestrian
507 5.3530 -0.7330 cyclist
507 9.3678 0.2094 pedestrian
508 5.5760 -0.7156 cyclist
508 9.3678 0.2094 pedestrian
509 5.5760 -0.7156 cyclist
509 9.3678 0.2094 pedestrian
510 5.5760 -0.7156 cyclist
510 9.3678 0.2094 pedestrian
511 5.3530 -0.6458 cyclist
511 9.3678 0.1920 pedestrian
512 5.3530 -0.6458 cyclist
512 9.3678 0.1920 pedestrian
513 5.3530 -0.6458 cyclist
513 9.3678 0.1920 pedestrian
514 5.3530 -0.6458 cyclist
514 9.3678 0.1920 pedestrian
515 5.3530 -0.6458 cyclist
515 9.5908 0.1745 pedestrian
516 5.3530 -0.6458 cyclist
516 9.5908 0.1745 pedestrian
517 5.3530 -0.6458 cyclist
517 9.5908 0.1745 pedestrian
518 5.3530 -0.6458 cyclist
518 9.5908 0.1745 pedestrian
519 5.3530 -0.6458 cyclist
519 9.5908 0.1745 pedestrian
520 5.3530 -0.6458 cyclist
520 9.5908 0.1745 pedestrian
521 5.3530 -0.6458 cyclist
521 9.5908 0.1745 pedestrian
522 5.3530 -0.6109 cyclist
522 9.5908 0.1745 pedestrian
523 5.3530 -0.5760 cyclist
523 9.5908 0.1396 pedestrian
524 5.3530 -0.5760 cyclist
524 9.5908 0.1396 pedestrian
525 5.3530 -0.5760 cyclist
525 9.5908 0.1396 pedestrian
526 5.3530 -0.5760 cyclist
526 9.5908 0.1396 pedestrian
527 5.3530 -0.5760 cyclist
527 9.5908 0.1396 pedestrian
528 5.3530 -0.5760 cyclist
528 9.8138 0.1222 pedestrian
529 5.3530 -0.5760 cyclist
529 9.8138 0.1222 pedestrian
530 5.3530 -0.5760 cyclist
530 9.8138 0.1222 pedestrian
531 5.3530 -0.5760 cyclist
531 9.8138 0.1222 pedestrian
532 5.3530 -0.5760 cyclist
532 9.8138 0.1222 pedestrian
533 5.3530 -0.5760 cyclist
533 9.8138 0.1222 pedestrian
534 5.3530 -0.5061 cyclist
534 9.8138 0.1222 pedestrian
535 5.3530 -0.5061 cyclist
535 9.8138 0.1222 pedestrian
536 5.3530 -0.5061 cyclist
536 9.8138 0.0873 pedestrian
537 5.3530 -0.5061 cyclist
537 9.8138 0.0873 pedestrian
538 5.3530 -0.5061 cyclist
538 9.8138 0.0873 pedestrian
539 5.5760 -0.4538 cyclist
539 9.8138 0.0873 pedestrian
540 5.5760 -0.4538 cyclist
540 9.8138 0.0873 pedestrian
541 5.3530 -0.4363 cyclist
541 10.0369 0.0873 pedestrian
542 5.3530 -0.4363 cyclist
542 10.0369 0.0873 pedestrian
543 5.3530 -0.4363 cyclist
543 10.0369 0.0873 pedestrian
544 5.3530 -0.4363 cyclist
544 9.8138 0.0524 pedestrian
545 5.3530 -0.4363 cyclist
545 9.8138 0.0524 pedestrian
546 5.3530 -0.4363 cyclist
546 9.8138 0.0524 pedestrian
547 5.5760 -0.3665 cyclist
547 10.0369 0.0524 pedestrian
548 5.5760 -0.3665 cyclist
548 10.0369 0.0524 pedestrian
549 5.5760 -0.3665 cyclist
549 10.0369 0.0524 pedestrian
550 5.5760 -0.3665 cyclist
550 10.0369 0.0524 pedestrian
551 5.5760 -0.2793 cyclist
551 10.0369 0.0524 pedestrian
552 5.5760 -0.2793 cyclist
552 10.0369 0.0524 pedestrian
553 5.5760 -0.2793 cyclist
553 10.0369 0.0524 pedestrian
554 5.5760 -0.2793 cyclist
554 10.0369 0.0349 pedestrian
555 5.5760 -0.2793 cyclist
555 10.0369 0.0349 pedestrian
556 5.5760 -0.2793 cyclist
556 10.0369 0.0349 pedestrian
557 5.5760 -0.2793 cyclist
557 10.0369 0.0349 pedestrian
558 5.3530 -0.2618 cyclist
558 10.0369 0.0175 pedestrian
559 5.3530 -0.2618 cyclist
559 10.0369 0.0175 pedestrian
560 5.3530 -0.2618 cyclist
560 10.0369 0.0175 pedestrian
561 5.5760 -0.2094 cyclist
561 10.0369 -0.0175 pedestrian
562 5.5760 -0.2094 cyclist
562 10.0369 -0.0175 pedestrian
563 5.5760 -0.2094 cyclist
563 10.0369 -0.0175 pedestrian
564 5.5760 -0.2094 cyclist
564 10.0369 -0.0175 pedestrian
565 5.5760 -0.2094 cyclist
565 10.0369 -0.0175 pedestrian
566 5.5760 -0.2094 cyclist
566 10.0369 -0.0175 pedestrian
567 5.5760 -0.2094 cyclist
567 10.0369 -0.0175 pedestrian
568 5.5760 -0.2094 cyclist
568 10.0369 -0.0175 pedestrian
569 5.5760 -0.2094 cyclist
569 10.0369 -0.0175 pedestrian
570 5.5760 -0.2094 cyclist
570 10.0369 -0.0175 pedestrian
571 5.5760 -0.1745 cyclist
571 10.0369 -0.0524 pedestrian
572 5.5760 -0.1745 cyclist
572 10.0369 -0.0524 pedestrian
573 5.5760 -0.1396 cyclist
573 10.0369 -0.0524 pedestrian
574 5.7991 -0.1047 cyclist
574 10.0369 -0.0524 pedestrian
575 5.7991 -0.1047 cyclist
575 10.0369 -0.0524 pedestrian
576 5.7991 -0.1047 cyclist
576 10.0369 -0.0524 pedestrian
577 5.7991 -0.1047 cyclist
577 10.0369 -0.0524 pedestrian
578 5.7991 -0.1047 cyclist
578 10.0369 -0.0524 pedestrian
579 5.7991 -0.1047 cyclist
579 10.0369 -0.0698 pedestrian
580 5.7991 -0.0698 cyclist
580 10.0369 -0.0698 pedestrian
581 5.7991 -0.0698 cyclist
581 10.0369 -0.0698 pedestrian
582 5.7991 -0.0698 cyclist
582 10.0369 -0.0698 pedestrian
583 5.7991 -0.0698 cyclist
583 10.0369 -0.0698 pedestrian
584 5.7991 -0.0349 cyclist
584 10.0369 -0.1047 pedestrian
585 5.7991 -0.0349 cyclist
585 10.0369 -0.1047 pedestrian
586 6.0221 -0.0349 cyclist
586 10.0369 -0.1047 pedestrian
587 6.0221 -0.0349 cyclist
587 10.0369 -0.1047 pedestrian
588 6.0221 -0.0349 cyclist
588 10.0369 -0.1047 pedestrian
589 6.0221 -0.0349 cyclist
589 10.0369 -0.1047 pedestrian
590 6.0221 -0.0349 cyclist
590 10.0369 -0.1047 pedestrian
591 6.0221 -0.0349 cyclist
591 10.0369 -0.1047 pedestrian
592 6.0221 -0.0349 cyclist
592 10.0369 -0.1047 pedestrian
593 6.2452 -0.0175 cyclist
593 10.0369 -0.1047 pedestrian
594 6.2452 0.0175 cyclist
594 10.0369 -0.1222 pedestrian
595 6.2452 0.0175 cyclist
595 10.0369 -0.1222 pedestrian
596 6.2452 0.0175 cyclist
596 10.0369 -0.1222 pedestrian
597 6.2452 0.0175 cyclist
597 10.0369 -0.1222 pedestrian
598 6.4682 0.0349 cyclist
598 10.0369 -0.1222 pedestrian
599 6.4682 0.0349 cyclist
599 10.0369 -0.1222 pedestrian
600 6.4682 0.0349 cyclist
600 9.8138 -0.1571 pedestrian
601 6.4682 0.0349 cyclist
601 9.8138 -0.1571 pedestrian
602 6.4682 0.0349 cyclist
602 9.8138 -0.1571 pedestrian
603 6.4682 0.0349 cyclist
603 9.8138 -0.1571 pedestrian
604 6.4682 0.0349 cyclist
604 9.8138 -0.1571 pedestrian
605 6.4682 0.0349 cyclist
605 9.8138 -0.1571 pedestrian
606 6.6913 0.0524 cyclist
606 9.8138 -0.1745 pedestrian
607 6.6913 0.0524 cyclist
607 9.8138 -0.1745 pedestrian
608 6.6913 0.0524 cyclist
608 9.8138 -0.1745 pedestrian
609 6.6913 0.0524 cyclist
609 9.8138 -0.1745 pedestrian
610 6.6913 0.0524 cyclist
610 9.8138 -0.1745 pedestrian
611 6.6913 0.0698 cyclist
611 9.8138 -0.1745 pedestrian
612 6.6913 0.0698 cyclist
612 9.8138 -0.1745 pedestrian
613 6.6913 0.0698 cyclist
613 9.8138 -0.1745 pedestrian
614 6.6913 0.0698 cyclist
614 9.8138 -0.1745 pedestrian
615 6.9143 0.0698 cyclist
615 9.8138 -0.1920 pedestrian
616 6.9143 0.0698 cyclist
616 9.8138 -0.1920 pedestrian
617 6.9143 0.0698 cyclist
617 9.8138 -0.1920 pedestrian
618 6.9143 0.0698 cyclist
618 9.8138 -0.1920 pedestrian
619 6.9143 0.0698 cyclist
619 9.8138 -0.2269 pedestrian
620 6.9143 0.0698 cyclist
620 9.8138 -0.2269 pedestrian
621 7.1373 0.0873 cyclist
621 9.8138 -0.2443 pedestrian
622 7.1373 0.0873 cyclist
622 9.8138 -0.2443 pedestrian
623 7.1373 0.0873 cyclist
623 9.8138 -0.2443 pedestrian
624 7.1373 0.0873 cyclist
624 9.8138 -0.2443 pedestrian
625 7.1373 0.0873 cyclist
625 9.8138 -0.2443 pedestrian
626 7.1373 0.0873 cyclist
626 9.8138 -0.2443 pedestrian
627 7.1373 0.0873 cyclist
627 9.8138 -0.2443 pedestrian
628 7.1373 0.0873 cyclist
628 9.8138 -0.2443 pedestrian
629 7.3604 0.0873 cyclist
629 9.8138 -0.2443 pedestrian
630 7.3604 0.0873 cyclist
630 9.8138 -0.2443 pedestrian
631 7.3604 0.0873 cyclist
631 9.5908 -0.2618 pedestrian
632 7.3604 0.0873 cyclist
632 9.5908 -0.2618 pedestrian
633 7.3604 0.0873 cyclist
633 9.5908 -0.2618 pedestrian
634 7.3604 0.0873 cyclist
634 9.8138 -0.2967 pedestrian
635 7.3604 0.0873 cyclist
635 9.8138 -0.2967 pedestrian
636 7.3604 0.0873 cyclist
636 9.8138 -0.2967 pedestrian
637 7.5834 0.0873 cyclist
637 9.8138 -0.2967 pedestrian
638 7.5834 0.0873 cyclist
638 9.8138 -0.2967 pedestrian
639 7.5834 0.0873 cyclist
639 9.8138 -0.2967 pedestrian
640 7.5834 0.0873 cyclist
640 9.8138 -0.2967 pedestrian
641 7.5834 0.0873 cyclist
641 9.8138 -0.2967 pedestrian
642 7.5834 0.0873 cyclist
642 9.8138 -0.2967 pedestrian
643 7.8065 0.0873 cyclist
643 9.5908 -0.3142 pedestrian
644 7.8065 0.0873 cyclist
644 9.5908 -0.3142 pedestrian
645 7.8065 0.0873 cyclist
645 9.5908 -0.3142 pedestrian
646 7.8065 0.0873 cyclist
646 9.5908 -0.3142 pedestrian
647 8.0295 0.0873 cyclist
647 9.8138 -0.3316 pedestrian
648 8.0295 0.0873 cyclist
648 9.8138 -0.3316 pedestrian
649 8.0295 0.0873 cyclist
649 9.8138 -0.3316 pedestrian
650 8.0295 0.0873 cyclist
650 9.8138 -0.3316 pedestrian
651 8.0295 0.0873 cyclist
651 9.8138 -0.3316 pedestrian
652 8.0295 0.0873 cyclist
652 9.8138 -0.3316 pedestrian
653 8.0295 0.0873 cyclist
653 9.8138 -0.3316 pedestrian
654 8.2525 0.0873 cyclist
654 9.5908 -0.3665 pedestrian
655 8.2525 0.0873 cyclist
655 9.5908 -0.3665 pedestrian
656 8.2525 0.0873 cyclist
656 9.5908 -0.3665 pedestrian
657 8.2525 0.0873 cyclist
657 9.5908 -0.3665 pedestrian
658 8.2525 0.0873 cyclist
658 9.5908 -0.3665 pedestrian
659 8.4756 0.0873 cyclist
659 9.5908 -0.4014 pedestrian
660 8.4756 0.0873 cyclist
660 9.5908 -0.4014 pedestrian
661 8.4756 0.0873 cyclist
661 9.5908 -0.4014 pedestrian
662 8.4756 0.0873 cyclist
662 9.5908 -0.4014 pedestrian
663 8.4756 0.0873 cyclist
663 9.5908 -0.4014 pedestrian
664 8.4756 0.0873 cyclist
664 9.5908 -0.4014 pedestrian
665 8.4756 0.0873 cyclist
665 9.5908 -0.4014 pedestrian
666 8.4756 0.0873 cyclist
666 9.5908 -0.4014 pedestrian
667 8.4756 0.0873 cyclist
667 9.5908 -0.4014 pedestrian
668 8.4756 0.0873 cyclist
668 9.5908 -0.4014 pedestrian
669 8.4756 0.0873 cyclist
669 9.5908 -0.4014 pedestrian
670 8.4756 0.0873 cyclist
670 9.5908 -0.4014 pedestrian
671 8.4756 0.0873 cyclist
671 9.5908 -0.4363 pedestrian
672 8.6986 0.0698 cyclist
672 9.5908 -0.4363 pedestrian
673 8.6986 0.0698 cyclist
673 9.5908 -0.4363 pedestrian
674 8.6986 0.0698 cyclist
674 9.5908 -0.4363 pedestrian
675 8.9217 0.0524 cyclist
675 9.5908 -0.4363 pedestrian
676 8.9217 0.0524 cyclist
676 9.5908 -0.4363 pedestrian
677 8.9217 0.0524 cyclist
677 9.5908 -0.4363 pedestrian
678 8.9217 0.0524 cyclist
678 9.5908 -0.4363 pedestrian
679 8.9217 0.0524 cyclist
679 9.5908 -0.4363 pedestrian
680 8.9217 0.0524 cyclist
680 9.5908 -0.4363 pedestrian
681 8.9217 0.0524 cyclist
681 9.5908 -0.4363 pedestrian
682 8.9217 0.0524 cyclist
682 9.5908 -0.4363 pedestrian
683 8.9217 0.0524 cyclist
683 9.5908 -0.4712 pedestrian
684 8.9217 0.0524 cyclist
684 9.5908 -0.4712 pedestrian
685 8.9217 0.0524 cyclist
685 9.5908 -0.4712 pedestrian
686 8.9217 0.0524 cyclist
686 9.5908 -0.4712 pedestrian
687 8.9217 0.0524 cyclist
687 9.5908 -0.4712 pedestrian
688 8.9217 0.0524 cyclist
688 9.5908 -0.4712 pedestrian
689 9.1447 0.0175 cyclist
689 9.5908 -0.5061 pedestrian
690 9.1447 0.0175 cyclist
690 9.5908 -0.5061 pedestrian
691 9.1447 0.0175 cyclist
691 9.5908 -0.5061 pedestrian
692 9.1447 0.0175 cyclist
692 9.5908 -0.5061 pedestrian
693 9.1447 0.0175 cyclist
693 9.5908 -0.5061 pedestrian
694 9.1447 0.0175 cyclist
694 9.5908 -0.5061 pedestrian
695 9.1447 0.0175 cyclist
695 9.5908 -0.5061 pedestrian
696 9.1447 0.0175 cyclist
696 9.3678 -0.5061 pedestrian
697 9.1447 0.0175 cyclist
697 9.3678 -0.5061 pedestrian
698 9.1447 0.0175 cyclist
698 9.3678 -0.5061 pedestrian
699 9.1447 0.0175 cyclist
699 9.3678 -0.5061 pedestrian
700 9.3678 -0.0175 cyclist
700 9.3678 -0.5061 pedestrian
701 9.3678 -0.0175 cyclist
701 9.3678 -0.5061 pedestrian
702 9.3678 -0.0175 cyclist
702 9.3678 -0.5061 pedestrian
703 9.3678 -0.0175 cyclist
703 9.3678 -0.5061 pedestrian
704 9.3678 -0.0175 cyclist
704 9.3678 -0.5061 pedestrian
705 9.3678 -0.0175 cyclist
705 9.3678 -0.5061 pedestrian
706 9.3678 -0.0175 cyclist
706 9.3678 -0.5061 pedestrian
707 9.3678 -0.0175 cyclist
707 9.3678 -0.5760 pedestrian
708 9.3678 -0.0175 cyclist
708 9.3678 -0.5760 pedestrian
709 9.3678 -0.0175 cyclist
709 9.3678 -0.5760 pedestrian
710 9.3678 -0.0175 cyclist
710 9.3678 -0.5760 pedestrian
711 9.5908 -0.0524 cyclist
711 9.3678 -0.5760 pedestrian
712 9.5908 -0.0524 cyclist
712 9.3678 -0.5760 pedestrian
713 9.5908 -0.0524 cyclist
713 9.3678 -0.5760 pedestrian
714 9.5908 -0.0524 cyclist
714 9.3678 -0.5760 pedestrian
715 9.5908 -0.0524 cyclist
715 9.3678 -0.5760 pedestrian
716 9.5908 -0.0524 cyclist
716 9.3678 -0.5760 pedestrian
717 9.5908 -0.0524 cyclist
717 9.3678 -0.5760 pedestrian
718 9.5908 -0.0524 cyclist
718 9.3678 -0.5760 pedestrian
719 9.5908 -0.0524 cyclist
719 9.3678 -0.5760 pedestrian
720 9.5908 -0.0524 cyclist
720 9.3678 -0.5760 pedestrian
721 9.3678 -0.0698 cyclist
721 9.3678 -0.6283 pedestrian
722 9.3678 -0.0698 cyclist
722 9.3678 -0.6458 pedestrian
723 9.3678 -0.0698 cyclist
723 9.3678 -0.6458 pedestrian
724 9.3678 -0.0698 cyclist
724 9.3678 -0.6458 pedestrian
725 9.3678 -0.0698 cyclist
725 9.3678 -0.6458 pedestrian
726 9.3678 -0.0698 cyclist
726 9.3678 -0.6458 pedestrian
727 9.3678 -0.0698 cyclist
727 9.3678 -0.6458 pedestrian
728 9.3678 -0.0698 cyclist
728 9.3678 -0.6458 pedestrian
729 9.3678 -0.0698 cyclist
729 9.3678 -0.6458 pedestrian
730 9.3678 -0.0698 cyclist
730 9.3678 -0.6458 pedestrian
731 9.3678 -0.0698 cyclist
731 9.3678 -0.6458 pedestrian
732 9.3678 -0.1047 cyclist
732 9.3678 -0.6458 pedestrian
733 9.3678 -0.1047 cyclist
733 9.3678 -0.6458 pedestrian
734 9.3678 -0.1047 cyclist
734 9.1447 -0.7156 pedestrian
735 9.3678 -0.1047 cyclist
735 9.1447 -0.7156 pedestrian
736 9.3678 -0.1047 cyclist
736 9.1447 -0.7156 pedestrian
737 9.3678 -0.1047 cyclist
737 9.1447 -0.7156 pedestrian
738 9.3678 -0.1047 cyclist
738 9.1447 -0.7156 pedestrian
739 9.3678 -0.1047 cyclist
739 9.1447 -0.7156 pedestrian
740 9.3678 -0.1571 cyclist
740 9.1447 -0.7156 pedestrian
741 9.3678 -0.1571 cyclist
741 9.1447 -0.7156 pedestrian
742 9.3678 -0.1571 cyclist
742 9.1447 -0.7156 pedestrian
743 9.3678 -0.1571 cyclist
743 9.1447 -0.7330 pedestrian
744 9.3678 -0.1571 cyclist
744 9.1447 -0.7330 pedestrian
745 9.3678 -0.1571 cyclist
745 9.1447 -0.7330 pedestrian
746 9.3678 -0.1920 cyclist
746 9.1447 -0.7330 pedestrian
747 9.3678 -0.1920 cyclist
747 9.1447 -0.7330 pedestrian
748 9.3678 -0.1920 cyclist
748 9.1447 -0.7679 pedestrian
749 9.3678 -0.1920 cyclist
749 9.1447 -0.7679 pedestrian
750 9.3678 -0.1920 cyclist
750 9.1447 -0.7679 pedestrian
751 9.3678 -0.1920 cyclist
751 9.3678 -0.8029 pedestrian
752 9.3678 -0.1920 cyclist
752 9.3678 -0.8029 pedestrian
753 9.3678 -0.1920 cyclist
753 9.3678 -0.8029 pedestrian
754 9.3678 -0.1920 cyclist
754 9.3678 -0.8029 pedestrian
755 9.3678 -0.1920 cyclist
755 9.3678 -0.8029 pedestrian
756 9.3678 -0.1920 cyclist
756 9.3678 -0.8029 pedestrian
757 9.3678 -0.1920 cyclist
757 9.3678 -0.8029 pedestrian
758 9.1447 -0.2793 cyclist
758 9.3678 -0.8552 pedestrian
759 9.1447 -0.2793 cyclist
759 9.3678 -0.8552 pedestrian
760 9.1447 -0.2793 cyclist
760 9.3678 -0.8552 pedestrian
761 9.1447 -0.2793 cyclist
761 9.3678 -0.8552 pedestrian
762 9.1447 -0.2793 cyclist
762 9.3678 -0.8552 pedestrian
763 9.1447 -0.2793 cyclist
763 9.3678 -0.8552 pedestrian
764 9.1447 -0.2793 cyclist
764 9.3678 -0.8552 pedestrian
765 9.1447 -0.2793 cyclist
765 9.3678 -0.8552 pedestrian
766 9.1447 -0.2793 cyclist
766 9.3678 -0.8552 pedestrian
767 9.1447 -0.2793 cyclist
767 9.3678 -0.8552 pedestrian
768 9.1447 -0.2793 cyclist
768 9.3678 -0.8552 pedestrian
769 9.1447 -0.2443 cyclist
769 9.3678 -0.8552 pedestrian
770 9.1447 -0.2443 cyclist
770 9.3678 -0.8552 pedestrian
771 9.1447 -0.2443 cyclist
771 9.3678 -0.8552 pedestrian
772 9.1447 -0.2443 cyclist
772 9.3678 -0.8552 pedestrian
773 9.1447 -0.2443 cyclist
773 9.3678 -0.8552 pedestrian
774 9.1447 -0.2443 cyclist
774 9.3678 -0.8552 pedestrian
775 9.1447 -0.2443 cyclist
775 9.3678 -0.8552 pedestrian
776 9.1447 -0.2443 cyclist
776 9.5908 -0.8203 pedestrian
777 9.1447 -0.2443 cyclist
777 9.5908 -0.8203 pedestrian
778 9.1447 -0.2443 cyclist
778 9.5908 -0.8203 pedestrian
779 9.1447 -0.2443 cyclist
779 9.5908 -0.8203 pedestrian
780 9.1447 -0.2443 cyclist
780 9.5908 -0.8203 pedestrian
781 9.1447 -0.2443 cyclist
781 9.5908 -0.8203 pedestrian
782 9.1447 -0.2443 cyclist
782 9.5908 -0.8203 pedestrian
783 9.1447 -0.2443 cyclist
783 9.5908 -0.8203 pedestrian
784 9.1447 -0.2443 cyclist
784 9.5908 -0.8203 pedestrian
785 9.3678 -0.2793 cyclist
785 9.5908 -0.8203 pedestrian
786 9.3678 -0.2793 cyclist
786 9.5908 -0.8203 pedestrian
787 9.3678 -0.2793 cyclist
787 9.5908 -0.8203 pedestrian
788 9.3678 -0.2793 cyclist
788 9.5908 -0.8203 pedestrian
789 9.3678 -0.2793 cyclist
789 9.5908 -0.8203 pedestrian
790 9.3678 -0.2793 cyclist
790 9.5908 -0.8203 pedestrian
791 9.3678 -0.2793 cyclist
791 9.5908 -0.8203 pedestrian
792 9.3678 -0.2793 cyclist
792 9.5908 -0.8203 pedestrian
793 9.3678 -0.2793 cyclist
793 9.5908 -0.8203 pedestrian
794 9.3678 -0.2793 cyclist
794 9.8138 -0.7854 pedestrian
795 9.3678 -0.2793 cyclist
795 9.8138 -0.7854 pedestrian
796 9.3678 -0.2793 cyclist
796 9.8138 -0.7854 pedestrian
797 9.3678 -0.2793 cyclist
797 9.8138 -0.7854 pedestrian
798 9.3678 -0.2793 cyclist
798 9.8138 -0.7854 pedestrian
799 9.1447 -0.3491 cyclist
799 9.8138 -0.7854 pedestrian
800 9.1447 -0.3491 cyclist
800 9.8138 -0.7854 pedestrian
801 9.1447 -0.3491 cyclist
801 10.0369 -0.7679 pedestrian
802 9.1447 -0.3491 cyclist
802 10.0369 -0.7679 pedestrian
803 9.1447 -0.3491 cyclist
803 10.0369 -0.7679 pedestrian
804 9.1447 -0.3491 cyclist
804 10.0369 -0.7679 pedestrian
805 9.1447 -0.3491 cyclist
805 10.0369 -0.7679 pedestrian
806 9.1447 -0.3491 cyclist
806 10.0369 -0.7679 pedestrian
807 9.1447 -0.3491 cyclist
807 10.0369 -0.7679 pedestrian
808 9.1447 -0.4014 cyclist
808 10.0369 -0.7679 pedestrian
809 9.1447 -0.4014 cyclist
809 10.0369 -0.7679 pedestrian
810 9.1447 -0.4014 cyclist
810 10.0369 -0.7679 pedestrian
811 9.1447 -0.4014 cyclist
811 10.0369 -0.7679 pedestrian
812 9.1447 -0.4014 cyclist
812 10.0369 -0.7679 pedestrian
813 9.1447 -0.4014 cyclist
813 10.0369 -0.7679 pedestrian
814 9.1447 -0.4014 cyclist
814 10.0369 -0.7679 pedestrian
815 9.1447 -0.4014 cyclist
815 10.0369 -0.7679 pedestrian
816 9.1447 -0.4014 cyclist
816 10.0369 -0.7679 pedestrian
817 9.1447 -0.4014 cyclist
817 10.0369 -0.7679 pedestrian
818 8.9217 -0.4363 cyclist
818 10.4830 -0.7679 pedestrian
819 8.9217 -0.4363 cyclist
819 10.4830 -0.7679 pedestrian
820 8.9217 -0.4363 cyclist
820 10.4830 -0.7679 pedestrian
821 8.9217 -0.4363 cyclist
821 10.4830 -0.7679 pedestrian
822 8.9217 -0.4363 cyclist
822 10.4830 -0.7679 pedestrian
823 8.9217 -0.4363 cyclist
823 10.4830 -0.7679 pedestrian
824 8.9217 -0.4363 cyclist
824 10.4830 -0.7679 pedestrian
825 8.9217 -0.4363 cyclist
825 10.4830 -0.7679 pedestrian
826 8.9217 -0.4363 cyclist
826 10.4830 -0.7679 pedestrian
827 8.9217 -0.4363 cyclist
827 10.4830 -0.7679 pedestrian
828 8.9217 -0.4363 cyclist
828 10.4830 -0.7679 pedestrian
829 8.9217 -0.4363 cyclist
829 10.4830 -0.7679 pedestrian
830 8.9217 -0.4363 cyclist
830 10.4830 -0.7679 pedestrian
831 8.9217 -0.4363 cyclist
831 10.4830 -0.7679 pedestrian
832 8.9217 -0.4363 cyclist
832 10.4830 -0.7679 pedestrian
833 8.9217 -0.4363 cyclist
833 10.4830 -0.7679 pedestrian
834 8.9217 -0.4363 cyclist
834 10.4830 -0.7679 pedestrian
835 8.9217 -0.4363 cyclist
835 10.4830 -0.7679 pedestrian
836 8.9217 -0.4363 cyclist
836 10.4830 -0.7679 pedestrian
837 8.6986 -0.4887 cyclist
837 10.4830 -0.7679 pedestrian
838 8.6986 -0.4887 cyclist
838 10.4830 -0.7679 pedestrian
839 8.6986 -0.4887 cyclist
839 10.4830 -0.7679 pedestrian
840 8.6986 -0.4887 cyclist
840 10.4830 -0.7679 pedestrian
841 8.6986 -0.4887 cyclist
841 10.4830 -0.7679 pedestrian
842 8.6986 -0.4887 cyclist
842 10.4830 -0.7679 pedestrian
843 8.4756 -0.5585 cyclist
843 10.4830 -0.7679 pedestrian
844 8.4756 -0.5585 cyclist
844 10.4830 -0.7679 pedestrian
845 8.4756 -0.5585 cyclist
845 10.4830 -0.7679 pedestrian
846 8.4756 -0.5585 cyclist
846 10.4830 -0.7679 pedestrian
847 8.4756 -0.5760 cyclist
847 10.4830 -0.7679 pedestrian
848 8.4756 -0.5760 cyclist
848 10.4830 -0.7679 pedestrian
849 8.4756 -0.5760 cyclist
849 10.4830 -0.7679 pedestrian
850 8.4756 -0.5760 cyclist
850 10.4830 -0.7679 pedestrian
851 8.4756 -0.5760 cyclist
851 10.7060 -0.7505 pedestrian
852 8.4756 -0.5760 cyclist
852 10.7060 -0.7505 pedestrian
853 8.4756 -0.5760 cyclist
853 10.7060 -0.7505 pedestrian
854 8.4756 -0.5760 cyclist
854 10.7060 -0.7505 pedestrian
855 8.4756 -0.5760 cyclist
855 10.7060 -0.7505 pedestrian
856 8.4756 -0.5760 cyclist
856 10.7060 -0.7505 pedestrian
857 8.4756 -0.5760 cyclist
857 10.7060 -0.7505 pedestrian
858 8.4756 -0.5760 cyclist
858 10.7060 -0.7505 pedestrian
859 8.4756 -0.5760 cyclist
859 10.7060 -0.7505 pedestrian
860 8.4756 -0.5760 cyclist
860 10.7060 -0.7505 pedestrian
861 8.4756 -0.5760 cyclist
861 10.7060 -0.7505 pedestrian
862 8.4756 -0.5760 cyclist
862 10.7060 -0.7505 pedestrian
863 8.4756 -0.5760 cyclist
863 10.7060 -0.7505 pedestrian
864 8.4756 -0.5760 cyclist
864 10.7060 -0.7505 pedestrian
865 8.4756 -0.5760 cyclist
865 10.7060 -0.7505 pedestrian
866 8.6986 -0.6109 cyclist
866 10.7060 -0.7505 pedestrian
867 8.6986 -0.6109 cyclist
867 10.7060 -0.7505 pedestrian
868 8.6986 -0.6632 cyclist
868 10.7060 -0.7505 pedestrian
869 8.6986 -0.6632 cyclist
869 10.7060 -0.7505 pedestrian
870 8.6986 -0.6632 cyclist
870 10.7060 -0.7505 pedestrian
871 8.6986 -0.6632 cyclist
871 10.7060 -0.7505 pedestrian
872 8.6986 -0.6632 cyclist
872 10.7060 -0.7505 pedestrian
873 8.6986 -0.6632 cyclist
873 10.7060 -0.7156 pedestrian
874 8.6986 -0.6632 cyclist
874 10.7060 -0.7156 pedestrian
875 8.6986 -0.6632 cyclist
875 10.7060 -0.7156 pedestrian
876 8.6986 -0.6632 cyclist
876 10.7060 -0.7156 pedestrian
877 8.6986 -0.6632 cyclist
877 10.7060 -0.7156 pedestrian
878 8.6986 -0.6632 cyclist
878 10.7060 -0.7156 pedestrian
879 8.6986 -0.6632 cyclist
879 11.1521 -0.6981 pedestrian
880 8.6986 -0.6632 cyclist
880 11.1521 -0.6981 pedestrian
881 8.6986 -0.6632 cyclist
881 11.1521 -0.6981 pedestrian
882 8.6986 -0.6632 cyclist
882 11.1521 -0.6981 pedestrian
883 8.6986 -0.6632 cyclist
883 11.1521 -0.6981 pedestrian
884 8.6986 -0.6981 cyclist
884 11.1521 -0.6981 pedestrian
885 8.4756 -0.7330 cyclist
885 10.9290 -0.6458 pedestrian
886 8.4756 -0.7330 cyclist
886 10.9290 -0.6458 pedestrian
887 8.4756 -0.7330 cyclist
887 10.9290 -0.6458 pedestrian
888 8.4756 -0.7330 cyclist
888 10.9290 -0.6458 pedestrian
889 8.4756 -0.7330 cyclist
889 10.9290 -0.6458 pedestrian
890 8.4756 -0.7330 cyclist
890 10.9290 -0.6458 pedestrian
891 8.4756 -0.7330 cyclist
891 10.9290 -0.6458 pedestrian
892 8.6986 -0.6981 cyclist
892 10.9290 -0.6458 pedestrian
893 8.6986 -0.6981 cyclist
893 10.9290 -0.6458 pedestrian
894 8.6986 -0.6981 cyclist
894 10.9290 -0.6458 pedestrian
895 8.6986 -0.6981 cyclist
895 10.9290 -0.6458 pedestrian
896 8.6986 -0.7854 cyclist
896 11.1521 -0.6109 pedestrian
897 8.6986 -0.7854 cyclist
897 11.1521 -0.6109 pedestrian
898 8.6986 -0.7854 cyclist
898 11.1521 -0.6109 pedestrian
899 8.6986 -0.7854 cyclist
899 10.9290 -0.5934 pedestrian
