0 7.8065 0.1745 cyclist
1 8.0295 0.1222 cyclist
2 7.8065 0.1745 cyclist
3 8.0295 0.1396 cyclist
4 8.0295 0.1396 cyclist
5 8.0295 0.1396 cyclist
6 8.0295 0.1396 cyclist
7 7.8065 0.1920 cyclist
8 7.8065 0.1920 cyclist
9 7.8065 0.1571 cyclist
10 7.8065 0.1571 cyclist
11 7.8065 0.1571 cyclist
12 7.8065 0.1571 cyclist
13 8.0295 0.1222 cyclist
14 7.5834 0.1745 cyclist
15 7.3604 0.2094 cyclist
16 7.5834 0.1920 cyclist
17 7.3604 0.2094 cyclist
18 7.3604 0.2094 cyclist
19 7.3604 0.2443 cyclist
20 7.3604 0.1920 cyclist
21 7.3604 0.1920 cyclist
22 7.3604 0.1920 cyclist
23 7.3604 0.2443 cyclist
24 7.1373 0.2618 cyclist
25 7.1373 0.2618 cyclist
26 7.1373 0.2618 cyclist
27 7.1373 0.2618 cyclist
28 7.1373 0.2618 cyclist
29 7.1373 0.2618 cyclist
30 7.1373 0.2618 cyclist
31 7.1373 0.2618 cyclist
32 7.1373 0.2618 cyclist
33 7.1373 0.2618 cyclist
34 7.1373 0.2618 cyclist
35 7.1373 0.2618 cyclist
36 7.1373 0.2618 cyclist
37 7.1373 0.2618 cyclist
38 7.1373 0.2618 cyclist
39 6.6913 0.2967 cyclist
40 6.9143 0.2443 cyclist
41 6.9143 0.2443 cyclist
42 6.6913 0.2793 cyclist
43 6.6913 0.2793 cyclist
44 6.6913 0.2793 cyclist
45 6.6913 0.2793 cyclist
46 6.6913 0.2793 cyclist
47 6.6913 0.2793 cyclist
48 6.6913 0.2793 cyclist
49 6.6913 0.2793 cyclist
50 6.6913 0.2793 cyclist
51 6.4682 0.2967 cyclist
52 6.4682 0.2967 cyclist
53 6.0221 0.3142 cyclist
54 6.4682 0.2793 cyclist
55 6.0221 0.2793 cyclist
56 6.4682 0.2793 cyclist
57 6.2452 0.2618 cyclist
58 6.2452 0.2618 cyclist
59 6.2452 0.2618 cyclist
60 6.2452 0.2618 cyclist
61 5.7991 0.2967 cyclist
62 5.7991 0.2967 cyclist
63 5.5760 0.2793 cyclist
64 5.5760 0.2793 cyclist
65 5.5760 0.2793 cyclist
66 5.5760 0.2793 cyclist
67 5.5760 0.2793 cyclist
68 5.5760 0.2793 cyclist
69 5.5760 0.2793 cyclist
70 5.3530 0.2443 cyclist
71 5.3530 0.2443 cyclist
72 5.3530 0.2443 cyclist
73 5.3530 0.2443 cyclist
74 5.3530 0.2443 cyclist
75 5.3530 0.2443 cyclist
76 5.3530 0.2443 cyclist
77 5.3530 0.2443 cyclist
78 5.3530 0.2443 cyclist
79 5.3530 0.2443 cyclist
80 5.1300 0.2094 cyclist
81 5.1300 0.2094 cyclist
82 4.9069 0.1920 cyclist
83 4.9069 0.1920 cyclist
84 4.9069 0.1920 cyclist
85 4.6839 0.1745 cyclist
86 4.6839 0.1571 cyclist
87 4.9069 0.1745 cyclist
88 4.9069 0.1745 cyclist
89 4.6839 0.1396 cyclist
90 4.6839 0.1396 cyclist
91 4.6839 0.1396 cyclist
92 4.6839 0.1222 cyclist
93 4.6839 0.1222 cyclist
94 4.6839 0.1222 cyclist
95 4.6839 0.1222 cyclist
96 4.6839 0.0873 cyclist
97 4.6839 0.0873 cyclist
98 4.6839 0.0524 cyclist
99 4.6839 0.0698 cyclist
100 4.6839 0.0698 cyclist
101 4.6839 0.0698 cyclist
102 4.6839 0.0175 cyclist
103 4.6839 0.0175 cyclist
104 4.6839 0.0175 cyclist
105 4.6839 0.0175 cyclist
106 4.6839 0.0175 cyclist
107 4.6839 0.0175 cyclist
108 4.6839 0.0175 cyclist
109 4.6839 0.0175 cyclist
110 4.6839 0.0175 cyclist
111 4.6839 -0.0175 cyclist
112 4.6839 -0.0175 cyclist
113 4.6839 -0.0175 cyclist
114 4.6839 -0.0175 cyclist
115 4.6839 -0.0175 cyclist
116 4.6839 -0.0175 cyclist
117 4.6839 -0.0175 cyclist
118 4.6839 -0.0175 cyclist
119 4.6839 -0.0175 cyclist
120 4.6839 -0.0175 cyclist
121 4.6839 -0.0175 cyclist
122 4.6839 -0.0175 cyclist
123 4.6839 -0.0175 cyclist
124 4.9069 -0.1571 cyclist
125 4.9069 -0.1222 cyclist
126 4.9069 -0.1222 cyclist
127 4.9069 -0.1222 cyclist
128 4.9069 -0.1222 cyclist
129 4.9069 -0.1222 cyclist
130 4.9069 -0.1222 cyclist
131 4.9069 -0.1222 cyclist
132 5.1300 -0.1571 cyclist
133 5.1300 -0.1571 cyclist
134 5.1300 -0.1571 cyclist
135 5.1300 -0.1571 cyclist
136 5.1300 -0.1571 cyclist
137 5.1300 -0.1571 cyclist
138 5.3530 -0.1920 cyclist
139 5.3530 -0.1920 cyclist
140 5.3530 -0.1920 cyclist
141 5.3530 -0.1920 cyclist
142 5.3530 -0.1920 cyclist
143 5.3530 -0.1920 cyclist
144 5.3530 -0.1920 cyclist
145 5.7991 -0.2443 cyclist
146 5.7991 -0.2443 cyclist
147 5.7991 -0.2443 cyclist
148 5.7991 -0.2443 cyclist
149 5.7991 -0.2443 cyclist
150 5.7991 -0.2443 cyclist
151 5.7991 -0.2443 cyclist
152 6.2452 -0.2793 cyclist
153 6.2452 -0.2793 cyclist
154 6.2452 -0.2793 cyclist
155 6.2452 -0.2793 cyclist
156 6.2452 -0.2793 cyclist
157 6.2452 -0.2793 cyclist
158 6.2452 -0.2793 cyclist
159 6.2452 -0.2793 cyclist
160 6.2452 -0.2793 cyclist
161 6.4682 -0.2618 cyclist
162 6.6913 -0.2618 cyclist
163 6.9143 -0.2793 cyclist
164 6.9143 -0.2793 cyclist
165 6.9143 -0.2793 cyclist
166 6.9143 -0.2793 cyclist
167 6.9143 -0.2793 cyclist
168 7.1373 -0.2967 cyclist
169 7.1373 -0.2967 cyclist
170 7.1373 -0.2967 cyclist
171 7.1373 -0.2967 cyclist
172 7.5834 -0.2793 cyclist
173 7.5834 -0.2793 cyclist
174 7.5834 -0.2793 cyclist
175 7.5834 -0.2793 cyclist
176 7.5834 -0.2793 cyclist
177 8.0295 -0.2618 cyclist
178 8.0295 -0.2618 cyclist
179 8.0295 -0.2618 cyclist
180 7.8065 -0.2443 cyclist
181 7.8065 -0.2443 cyclist
182 8.0295 -0.2443 cyclist
183 8.0295 -0.2443 cyclist
184 8.0295 -0.2443 cyclist
185 8.2525 -0.2269 cyclist
186 8.4756 -0.2269 cyclist
187 8.4756 -0.2269 cyclist
188 8.4756 -0.2269 cyclist
189 8.4756 -0.2269 cyclist
190 8.9217 -0.2094 cyclist
191 8.9217 -0.2094 cyclist
192 8.9217 -0.2094 cyclist
193 8.9217 -0.2094 cyclist
194 8.9217 -0.2094 cyclist
195 8.6986 -0.1920 cyclist
196 8.6986 -0.1920 cyclist
197 8.6986 -0.1920 cyclist
198 8.9217 -0.1745 cyclist
199 9.3678 -0.1222 cyclist
200 9.3678 -0.1222 cyclist
201 9.3678 -0.1222 cyclist
202 9.3678 -0.1222 cyclist
203 9.3678 -0.1222 cyclist
204 9.3678 -0.1222 cyclist
205 9.3678 -0.1222 cyclist
206 9.3678 -0.1222 cyclist
207 9.3678 -0.1222 cyclist
208 9.3678 -0.1222 cyclist
209 9.8138 -0.0698 cyclist
210 9.8138 -0.0698 cyclist
211 9.8138 -0.0698 cyclist
212 9.8138 -0.0698 cyclist
213 9.8138 -0.0698 cyclist
214 9.8138 -0.0698 cyclist
215 9.8138 -0.0698 cyclist
216 9.8138 -0.0698 cyclist
217 9.8138 -0.0698 cyclist
218 9.8138 -0.0349 cyclist
219 10.0369 -0.0175 cyclist
220 10.0369 -0.0175 cyclist
221 10.0369 -0.0175 cyclist
222 10.0369 -0.0175 cyclist
223 10.0369 -0.0175 cyclist
224 10.0369 -0.0175 cyclist
225 10.0369 -0.0175 cyclist
226 10.2599 0.0175 cyclist
227 10.2599 0.0175 cyclist
228 10.2599 0.0175 cyclist
229 10.2599 0.0524 cyclist
230 10.2599 0.0524 cyclist
231 10.2599 0.0524 cyclist
232 10.2599 0.0524 cyclist
233 10.4830 0.0698 cyclist
234 10.4830 0.0698 cyclist
235 10.4830 0.0698 cyclist
236 10.4830 0.0698 cyclist
237 10.7060 0.0698 cyclist
238 10.7060 0.0698 cyclist
239 10.7060 0.0873 cyclist
240 10.7060 0.0873 cyclist
241 10.7060 0.0873 cyclist
242 10.9290 0.1047 cyclist
243 10.9290 0.1047 cyclist
244 10.9290 0.1047 cyclist
245 10.9290 0.1047 cyclist
246 10.9290 0.1047 cyclist
247 10.9290 0.1047 cyclist
248 11.1521 0.1396 cyclist
249 11.1521 0.1396 cyclist
250 11.1521 0.1396 cyclist
251 11.1521 0.1396 cyclist
252 11.3751 0.1571 cyclist
253 11.3751 0.1571 cyclist
254 11.3751 0.1571 cyclist
255 11.3751 0.1571 cyclist
256 11.5982 0.1745 cyclist
257 11.5982 0.1745 cyclist
258 11.5982 0.1745 cyclist
259 11.5982 0.1745 cyclist
260 11.5982 0.1745 cyclist
261 11.8212 0.1920 cyclist
262 12.2673 0.2094 cyclist
263 12.2673 0.2094 cyclist
264 12.2673 0.2094 cyclist
265 12.2673 0.2094 cyclist
266 12.2673 0.2094 cyclist
267 12.2673 0.2094 cyclist
268 12.0443 0.2094 cyclist
269 12.0443 0.2094 cyclist
270 12.4903 0.2094 cyclist
271 12.4903 0.2094 cyclist
272 12.7134 0.2269 cyclist
273 12.7134 0.2269 cyclist
274 12.7134 0.2269 cyclist
275 12.7134 0.2269 cyclist
276 12.7134 0.2269 cyclist
277 12.7134 0.2269 cyclist
278 12.7134 0.2269 cyclist
279 12.9364 0.2269 cyclist
280 12.9364 0.2269 cyclist
281 12.9364 0.2269 cyclist
282 13.3825 0.2269 cyclist
283 13.3825 0.2269 cyclist
284 13.3825 0.2269 cyclist
285 13.3825 0.2269 cyclist
286 13.6056 0.2443 cyclist
287 13.6056 0.2443 cyclist
288 13.6056 0.2443 cyclist
289 13.6056 0.2443 cyclist
290 13.8286 0.2269 cyclist
291 13.8286 0.2269 cyclist
292 13.8286 0.2269 cyclist
293 14.2747 0.2269 cyclist
294 14.2747 0.2269 cyclist
295 14.2747 0.2269 cyclist
296 14.2747 0.2269 cyclist
297 14.2747 0.2269 cyclist
298 14.2747 0.2269 cyclist
299 14.2747 0.2269 cyclist
300 14.2747 0.2269 cyclist
301 14.2747 0.2269 cyclist
302 14.7208 0.2094 cyclist
303 14.7208 0.2094 cyclist
304 14.7208 0.2094 cyclist
305 14.7208 0.2094 cyclist
306 14.7208 0.2094 cyclist
307 14.9438 0.1920 cyclist
308 14.9438 0.1920 cyclist
309 14.9438 0.1920 cyclist
310 14.9438 0.1920 cyclist
311 14.9438 0.1920 cyclist
312 14.9438 0.1920 cyclist
313 14.9438 0.1920 cyclist
314 14.9438 0.1920 cyclist
315 15.1668 0.1745 cyclist
316 15.1668 0.1745 cyclist
317 15.6129 0.1571 cyclist
318 15.6129 0.1571 cyclist
319 15.6129 0.1571 cyclist
320 15.6129 0.1571 cyclist
321 15.6129 0.1571 cyclist
322 15.6129 0.1571 cyclist
323 15.6129 0.1571 cyclist
324 15.6129 0.1571 cyclist
325 15.6129 0.1571 cyclist
326 15.6129 0.1571 cyclist
327 15.8360 0.1222 cyclist
328 15.8360 0.1222 cyclist
329 15.8360 0.1222 cyclist
330 15.8360 0.1222 cyclist
331 15.8360 0.1222 cyclist
332 15.8360 0.1222 cyclist
333 15.8360 0.1222 cyclist
334 15.8360 0.1222 cyclist
335 15.8360 0.1222 cyclist
336 16.2821 0.0873 cyclist
337 16.2821 0.0873 cyclist
338 16.2821 0.0873 cyclist
339 16.2821 0.0873 cyclist
340 16.2821 0.0698 cyclist
341 16.2821 0.0698 cyclist
342 16.2821 0.0698 cyclist
343 16.2821 0.0698 cyclist
344 16.2821 0.0698 cyclist
345 16.5051 0.0698 cyclist
346 16.5051 0.0698 cyclist
347 16.5051 0.0698 cyclist
348 16.5051 0.0698 cyclist
349 16.5051 0.0698 cyclist
350 16.5051 0.0698 cyclist
351 16.5051 0.0698 cyclist
352 16.5051 0.0698 cyclist
353 16.7281 0.0524 cyclist
354 16.7281 0.0524 cyclist
355 16.7281 0.0524 cyclist
356 16.9512 0.0349 cyclist
357 16.9512 0.0349 cyclist
358 16.9512 0.0349 cyclist
359 16.9512 0.0349 cyclist
360 16.9512 0.0349 cyclist
361 16.9512 0.0349 cyclist
362 16.9512 0.0349 cyclist
363 16.9512 0.0349 cyclist
364 16.9512 0.0349 cyclist
365 17.1742 0.0175 cyclist
366 17.3973 0.0000 cyclist
367 17.6203 0.0000 cyclist
368 17.6203 0.0000 cyclist
369 17.6203 0.0000 cyclist
370 17.6203 0.0000 cyclist
371 17.6203 0.0000 cyclist
372 17.8433 0.0000 cyclist
373 17.8433 0.0000 cyclist
374 17.8433 0.0000 cyclist
375 18.2894 0.0000 cyclist
376 18.2894 0.0000 cyclist
377 18.5125 -0.0175 cyclist
378 18.5125 -0.0175 cyclist
379 18.2894 -0.0175 cyclist
380 18.2894 0.0000 cyclist
381 18.2894 0.0000 cyclist
382 18.2894 0.0000 cyclist
383 18.2894 0.0000 cyclist
384 18.5125 0.0000 cyclist
385 18.9586 -0.0175 cyclist
386 18.9586 -0.0175 cyclist
387 18.9586 -0.0175 cyclist
388 18.9586 -0.0175 cyclist
389 18.9586 -0.0175 cyclist
390 18.9586 -0.0175 cyclist
391 18.9586 -0.0175 cyclist
392 18.9586 -0.0175 cyclist
393 18.9586 -0.0175 cyclist
394 18.9586 -0.0175 cyclist
395 18.9586 -0.0175 cyclist
396 19.1816 -0.0175 cyclist
397 19.1816 -0.0175 cyclist
398 19.6277 -0.0175 cyclist
399 19.6277 -0.0175 cyclist
400 19.6277 -0.0175 cyclist
401 19.6277 -0.0175 cyclist
402 19.6277 -0.0175 cyclist
403 19.6277 -0.0175 cyclist
404 19.6277 -0.0175 cyclist
405 19.6277 -0.0175 cyclist
406 20.0738 -0.0175 cyclist
407 20.0738 -0.0175 cyclist
408 20.0738 -0.0175 cyclist
409 20.0738 -0.0175 cyclist
410 20.0738 -0.0175 cyclist
411 20.5198 0.0000 cyclist
412 20.7429 0.0000 cyclist
413 20.7429 0.0000 cyclist
414 20.7429 0.0000 cyclist
415 20.7429 0.0000 cyclist
416 20.9659 0.0000 cyclist
417 20.9659 0.0000 cyclist
418 20.9659 0.0000 cyclist
419 20.9659 0.0000 cyclist
420 20.9659 0.0000 cyclist
421 21.1890 0.0000 cyclist
422 21.1890 0.0000 cyclist
423 21.1890 0.0000 cyclist
424 21.6351 0.0000 cyclist
425 21.6351 0.0000 cyclist
426 21.6351 0.0000 cyclist
427 21.6351 0.0000 cyclist
428 21.6351 0.0000 cyclist
429 21.6351 0.0000 cyclist
430 21.6351 0.0000 cyclist
431 21.6351 0.0000 cyclist
432 21.6351 0.0000 cyclist
433 21.8581 0.0175 cyclist
434 21.8581 0.0175 cyclist
435 21.8581 0.0175 cyclist
436 21.8581 0.0175 cyclist
437 21.8581 0.0175 cyclist
438 21.8581 0.0175 cyclist
439 22.0811 0.0524 cyclist
440 22.0811 0.0524 cyclist
441 22.0811 0.0524 cyclist
442 22.0811 0.0524 cyclist
443 22.0811 0.0524 cyclist
444 22.0811 0.0524 cyclist
445 22.0811 0.0524 cyclist
446 22.0811 0.0524 cyclist
447 22.0811 0.0524 cyclist
448 22.0811 0.0524 cyclist
449 22.0811 0.0524 cyclist
450 22.0811 0.0524 cyclist
451 22.0811 0.0524 cyclist
452 22.0811 0.0524 cyclist
453 22.3042 0.0698 cyclist
454 22.3042 0.0698 cyclist
455 22.3042 0.0698 cyclist
456 22.3042 0.0698 cyclist
457 22.3042 0.0698 cyclist
458 22.3042 0.0873 cyclist
459 22.3042 0.0873 cyclist
460 22.3042 0.0873 cyclist
461 22.3042 0.1047 cyclist
462 22.5272 0.1047 cyclist
463 22.5272 0.1047 cyclist
464 22.5272 0.1047 cyclist
465 22.5272 0.1047 cyclist
466 22.5272 0.1396 cyclist
467 22.5272 0.1396 cyclist
468 22.5272 0.1396 cyclist
469 22.5272 0.1396 cyclist
470 22.5272 0.1396 cyclist
471 22.5272 0.1396 cyclist
472 22.5272 0.1396 cyclist
473 22.5272 0.1396 cyclist
474 22.5272 0.1396 cyclist
475 22.5272 0.1396 cyclist
476 22.5272 0.1396 cyclist
477 22.5272 0.1396 cyclist
478 22.5272 0.1396 cyclist
479 22.5272 0.1396 cyclist
480 22.5272 0.1396 cyclist
481 22.5272 0.1396 cyclist
482 22.5272 0.1396 cyclist
483 22.5272 0.1396 cyclist
484 22.5272 0.1396 cyclist
485 22.7503 0.1571 cyclist
486 22.7503 0.1571 cyclist
487 22.7503 0.1571 cyclist
488 22.7503 0.1571 cyclist
489 22.7503 0.1571 cyclist
490 22.7503 0.1571 cyclist
491 22.7503 0.1920 cyclist
492 22.7503 0.1920 cyclist
493 22.7503 0.1920 cyclist
494 22.9733 0.2094 cyclist
495 22.9733 0.2094 cyclist
496 22.9733 0.2094 cyclist
497 22.9733 0.2094 cyclist
498 22.9733 0.2094 cyclist
499 22.9733 0.2094 cyclist
500 22.9733 0.2094 cyclist
501 22.9733 0.2094 cyclist
502 22.9733 0.2094 cyclist
503 22.9733 0.2269 cyclist
504 22.9733 0.2269 cyclist
505 22.9733 0.2269 cyclist
506 22.9733 0.2269 cyclist
507 22.9733 0.2269 cyclist
508 22.9733 0.2269 cyclist
509 23.1963 0.2443 cyclist
510 23.1963 0.2443 cyclist
511 23.1963 0.2443 cyclist
512 23.1963 0.2443 cyclist
513 23.1963 0.2443 cyclist
514 23.4194 0.2618 cyclist
515 23.4194 0.2618 cyclist
516 23.4194 0.2618 cyclist
517 23.4194 0.2618 cyclist
518 23.4194 0.2618 cyclist
519 23.4194 0.2618 cyclist
520 23.4194 0.2618 cyclist
521 23.4194 0.2618 cyclist
522 23.4194 0.2618 cyclist
523 23.4194 0.2618 cyclist
524 23.4194 0.2618 cyclist
525 23.4194 0.2618 cyclist
526 23.4194 0.2618 cyclist
527 23.4194 0.2618 cyclist
528 23.4194 0.2618 cyclist
529 23.4194 0.2618 cyclist
530 23.1963 0.2793 cyclist
531 23.1963 0.2793 cyclist
532 23.1963 0.2793 cyclist
533 23.1963 0.2793 cyclist
534 23.1963 0.2793 cyclist
535 23.1963 0.2793 cyclist
536 23.1963 0.2793 cyclist
537 23.1963 0.2793 cyclist
538 22.9733 0.2967 cyclist
539 22.9733 0.2967 cyclist
540 22.9733 0.2967 cyclist
541 22.9733 0.2967 cyclist
542 22.9733 0.2967 cyclist
543 22.7503 0.3142 cyclist
544 22.7503 0.3142 cyclist
545 22.7503 0.3142 cyclist
546 22.7503 0.3142 cyclist
547 22.7503 0.3142 cyclist
548 22.5272 0.3142 cyclist
549 22.5272 0.3316 cyclist
550 22.5272 0.3142 cyclist
551 22.3042 0.3316 cyclist
552 22.3042 0.3316 cyclist
553 22.3042 0.3316 cyclist
554 22.3042 0.3316 cyclist
555 21.8581 0.3316 cyclist
556 21.8581 0.3316 cyclist
557 21.8581 0.3316 cyclist
558 21.8581 0.3316 cyclist
559 21.8581 0.3316 cyclist
560 21.8581 0.3316 cyclist
561 21.8581 0.3316 cyclist
562 21.8581 0.3316 cyclist
563 21.4120 0.3316 cyclist
564 21.4120 0.3316 cyclist
565 21.1890 0.3316 cyclist
566 21.1890 0.3316 cyclist
567 21.1890 0.3316 cyclist
568 21.1890 0.3316 cyclist
569 21.1890 0.3316 cyclist
570 20.9659 0.3316 cyclist
571 20.7429 0.3491 cyclist
572 20.7429 0.3491 cyclist
573 20.7429 0.3491 cyclist
574 20.5198 0.3316 cyclist
575 20.5198 0.3316 cyclist
576 20.5198 0.3316 cyclist
577 20.2968 0.3142 cyclist
578 20.2968 0.3142 cyclist
579 20.0738 0.3316 cyclist
580 20.0738 0.3316 cyclist
581 20.0738 0.3316 cyclist
582 20.0738 0.3316 cyclist
583 19.8507 0.2967 cyclist
584 19.8507 0.2967 cyclist
585 19.6277 0.3142 cyclist
586 19.6277 0.3142 cyclist
587 19.6277 0.3142 cyclist
588 19.6277 0.3142 cyclist
589 19.6277 0.3142 cyclist
590 19.6277 0.3142 cyclist
591 19.6277 0.3142 cyclist
592 19.6277 0.3142 cyclist
593 19.4046 0.2967 cyclist
594 19.4046 0.2967 cyclist
595 19.4046 0.2967 cyclist
596 19.4046 0.2967 cyclist
597 19.4046 0.2967 cyclist
598 19.1816 0.2967 cyclist
599 19.1816 0.2967 cyclist
600 18.9586 0.2967 cyclist
601 18.9586 0.2967 cyclist
602 18.9586 0.2967 cyclist
603 18.5125 0.2793 cyclist
604 18.5125 0.2793 cyclist
605 18.5125 0.2793 cyclist
606 18.5125 0.2793 cyclist
607 18.5125 0.2793 cyclist
608 18.5125 0.2618 cyclist
609 18.5125 0.2618 cyclist
610 18.5125 0.2618 cyclist
611 18.5125 0.2618 cyclist
612 18.5125 0.2618 cyclist
613 18.5125 0.2618 cyclist
614 18.5125 0.2618 cyclist
615 18.2894 0.2443 cyclist
616 18.0664 0.2269 cyclist
617 18.0664 0.2269 cyclist
618 18.0664 0.2269 cyclist
619 18.0664 0.2269 cyclist
620 18.2894 0.2443 cyclist
621 18.0664 0.2269 cyclist
622 18.0664 0.2269 cyclist
623 18.0664 0.2269 cyclist
624 18.0664 0.2269 cyclist
625 17.8433 0.2094 cyclist
626 17.8433 0.2094 cyclist
627 17.8433 0.2094 cyclist
628 17.6203 0.1920 cyclist
629 17.6203 0.1920 cyclist
630 17.6203 0.1920 cyclist
631 17.6203 0.1920 cyclist
632 17.6203 0.1920 cyclist
633 17.6203 0.1920 cyclist
634 17.6203 0.1920 cyclist
635 17.6203 0.1920 cyclist
636 17.6203 0.1920 cyclist
637 17.3973 0.1745 cyclist
638 17.3973 0.1571 cyclist
639 17.3973 0.1571 cyclist
640 17.6203 0.1745 cyclist
641 17.3973 0.1571 cyclist
642 17.3973 0.1571 cyclist
643 17.3973 0.1571 cyclist
644 17.3973 0.1396 cyclist
645 17.3973 0.1396 cyclist
646 17.3973 0.1396 cyclist
647 17.3973 0.1396 cyclist
648 17.3973 0.1396 cyclist
649 17.3973 0.1396 cyclist
650 17.3973 0.1396 cyclist
651 17.3973 0.1396 cyclist
652 17.3973 0.1396 cyclist
653 17.3973 0.1396 cyclist
654 17.3973 0.1396 cyclist
655 17.6203 0.1222 cyclist
656 17.6203 0.1222 cyclist
657 17.6203 0.1222 cyclist
658 17.6203 0.1222 cyclist
659 17.6203 0.0873 cyclist
660 17.6203 0.0873 cyclist
661 17.6203 0.0873 cyclist
662 17.8433 0.0873 cyclist
663 17.8433 0.0873 cyclist
664 17.8433 0.0873 cyclist
665 17.8433 0.0873 cyclist
666 17.8433 0.0873 cyclist
667 18.0664 0.0698 cyclist
668 18.0664 0.0698 cyclist
669 18.0664 0.0698 cyclist
670 18.0664 0.0698 cyclist
671 18.0664 0.0524 cyclist
672 18.0664 0.0524 cyclist
673 18.0664 0.0524 cyclist
674 18.0664 0.0524 cyclist
675 18.2894 0.0349 cyclist
676 18.2894 0.0349 cyclist
677 18.2894 0.0349 cyclist
678 18.2894 0.0349 cyclist
679 18.2894 0.0349 cyclist
680 18.2894 0.0175 cyclist
681 18.5125 0.0000 cyclist
682 18.5125 0.0000 cyclist
683 18.5125 0.0000 cyclist
684 18.5125 0.0000 cyclist
685 18.5125 0.0000 cyclist
686 18.5125 0.0000 cyclist
687 18.7355 -0.0175 cyclist
688 18.7355 -0.0175 cyclist
689 18.7355 -0.0175 cyclist
690 18.7355 -0.0524 cyclist
691 18.7355 -0.0524 cyclist
692 18.7355 -0.0524 cyclist
693 18.7355 -0.0524 cyclist
694 18.7355 -0.0524 cyclist
695 18.7355 -0.0524 cyclist
696 18.7355 -0.0524 cyclist
697 18.7355 -0.0524 cyclist
698 18.7355 -0.0873 cyclist
699 18.7355 -0.0873 cyclist
700 18.7355 -0.0873 cyclist
701 18.7355 -0.1047 cyclist
702 18.7355 -0.1047 cyclist
703 18.7355 -0.1047 cyclist
704 18.7355 -0.1047 cyclist
705 18.7355 -0.1047 cyclist
706 18.5125 -0.1222 cyclist
707 18.5125 -0.1222 cyclist
708 18.5125 -0.1222 cyclist
709 18.5125 -0.1222 cyclist
710 18.5125 -0.1222 cyclist
711 18.5125 -0.1396 cyclist
712 18.5125 -0.1396 cyclist
713 18.5125 -0.1396 cyclist
714 18.5125 -0.1745 cyclist
715 18.5125 -0.1745 cyclist
716 18.5125 -0.1745 cyclist
717 18.5125 -0.1745 cyclist
718 18.2894 -0.1745 cyclist
719 18.2894 -0.1920 cyclist
720 18.2894 -0.1920 cyclist
721 18.2894 -0.1920 cyclist
722 18.0664 -0.2269 cyclist
723 18.0664 -0.2269 cyclist
724 18.0664 -0.2269 cyclist
725 18.0664 -0.2269 cyclist
726 17.8433 -0.2443 cyclist
727 17.8433 -0.2443 cyclist
728 17.8433 -0.2443 cyclist
729 17.8433 -0.2443 cyclist
730 17.8433 -0.2443 cyclist
731 17.8433 -0.2443 cyclist
732 17.6203 -0.2793 cyclist
733 17.6203 -0.2793 cyclist
734 17.6203 -0.2793 cyclist
735 17.3973 -0.2793 cyclist
736 17.1742 -0.2967 cyclist
737 17.1742 -0.2967 cyclist
738 17.1742 -0.2967 cyclist
739 17.1742 -0.2967 cyclist
740 16.9512 -0.3142 cyclist
741 16.9512 -0.3142 cyclist
742 16.9512 -0.3142 cyclist
743 16.9512 -0.3142 cyclist
744 16.7281 -0.3142 cyclist
745 16.7281 -0.3142 cyclist
746 16.7281 -0.3142 cyclist
747 16.2821 -0.3316 cyclist
748 16.2821 -0.3316 cyclist
749 16.2821 -0.3316 cyclist
750 16.2821 -0.3316 cyclist
751 16.2821 -0.3316 cyclist
752 16.2821 -0.3316 cyclist
753 16.0590 -0.3491 cyclist
754 16.0590 -0.3491 cyclist
755 16.0590 -0.3491 cyclist
756 15.6129 -0.3491 cyclist
757 15.6129 -0.3491 cyclist
758 15.6129 -0.3491 cyclist
759 15.6129 -0.3491 cyclist
760 15.1668 -0.3491 cyclist
761 15.1668 -0.3491 cyclist
762 15.1668 -0.3491 cyclist
763 14.9438 -0.3665 cyclist
764 14.9438 -0.3665 cyclist
765 14.9438 -0.3665 cyclist
766 14.9438 -0.3665 cyclist
767 14.7208 -0.3665 cyclist
768 14.7208 -0.3665 cyclist
769 14.7208 -0.3665 cyclist
770 14.2747 -0.3665 cyclist
771 14.2747 -0.3665 cyclist
772 14.2747 -0.3665 cyclist
773 14.2747 -0.3665 cyclist
774 13.8286 -0.3665 cyclist
775 13.8286 -0.3665 cyclist
776 13.8286 -0.3665 cyclist
777 13.6056 -0.3840 cyclist
778 13.6056 -0.3840 cyclist
779 13.6056 -0.3840 cyclist
780 13.1595 -0.3840 cyclist
781 13.1595 -0.3840 cyclist
782 13.1595 -0.3840 cyclist
783 13.1595 -0.3840 cyclist
784 12.7134 -0.3840 cyclist
785 12.7134 -0.3840 cyclist
786 12.4903 -0.3665 cyclist
787 12.4903 -0.3665 cyclist
788 12.4903 -0.3665 cyclist
789 12.4903 -0.3665 cyclist
790 12.4903 -0.3665 cyclist
791 12.0443 -0.3491 cyclist
792 12.0443 -0.3491 cyclist
793 12.0443 -0.3491 cyclist
794 11.8212 -0.3491 cyclist
795 11.8212 -0.3491 cyclist
796 11.8212 -0.3491 cyclist
797 11.3751 -0.3316 cyclist
798 11.3751 -0.3316 cyclist
799 11.3751 -0.3316 cyclist
800 11.3751 -0.3316 cyclist
801 11.3751 -0.3316 cyclist
802 10.9290 -0.3142 cyclist
803 10.9290 -0.3142 cyclist
804 10.9290 -0.3142 cyclist
805 10.9290 -0.3142 cyclist
806 10.7060 -0.2967 cyclist
807 10.7060 -0.2967 cyclist
808 10.7060 -0.2967 cyclist
809 10.2599 -0.2793 cyclist
810 10.2599 -0.2793 cyclist
811 10.2599 -0.2793 cyclist
812 10.2599 -0.2793 cyclist
813 10.0369 -0.2618 cyclist
814 10.0369 -0.2618 cyclist
815 9.8138 -0.2443 cyclist
816 9.8138 -0.2443 cyclist
817 9.8138 -0.2443 cyclist
818 9.5908 -0.2094 cyclist
819 9.5908 -0.2094 cyclist
820 9.5908 -0.2094 cyclist
821 9.5908 -0.2094 cyclist
822 9.5908 -0.2094 cyclist
823 9.3678 -0.1745 cyclist
824 9.3678 -0.1745 cyclist
825 9.3678 -0.1745 cyclist
826 9.1447 -0.1396 cyclist
827 9.1447 -0.1396 cyclist
828 9.3678 -0.1047 cyclist
829 8.9217 -0.0873 cyclist
830 8.9217 -0.0873 cyclist
831 8.9217 -0.0873 cyclist
832 8.9217 -0.0873 cyclist
833 8.9217 -0.0524 cyclist
834 8.9217 -0.0524 cyclist
835 8.9217 -0.0175 cyclist
836 8.9217 -0.0175 cyclist
837 8.9217 0.0175 cyclist
838 8.9217 0.0175 cyclist
839 8.9217 0.0175 cyclist
840 8.9217 0.0349 cyclist
841 8.9217 0.0349 cyclist
842 8.9217 0.0698 cyclist
843 8.9217 0.0698 cyclist
844 8.9217 0.0698 cyclist
845 8.9217 0.1047 cyclist
846 8.9217 0.1047 cyclist
847 8.9217 0.1047 cyclist
848 8.9217 0.1396 cyclist
849 8.9217 0.1396 cyclist
850 8.9217 0.1745 cyclist
851 9.1447 0.1920 cyclist
852 9.1447 0.1920 cyclist
853 9.3678 0.2443 cyclist
854 9.3678 0.2443 cyclist
855 9.3678 0.2443 cyclist
856 9.3678 0.2443 cyclist
857 9.5908 0.2618 cyclist
858 9.3678 0.2618 cyclist
859 9.5908 0.2967 cyclist
860 9.5908 0.2967 cyclist
861 9.5908 0.2967 cyclist
862 9.8138 0.3316 cyclist
863 9.8138 0.3316 cyclist
864 9.8138 0.3316 cyclist
865 9.8138 0.3316 cyclist
866 10.0369 0.3665 cyclist
867 10.0369 0.3665 cyclist
868 10.0369 0.3665 cyclist
869 10.2599 0.4014 cyclist
870 10.2599 0.4014 cyclist
871 10.2599 0.4014 cyclist
872 10.7060 0.4363 cyclist
873 10.7060 0.4363 cyclist
874 10.7060 0.4363 cyclist
875 10.7060 0.4363 cyclist
876 10.7060 0.4363 cyclist
877 10.9290 0.4538 cyclist
878 11.1521 0.4712 cyclist
879 11.1521 0.4712 cyclist
880 11.1521 0.4712 cyclist
881 11.3751 0.4887 cyclist
882 11.3751 0.4887 cyclist
883 11.3751 0.4887 cyclist
884 11.3751 0.4887 cyclist
885 11.5982 0.4712 cyclist
886 11.8212 0.5061 cyclist
887 11.8212 0.5061 cyclist
888 11.8212 0.5061 cyclist
889 12.2673 0.5061 cyclist
890 12.2673 0.5061 cyclist
891 12.2673 0.5061 cyclist
892 12.7134 0.5061 cyclist
893 12.7134 0.5061 cyclist
894 12.7134 0.5061 cyclist
895 12.7134 0.5061 cyclist
896 12.7134 0.5061 cyclist
