0 10.9290 -0.0873 pedestrian
0 10.9290 0.3840 pedestrian
1 10.9290 -0.0698 pedestrian
1 10.9290 0.3491 pedestrian
2 10.9290 -0.0698 pedestrian
2 11.1521 0.3665 pedestrian
3 10.9290 -0.0698 pedestrian
3 10.9290 0.3665 pedestrian
4 11.1521 -0.0698 pedestrian
4 10.9290 0.3840 pedestrian
5 10.9290 -0.0873 pedestrian
5 10.9290 0.3665 pedestrian
6 11.1521 -0.0873 pedestrian
6 10.9290 0.3840 pedestrian
7 11.1521 -0.0873 pedestrian
7 10.9290 0.3665 pedestrian
8 11.1521 -0.0873 pedestrian
8 10.9290 0.3665 pedestrian
9 11.1521 -0.0873 pedestrian
9 10.9290 0.3665 pedestrian
10 10.9290 -0.0873 pedestrian
10 10.9290 0.3665 pedestrian
11 11.1521 -0.0873 pedestrian
11 10.7060 0.3665 pedestrian
12 11.1521 -0.1047 pedestrian
12 10.7060 0.3665 pedestrian
13 11.1521 -0.0873 pedestrian
13 10.7060 0.3665 pedestrian
14 11.1521 -0.1047 pedestrian
14 10.7060 0.3491 pedestrian
15 11.1521 -0.1047 pedestrian
15 10.7060 0.3665 pedestrian
16 11.1521 -0.0873 pedestrian
16 10.7060 0.3665 pedestrian
17 11.1521 -0.0873 pedestrian
17 10.9290 0.3665 pedestrian
18 11.1521 -0.0873 pedestrian
18 10.7060 0.3665 pedestrian
19 11.1521 -0.1047 pedestrian
19 10.9290 0.3665 pedestrian
20 11.1521 -0.0873 pedestrian
20 10.7060 0.3840 pedestrian
21 11.1521 -0.0873 pedestrian
21 10.7060 0.3491 pedestrian
22 11.3751 -0.0873 pedestrian
22 10.9290 0.3491 pedestrian
23 11.1521 -0.0873 pedestrian
23 10.7060 0.3491 pedestrian
24 10.9290 -0.0873 pedestrian
24 10.9290 0.3491 pedestrian
25 11.1521 -0.1222 pedestrian
25 10.9290 0.3665 pedestrian
26 11.1521 -0.1222 pedestrian
26 10.9290 0.3665 pedestrian
27 11.1521 -0.1222 pedestrian
27 10.7060 0.3491 pedestrian
28 11.1521 -0.1222 pedestrian
28 10.7060 0.3491 pedestrian
29 11.1521 -0.1222 pedestrian
29 10.7060 0.3491 pedestrian
30 11.1521 -0.1222 pedestrian
30 10.7060 0.3491 pedestrian
31 11.1521 -0.1222 pedestrian
31 10.7060 0.3491 pedestrian
32 11.1521 -0.1222 pedestrian
32 10.7060 0.3491 pedestrian
33 11.1521 -0.1222 pedestrian
33 10.7060 0.3491 pedestrian
34 11.1521 -0.1222 pedestrian
34 10.7060 0.3491 pedestrian
35 11.1521 -0.1222 pedestrian
35 10.7060 0.3491 pedestrian
36 11.1521 -0.1222 pedestrian
36 10.7060 0.3491 pedestrian
37 11.1521 -0.1222 pedestrian
37 10.7060 0.3491 pedestrian
38 11.1521 -0.1222 pedestrian
38 10.7060 0.3491 pedestrian
39 11.1521 -0.1222 pedestrian
39 10.7060 0.3491 pedestrian
40 11.1521 -0.1222 pedestrian
40 10.7060 0.3491 pedestrian
41 11.1521 -0.1222 pedestrian
41 10.7060 0.3491 pedestrian
42 11.1521 -0.1222 pedestrian
42 10.7060 0.3491 pedestrian
43 11.1521 -0.1222 pedestrian
43 10.7060 0.3491 pedestrian
44 11.1521 -0.1222 pedestrian
44 10.7060 0.3491 pedestrian
45 10.9290 -0.0175 pedestrian
45 11.5982 0.3316 pedestrian
46 11.1521 -0.0873 pedestrian
46 10.4830 0.3142 pedestrian
47 11.1521 -0.0873 pedestrian
47 10.4830 0.3142 pedestrian
48 11.1521 -0.0873 pedestrian
48 10.4830 0.3142 pedestrian
49 11.1521 -0.0873 pedestrian
49 10.4830 0.3142 pedestrian
50 11.1521 -0.0873 pedestrian
50 10.4830 0.3142 pedestrian
51 11.1521 -0.0873 pedestrian
51 10.4830 0.3142 pedestrian
52 11.1521 -0.0873 pedestrian
52 10.4830 0.3142 pedestrian
53 11.1521 -0.0873 pedestrian
53 10.4830 0.3142 pedestrian
54 11.1521 -0.0873 pedestrian
54 10.2599 0.2793 pedestrian
55 11.1521 -0.0873 pedestrian
55 10.2599 0.2793 pedestrian
56 11.1521 -0.0873 pedestrian
56 10.2599 0.2793 pedestrian
57 11.1521 -0.0873 pedestrian
57 10.2599 0.2793 pedestrian
58 11.1521 -0.0873 pedestrian
58 10.2599 0.2793 pedestrian
59 11.1521 -0.0349 pedestrian
59 10.2599 0.2793 pedestrian
60 11.1521 -0.0349 pedestrian
60 10.2599 0.2793 pedestrian
61 11.1521 -0.0349 pedestrian
61 10.2599 0.2793 pedestrian
62 11.1521 -0.0349 pedestrian
62 10.2599 0.2793 pedestrian
63 11.1521 -0.0349 pedestrian
63 10.2599 0.2793 pedestrian
64 11.1521 -0.0349 pedestrian
64 10.0369 0.2443 pedestrian
65 11.1521 -0.0349 pedestrian
65 10.0369 0.2443 pedestrian
66 11.1521 -0.0349 pedestrian
66 10.0369 0.2443 pedestrian
67 11.1521 -0.0349 pedestrian
67 10.0369 0.2443 pedestrian
68 11.1521 -0.0349 pedestrian
68 10.0369 0.2443 pedestrian
69 11.1521 -0.0349 pedestrian
69 10.0369 0.2443 pedestrian
70 11.1521 -0.0349 pedestrian
70 10.0369 0.2443 pedestrian
71 11.1521 -0.0349 pedestrian
71 10.0369 0.2443 pedestrian
72 11.1521 -0.0349 pedestrian
72 10.0369 0.2443 pedestrian
73 11.1521 0.0000 pedestrian
73 10.0369 0.2269 pedestrian
74 11.1521 0.0000 pedestrian
74 10.0369 0.2269 pedestrian
75 11.1521 0.0000 pedestrian
75 10.0369 0.2269 pedestrian
76 11.1521 0.0349 pedestrian
76 10.0369 0.2269 pedestrian
77 11.1521 0.0349 pedestrian
77 10.0369 0.2094 pedestrian
78 11.1521 0.0349 pedestrian
78 10.0369 0.2094 pedestrian
79 11.1521 0.0349 pedestrian
79 10.0369 0.2094 pedestrian
80 11.3751 0.0349 pedestrian
80 10.0369 0.1920 pedestrian
81 11.3751 0.0349 pedestrian
81 10.0369 0.1920 pedestrian
82 11.3751 0.0349 pedestrian
82 10.0369 0.1920 pedestrian
83 11.3751 0.0349 pedestrian
83 10.0369 0.1920 pedestrian
84 11.3751 0.0349 pedestrian
84 10.0369 0.1920 pedestrian
85 11.3751 0.0349 pedestrian
85 10.0369 0.1920 pedestrian
86 11.3751 0.0349 pedestrian
86 10.0369 0.1920 pedestrian
87 11.3751 0.0698 pedestrian
87 9.5908 0.1745 pedestrian
88 11.3751 0.0698 pedestrian
88 9.8138 0.1571 pedestrian
89 11.3751 0.0698 pedestrian
89 9.8138 0.1571 pedestrian
90 11.3751 0.0698 pedestrian
90 9.8138 0.1571 pedestrian
91 11.5982 0.1047 pedestrian
91 9.8138 0.1571 pedestrian
92 11.5982 0.1047 pedestrian
92 9.8138 0.1571 pedestrian
93 11.5982 0.1047 pedestrian
93 9.8138 0.1571 pedestrian
94 11.5982 0.1047 pedestrian
94 9.8138 0.1571 pedestrian
95 11.5982 0.1047 pedestrian
95 9.8138 0.1571 pedestrian
96 11.5982 0.1047 pedestrian
96 9.8138 0.1571 pedestrian
97 11.5982 0.1047 pedestrian
97 9.8138 0.1571 pedestrian
98 11.8212 0.1047 pedestrian
98 9.8138 0.1222 pedestrian
99 11.8212 0.1047 pedestrian
99 9.8138 0.1222 pedestrian
100 11.8212 0.1047 pedestrian
100 9.8138 0.1222 pedestrian
101 11.8212 0.1047 pedestrian
101 9.8138 0.1222 pedestrian
102 11.8212 0.1047 pedestrian
102 9.8138 0.1222 pedestrian
103 11.8212 0.1047 pedestrian
103 9.8138 0.1222 pedestrian
104 11.8212 0.1047 pedestrian
104 9.8138 0.1222 pedestrian
105 11.8212 0.1047 pedestrian
105 9.5908 0.1047 pedestrian
106 11.8212 0.1047 pedestrian
106 9.5908 0.1047 pedestrian
107 11.8212 0.1047 pedestrian
107 9.5908 0.1047 pedestrian
108 11.8212 0.1047 pedestrian
108 9.5908 0.1047 pedestrian
109 11.8212 0.1047 pedestrian
109 9.5908 0.1047 pedestrian
110 11.8212 0.1047 pedestrian
110 9.8138 0.0873 pedestrian
111 11.8212 0.1047 pedestrian
111 9.8138 0.0873 pedestrian
112 11.8212 0.1047 pedestrian
112 9.8138 0.0873 pedestrian
113 11.8212 0.1571 pedestrian
113 9.8138 0.0524 pedestrian
114 11.8212 0.1571 pedestrian
114 9.8138 0.0524 pedestrian
115 11.8212 0.1571 pedestrian
115 9.8138 0.0524 pedestrian
116 11.8212 0.1571 pedestrian
116 9.8138 0.0524 pedestrian
117 11.8212 0.1571 pedestrian
117 9.8138 0.0524 pedestrian
118 11.8212 0.1571 pedestrian
118 9.8138 0.0524 pedestrian
119 11.8212 0.1571 pedestrian
119 9.8138 0.0524 pedestrian
120 11.8212 0.1571 pedestrian
120 9.8138 0.0524 pedestrian
121 11.8212 0.1571 pedestrian
121 10.0369 0.0349 pedestrian
122 11.8212 0.1571 pedestrian
122 10.0369 0.0349 pedestrian
123 12.0443 0.1745 pedestrian
123 10.0369 0.0349 pedestrian
124 12.0443 0.1745 pedestrian
124 10.0369 0.0349 pedestrian
125 12.0443 0.1745 pedestrian
125 10.0369 0.0349 pedestrian
126 12.0443 0.1745 pedestrian
126 10.0369 0.0349 pedestrian
127 12.0443 0.1745 pedestrian
127 10.0369 0.0175 pedestrian
128 12.0443 0.1745 pedestrian
128 10.0369 0.0175 pedestrian
129 12.0443 0.1745 pedestrian
129 10.0369 0.0175 pedestrian
130 12.0443 0.1745 pedestrian
130 10.0369 0.0175 pedestrian
131 12.0443 0.1745 pedestrian
131 10.0369 0.0000 pedestrian
132 12.0443 0.1745 pedestrian
132 10.0369 0.0000 pedestrian
133 12.0443 0.1745 pedestrian
133 10.0369 0.0000 pedestrian
134 12.0443 0.1745 pedestrian
134 10.0369 0.0000 pedestrian
135 12.0443 0.1745 pedestrian
135 10.0369 0.0000 pedestrian
136 12.2673 0.2094 pedestrian
136 10.0369 0.0000 pedestrian
137 12.2673 0.2094 pedestrian
137 10.0369 0.0000 pedestrian
137 22.5272 -1.0297 cyclist
138 12.2673 0.2094 pedestrian
138 10.0369 0.0000 pedestrian
138 22.5272 -1.0297 cyclist
139 12.2673 0.2094 pedestrian
139 10.0369 0.0000 pedestrian
139 22.5272 -1.0297 cyclist
140 12.2673 0.2094 pedestrian
140 10.0369 -0.0349 pedestrian
140 22.5272 -1.0297 cyclist
141 12.2673 0.2094 pedestrian
141 10.2599 -0.0349 pedestrian
141 22.5272 -1.0297 cyclist
142 12.2673 0.2094 pedestrian
142 10.2599 -0.0349 pedestrian
142 22.5272 -0.9774 cyclist
143 12.2673 0.2094 pedestrian
143 10.2599 -0.0349 pedestrian
143 22.5272 -0.9774 cyclist
144 12.2673 0.2094 pedestrian
144 10.2599 -0.0349 pedestrian
144 22.5272 -0.9774 cyclist
145 12.2673 0.2094 pedestrian
145 10.2599 -0.0349 pedestrian
145 22.5272 -0.9774 cyclist
146 12.2673 0.2094 pedestrian
146 10.2599 -0.0349 pedestrian
146 22.5272 -0.9774 cyclist
147 12.2673 0.2094 pedestrian
147 10.2599 -0.0349 pedestrian
147 22.5272 -0.9774 cyclist
148 12.2673 0.2094 pedestrian
148 10.2599 -0.0524 pedestrian
148 22.5272 -0.9774 cyclist
149 12.2673 0.2094 pedestrian
149 10.2599 -0.0524 pedestrian
149 22.5272 -0.9774 cyclist
150 12.2673 0.2094 pedestrian
150 10.2599 -0.0524 pedestrian
150 22.5272 -0.9076 cyclist
151 12.4903 0.2443 pedestrian
151 10.4830 -0.0524 pedestrian
151 22.5272 -0.9076 cyclist
152 12.4903 0.2443 pedestrian
152 10.4830 -0.0524 pedestrian
152 22.5272 -0.9076 cyclist
153 12.4903 0.2443 pedestrian
153 10.4830 -0.0524 pedestrian
153 22.5272 -0.9076 cyclist
154 12.4903 0.2443 pedestrian
154 10.4830 -0.0524 pedestrian
154 22.5272 -0.9076 cyclist
155 12.4903 0.2443 pedestrian
155 10.4830 -0.0873 pedestrian
155 22.5272 -0.9076 cyclist
156 12.4903 0.2443 pedestrian
156 10.4830 -0.0873 pedestrian
156 22.5272 -0.9076 cyclist
157 12.4903 0.2443 pedestrian
157 10.4830 -0.0873 pedestrian
157 22.5272 -0.9076 cyclist
158 12.4903 0.2443 pedestrian
158 10.4830 -0.0873 pedestrian
158 22.5272 -0.9076 cyclist
159 12.7134 0.2793 pedestrian
159 10.4830 -0.0873 pedestrian
159 22.5272 -0.9076 cyclist
160 12.4903 0.2443 pedestrian
160 10.4830 -0.0873 pedestrian
160 22.5272 -0.9076 cyclist
161 12.4903 0.2618 pedestrian
161 10.4830 -0.0873 pedestrian
161 22.5272 -0.9076 cyclist
162 12.4903 0.2618 pedestrian
162 10.4830 -0.0873 pedestrian
162 22.5272 -0.9076 cyclist
163 12.7134 0.2967 pedestrian
163 10.7060 -0.1222 pedestrian
163 22.5272 -0.9076 cyclist
164 12.7134 0.2967 pedestrian
164 10.7060 -0.1222 pedestrian
164 22.7503 -0.8552 cyclist
165 12.7134 0.2967 pedestrian
165 10.7060 -0.1222 pedestrian
165 22.7503 -0.8552 cyclist
166 12.7134 0.2967 pedestrian
166 10.7060 -0.1222 pedestrian
166 22.7503 -0.7679 cyclist
167 12.7134 0.2967 pedestrian
167 10.7060 -0.1222 pedestrian
167 22.7503 -0.7679 cyclist
168 12.7134 0.2967 pedestrian
168 10.7060 -0.1222 pedestrian
168 22.7503 -0.7679 cyclist
169 12.7134 0.2967 pedestrian
169 10.7060 -0.1222 pedestrian
169 22.7503 -0.7679 cyclist
170 12.7134 0.2967 pedestrian
170 10.7060 -0.1222 pedestrian
170 22.9733 -0.7505 cyclist
171 12.7134 0.2967 pedestrian
171 10.7060 -0.1222 pedestrian
171 22.9733 -0.8029 cyclist
172 12.7134 0.2967 pedestrian
172 10.7060 -0.1222 pedestrian
172 22.9733 -0.7505 cyclist
173 12.9364 0.2967 pedestrian
173 10.7060 -0.1222 pedestrian
173 22.9733 -0.7505 cyclist
174 12.9364 0.2967 pedestrian
174 10.7060 -0.1222 pedestrian
174 22.9733 -0.7505 cyclist
175 12.9364 0.2967 pedestrian
175 10.7060 -0.1222 pedestrian
175 22.9733 -0.7505 cyclist
176 12.9364 0.2967 pedestrian
176 10.7060 -0.1222 pedestrian
176 23.1963 -0.7330 cyclist
177 12.9364 0.2967 pedestrian
177 10.7060 -0.1222 pedestrian
177 23.1963 -0.7330 cyclist
178 12.9364 0.2967 pedestrian
178 10.7060 -0.1222 pedestrian
178 23.1963 -0.7330 cyclist
179 12.9364 0.2967 pedestrian
179 10.7060 -0.1222 pedestrian
179 23.1963 -0.7330 cyclist
180 12.9364 0.2967 pedestrian
180 10.7060 -0.1222 pedestrian
180 23.1963 -0.7330 cyclist
181 12.9364 0.2967 pedestrian
181 10.7060 -0.1222 pedestrian
181 23.1963 -0.7330 cyclist
182 13.1595 0.3142 pedestrian
182 10.7060 -0.1571 pedestrian
182 23.1963 -0.7330 cyclist
183 13.1595 0.3142 pedestrian
183 10.7060 -0.1571 pedestrian
183 23.6424 -0.6807 cyclist
184 13.1595 0.3142 pedestrian
184 10.7060 -0.1571 pedestrian
184 23.6424 -0.6807 cyclist
185 13.1595 0.3142 pedestrian
185 10.7060 -0.1571 pedestrian
185 23.6424 -0.6807 cyclist
186 13.1595 0.3142 pedestrian
186 10.9290 -0.1745 pedestrian
186 23.6424 -0.6807 cyclist
187 13.1595 0.3142 pedestrian
187 10.9290 -0.1745 pedestrian
187 23.6424 -0.6807 cyclist
188 13.1595 0.3142 pedestrian
188 10.9290 -0.1745 pedestrian
188 23.6424 -0.6807 cyclist
189 13.1595 0.3142 pedestrian
189 10.9290 -0.1745 pedestrian
189 23.6424 -0.6807 cyclist
190 13.1595 0.3142 pedestrian
190 10.9290 -0.1745 pedestrian
190 23.6424 -0.6807 cyclist
191 13.1595 0.3142 pedestrian
191 10.9290 -0.1745 pedestrian
191 23.8655 -0.6283 cyclist
192 13.1595 0.3142 pedestrian
192 10.9290 -0.1745 pedestrian
192 23.8655 -0.6283 cyclist
193 13.1595 0.3142 pedestrian
193 10.9290 -0.1745 pedestrian
193 23.8655 -0.6283 cyclist
194 13.1595 0.3142 pedestrian
194 10.9290 -0.1745 pedestrian
194 23.8655 -0.6283 cyclist
195 13.1595 0.3142 pedestrian
195 10.9290 -0.1745 pedestrian
195 24.3116 -0.5934 cyclist
196 13.3825 0.3316 pedestrian
196 10.9290 -0.1745 pedestrian
196 24.3116 -0.5934 cyclist
197 13.3825 0.3316 pedestrian
197 10.9290 -0.1745 pedestrian
197 24.3116 -0.5934 cyclist
198 13.6056 0.3491 pedestrian
198 10.9290 -0.1920 pedestrian
198 24.5346 -0.5411 cyclist
199 13.6056 0.3491 pedestrian
199 10.9290 -0.1920 pedestrian
199 24.5346 -0.5411 cyclist
200 13.6056 0.3491 pedestrian
200 10.9290 -0.1920 pedestrian
200 24.5346 -0.5411 cyclist
201 13.6056 0.3491 pedestrian
201 10.9290 -0.1920 pedestrian
201 24.7576 -0.5236 cyclist
202 13.6056 0.3491 pedestrian
202 10.9290 -0.1920 pedestrian
202 24.7576 -0.5236 cyclist
203 13.6056 0.3491 pedestrian
203 10.9290 -0.1920 pedestrian
203 24.7576 -0.5236 cyclist
204 13.6056 0.3491 pedestrian
204 10.9290 -0.1920 pedestrian
204 24.9807 -0.4712 cyclist
205 13.6056 0.3316 pedestrian
205 10.9290 -0.2269 pedestrian
205 24.9807 -0.4712 cyclist
206 13.6056 0.3316 pedestrian
206 10.9290 -0.2269 pedestrian
206 24.9807 -0.4712 cyclist
207 13.6056 0.3316 pedestrian
207 10.9290 -0.2269 pedestrian
208 13.6056 0.3316 pedestrian
208 10.9290 -0.2269 pedestrian
209 13.6056 0.3316 pedestrian
209 10.9290 -0.2269 pedestrian
210 13.8286 0.3665 pedestrian
210 10.7060 -0.2269 pedestrian
211 13.8286 0.3665 pedestrian
211 10.7060 -0.2269 pedestrian
212 13.8286 0.3665 pedestrian
212 10.9290 -0.2618 pedestrian
213 13.8286 0.3665 pedestrian
213 10.9290 -0.2618 pedestrian
214 13.8286 0.3665 pedestrian
214 10.9290 -0.2618 pedestrian
215 13.8286 0.3665 pedestrian
215 10.9290 -0.2618 pedestrian
216 14.2747 0.3665 pedestrian
216 10.7060 -0.2618 pedestrian
217 14.2747 0.3665 pedestrian
217 10.7060 -0.2618 pedestrian
218 14.2747 0.3665 pedestrian
218 10.7060 -0.2618 pedestrian
219 14.2747 0.3665 pedestrian
219 10.7060 -0.2618 pedestrian
220 14.2747 0.3665 pedestrian
220 10.7060 -0.2618 pedestrian
221 14.2747 0.3665 pedestrian
221 10.7060 -0.2618 pedestrian
222 14.2747 0.3665 pedestrian
222 10.7060 -0.2618 pedestrian
223 14.2747 0.3665 pedestrian
223 10.7060 -0.2618 pedestrian
224 14.2747 0.3665 pedestrian
224 10.4830 -0.2793 pedestrian
225 14.4977 0.3142 pedestrian
225 10.4830 -0.2793 pedestrian
226 14.4977 0.3142 pedestrian
226 10.4830 -0.2793 pedestrian
227 14.4977 0.3142 pedestrian
227 10.4830 -0.2793 pedestrian
228 14.4977 0.3142 pedestrian
228 10.4830 -0.2793 pedestrian
229 14.4977 0.3142 pedestrian
229 10.4830 -0.2793 pedestrian
230 14.4977 0.3142 pedestrian
230 10.4830 -0.2793 pedestrian
231 14.4977 0.3142 pedestrian
231 10.4830 -0.2793 pedestrian
232 14.4977 0.3142 pedestrian
232 10.2599 -0.2793 pedestrian
233 14.4977 0.3142 pedestrian
233 10.2599 -0.2793 pedestrian
234 14.4977 0.3142 pedestrian
234 10.2599 -0.2793 pedestrian
235 14.4977 0.3142 pedestrian
235 10.2599 -0.2793 pedestrian
236 14.4977 0.3142 pedestrian
236 10.2599 -0.2793 pedestrian
237 14.4977 0.3142 pedestrian
237 10.2599 -0.2793 pedestrian
238 14.7208 0.3142 pedestrian
238 10.2599 -0.2793 pedestrian
239 14.7208 0.3142 pedestrian
239 10.0369 -0.2793 pedestrian
240 14.7208 0.3142 pedestrian
240 10.0369 -0.2793 pedestrian
241 14.7208 0.3142 pedestrian
241 10.0369 -0.2793 pedestrian
242 14.7208 0.3142 pedestrian
242 10.0369 -0.2793 pedestrian
243 14.7208 0.3142 pedestrian
243 10.0369 -0.2793 pedestrian
244 14.7208 0.3142 pedestrian
244 10.0369 -0.2793 pedestrian
245 14.7208 0.3142 pedestrian
245 10.0369 -0.2793 pedestrian
246 14.7208 0.3142 pedestrian
246 10.0369 -0.2793 pedestrian
247 14.7208 0.3142 pedestrian
247 10.0369 -0.2793 pedestrian
248 14.7208 0.3142 pedestrian
248 10.0369 -0.2793 pedestrian
249 14.7208 0.3142 pedestrian
249 10.0369 -0.2793 pedestrian
250 14.7208 0.3142 pedestrian
250 10.0369 -0.2793 pedestrian
251 14.9438 0.2793 pedestrian
251 9.8138 -0.2618 pedestrian
252 14.9438 0.2793 pedestrian
252 9.8138 -0.2618 pedestrian
253 14.9438 0.2793 pedestrian
253 9.8138 -0.2618 pedestrian
254 14.9438 0.2793 pedestrian
254 9.8138 -0.2618 pedestrian
255 14.9438 0.2793 pedestrian
255 9.8138 -0.2618 pedestrian
256 14.9438 0.2793 pedestrian
256 9.8138 -0.2618 pedestrian
257 14.9438 0.2793 pedestrian
257 9.8138 -0.2618 pedestrian
258 14.9438 0.2793 pedestrian
258 9.8138 -0.2618 pedestrian
259 14.9438 0.2793 pedestrian
259 9.8138 -0.2618 pedestrian
260 14.9438 0.2443 pedestrian
260 9.5908 -0.2269 pedestrian
261 14.9438 0.2793 pedestrian
261 9.5908 -0.2269 pedestrian
262 14.9438 0.2793 pedestrian
262 9.5908 -0.2269 pedestrian
263 14.9438 0.2793 pedestrian
263 9.5908 -0.2269 pedestrian
264 15.1668 0.2618 pedestrian
264 9.5908 -0.2269 pedestrian
265 15.1668 0.2618 pedestrian
265 9.5908 -0.2269 pedestrian
266 15.1668 0.2618 pedestrian
266 9.5908 -0.2269 pedestrian
267 15.1668 0.2618 pedestrian
267 9.5908 -0.2269 pedestrian
268 15.1668 0.2618 pedestrian
268 9.5908 -0.2269 pedestrian
269 15.1668 0.2618 pedestrian
269 9.5908 -0.2269 pedestrian
270 15.1668 0.2618 pedestrian
270 9.5908 -0.2269 pedestrian
271 15.1668 0.2618 pedestrian
271 9.5908 -0.1745 pedestrian
272 15.1668 0.2618 pedestrian
272 9.5908 -0.1745 pedestrian
273 15.1668 0.2618 pedestrian
273 9.5908 -0.1745 pedestrian
274 15.1668 0.2269 pedestrian
274 9.5908 -0.1745 pedestrian
275 15.1668 0.2269 pedestrian
275 9.5908 -0.1745 pedestrian
276 15.1668 0.2269 pedestrian
276 9.5908 -0.1745 pedestrian
277 15.1668 0.2269 pedestrian
277 9.5908 -0.1745 pedestrian
278 15.1668 0.2269 pedestrian
278 9.5908 -0.1745 pedestrian
279 15.1668 0.2269 pedestrian
279 9.5908 -0.1745 pedestrian
280 15.1668 0.2269 pedestrian
280 9.5908 -0.1745 pedestrian
281 15.1668 0.2269 pedestrian
281 9.5908 -0.1745 pedestrian
282 15.1668 0.2269 pedestrian
282 9.3678 -0.1571 pedestrian
283 15.1668 0.2269 pedestrian
283 9.5908 -0.1745 pedestrian
284 15.1668 0.2269 pedestrian
284 9.5908 -0.1745 pedestrian
285 15.1668 0.2269 pedestrian
285 9.5908 -0.1745 pedestrian
286 15.3899 0.1920 pedestrian
286 9.3678 -0.1571 pedestrian
287 15.3899 0.1920 pedestrian
287 9.3678 -0.1571 pedestrian
288 15.3899 0.1920 pedestrian
288 9.3678 -0.1571 pedestrian
289 15.3899 0.1920 pedestrian
289 9.3678 -0.1571 pedestrian
290 15.3899 0.1920 pedestrian
290 9.3678 -0.1571 pedestrian
291 15.3899 0.1920 pedestrian
291 9.3678 -0.1571 pedestrian
292 15.3899 0.1920 pedestrian
292 9.3678 -0.1571 pedestrian
293 15.3899 0.1920 pedestrian
293 9.3678 -0.1571 pedestrian
294 15.3899 0.1920 pedestrian
294 9.3678 -0.1222 pedestrian
295 15.3899 0.1920 pedestrian
295 9.3678 -0.1222 pedestrian
296 15.3899 0.1571 pedestrian
296 9.3678 -0.1222 pedestrian
297 15.3899 0.1571 pedestrian
297 9.3678 -0.1222 pedestrian
298 15.3899 0.1571 pedestrian
298 9.3678 -0.1222 pedestrian
299 15.3899 0.1571 pedestrian
299 9.3678 -0.1222 pedestrian
300 15.3899 0.1745 pedestrian
300 9.8138 -0.0175 pedestrian
301 15.3899 0.1571 pedestrian
301 9.3678 -0.0873 pedestrian
302 15.3899 0.1571 pedestrian
302 9.3678 -0.0873 pedestrian
303 15.3899 0.1571 pedestrian
303 9.3678 -0.0873 pedestrian
304 15.3899 0.1571 pedestrian
304 9.3678 -0.0873 pedestrian
305 15.3899 0.1571 pedestrian
305 9.3678 -0.0873 pedestrian
306 15.3899 0.1571 pedestrian
306 9.3678 -0.0873 pedestrian
307 15.3899 0.1396 pedestrian
307 9.3678 -0.0524 pedestrian
308 15.3899 0.1396 pedestrian
308 9.3678 -0.0524 pedestrian
309 15.3899 0.1396 pedestrian
309 9.3678 -0.0524 pedestrian
310 15.3899 0.1396 pedestrian
310 9.3678 -0.0524 pedestrian
311 15.3899 0.1396 pedestrian
311 9.3678 -0.0524 pedestrian
312 15.3899 0.1396 pedestrian
312 9.3678 -0.0524 pedestrian
313 15.3899 0.1396 pedestrian
313 9.3678 -0.0524 pedestrian
314 15.3899 0.1396 pedestrian
314 9.3678 -0.0349 pedestrian
315 15.3899 0.1396 pedestrian
315 9.3678 -0.0349 pedestrian
316 15.3899 0.1396 pedestrian
316 9.3678 -0.0349 pedestrian
317 15.3899 0.1396 pedestrian
317 9.3678 -0.0349 pedestrian
318 15.3899 0.1396 pedestrian
318 9.3678 -0.0349 pedestrian
319 15.1668 0.0873 pedestrian
319 9.3678 -0.0175 pedestrian
320 15.1668 0.0873 pedestrian
320 9.3678 -0.0175 pedestrian
321 15.1668 0.0873 pedestrian
321 9.3678 -0.0175 pedestrian
322 15.1668 0.0873 pedestrian
322 9.3678 -0.0175 pedestrian
323 15.1668 0.0873 pedestrian
323 9.3678 -0.0175 pedestrian
324 15.1668 0.0873 pedestrian
324 9.3678 -0.0175 pedestrian
325 15.1668 0.0873 pedestrian
325 9.3678 -0.0175 pedestrian
326 15.1668 0.0873 pedestrian
326 9.3678 -0.0175 pedestrian
327 15.1668 0.0873 pedestrian
327 9.3678 -0.0175 pedestrian
328 15.1668 0.0873 pedestrian
328 9.3678 0.0349 pedestrian
329 15.1668 0.0873 pedestrian
329 9.3678 0.0349 pedestrian
330 15.1668 0.0873 pedestrian
330 9.3678 0.0349 pedestrian
331 15.1668 0.0873 pedestrian
331 9.3678 0.0349 pedestrian
332 15.1668 0.0873 pedestrian
332 9.3678 0.0349 pedestrian
333 15.1668 0.0873 pedestrian
333 9.3678 0.0349 pedestrian
334 15.1668 0.0873 pedestrian
334 9.3678 0.0349 pedestrian
335 15.1668 0.0873 pedestrian
335 9.3678 0.0349 pedestrian
336 15.1668 0.0698 pedestrian
336 9.3678 0.0524 pedestrian
337 15.1668 0.0524 pedestrian
337 9.3678 0.0698 pedestrian
338 15.1668 0.0524 pedestrian
338 9.3678 0.0698 pedestrian
339 15.1668 0.0524 pedestrian
339 9.3678 0.0698 pedestrian
340 15.1668 0.0524 pedestrian
340 9.3678 0.0698 pedestrian
341 15.1668 0.0524 pedestrian
341 9.3678 0.0698 pedestrian
342 15.1668 0.0524 pedestrian
342 9.3678 0.0698 pedestrian
343 15.1668 0.0524 pedestrian
343 9.3678 0.0698 pedestrian
344 15.1668 0.0524 pedestrian
344 9.3678 0.0698 pedestrian
345 15.1668 0.0524 pedestrian
345 9.3678 0.0698 pedestrian
346 15.1668 0.0524 pedestrian
346 9.3678 0.0698 pedestrian
347 15.1668 0.0524 pedestrian
347 9.3678 0.0698 pedestrian
348 15.1668 0.0524 pedestrian
348 9.3678 0.1047 pedestrian
349 15.1668 0.0524 pedestrian
349 9.3678 0.1047 pedestrian
350 15.1668 0.0524 pedestrian
350 9.3678 0.1047 pedestrian
351 15.1668 0.0524 pedestrian
351 9.3678 0.1047 pedestrian
352 15.1668 0.0524 pedestrian
352 9.3678 0.1222 pedestrian
353 15.1668 0.0524 pedestrian
353 9.3678 0.1222 pedestrian
354 14.9438 0.0175 pedestrian
354 9.3678 0.1222 pedestrian
355 14.9438 0.0175 pedestrian
355 9.3678 0.1222 pedestrian
356 14.9438 0.0175 pedestrian
356 9.3678 0.1222 pedestrian
357 14.9438 0.0175 pedestrian
357 9.3678 0.1222 pedestrian
358 14.9438 0.0175 pedestrian
358 9.3678 0.1222 pedestrian
359 14.9438 0.0175 pedestrian
359 9.3678 0.1222 pedestrian
360 14.9438 0.0175 pedestrian
360 9.3678 0.1222 pedestrian
361 14.9438 0.0175 pedestrian
361 9.3678 0.1222 pedestrian
362 14.9438 0.0175 pedestrian
362 9.3678 0.1222 pedestrian
363 14.9438 0.0175 pedestrian
363 9.3678 0.1222 pedestrian
364 14.9438 0.0175 pedestrian
364 9.3678 0.1222 pedestrian
365 14.9438 0.0175 pedestrian
365 9.3678 0.1222 pedestrian
366 14.9438 0.0175 pedestrian
366 9.3678 0.1222 pedestrian
367 14.9438 -0.0349 pedestrian
367 9.3678 0.1745 pedestrian
368 14.9438 -0.0349 pedestrian
368 9.3678 0.1745 pedestrian
369 14.9438 -0.0349 pedestrian
369 9.3678 0.1745 pedestrian
370 14.9438 -0.0349 pedestrian
370 9.3678 0.1745 pedestrian
371 14.9438 -0.0349 pedestrian
371 9.3678 0.1745 pedestrian
372 14.9438 -0.0349 pedestrian
372 9.3678 0.1745 pedestrian
373 14.9438 -0.0349 pedestrian
373 9.3678 0.1920 pedestrian
374 14.9438 -0.0349 pedestrian
374 9.3678 0.1920 pedestrian
375 14.9438 -0.0349 pedestrian
375 9.3678 0.1920 pedestrian
376 14.9438 -0.0349 pedestrian
376 9.3678 0.1920 pedestrian
377 14.9438 -0.0349 pedestrian
377 9.3678 0.1920 pedestrian
378 14.9438 -0.0349 pedestrian
378 9.3678 0.1920 pedestrian
379 14.9438 -0.0349 pedestrian
379 9.3678 0.1920 pedestrian
380 14.7208 -0.0524 pedestrian
380 9.3678 0.2269 pedestrian
381 14.7208 -0.0524 pedestrian
381 9.3678 0.2269 pedestrian
382 14.7208 -0.0524 pedestrian
382 9.3678 0.2269 pedestrian
383 14.7208 -0.0524 pedestrian
383 9.3678 0.2269 pedestrian
384 14.7208 -0.0524 pedestrian
384 9.3678 0.2269 pedestrian
385 14.7208 -0.0524 pedestrian
385 9.3678 0.2269 pedestrian
386 14.7208 -0.0524 pedestrian
386 9.3678 0.2269 pedestrian
387 14.7208 -0.0524 pedestrian
387 9.3678 0.2269 pedestrian
388 14.7208 -0.0524 pedestrian
388 9.3678 0.2269 pedestrian
389 14.4977 -0.0873 pedestrian
389 9.3678 0.2618 pedestrian
390 14.4977 -0.0873 pedestrian
390 9.3678 0.2618 pedestrian
391 14.4977 -0.0873 pedestrian
391 9.5908 0.2793 pedestrian
392 14.4977 -0.0873 pedestrian
392 9.5908 0.2793 pedestrian
393 14.4977 -0.0873 pedestrian
393 9.5908 0.2793 pedestrian
394 14.4977 -0.0873 pedestrian
394 9.5908 0.2793 pedestrian
395 14.4977 -0.0873 pedestrian
395 9.5908 0.2793 pedestrian
396 14.4977 -0.0873 pedestrian
396 9.5908 0.2793 pedestrian
397 14.4977 -0.0873 pedestrian
397 9.5908 0.2793 pedestrian
398 14.4977 -0.0873 pedestrian
398 9.5908 0.2793 pedestrian
399 14.4977 -0.0873 pedestrian
399 9.5908 0.2793 pedestrian
400 14.4977 -0.0873 pedestrian
400 9.5908 0.2793 pedestrian
401 14.4977 -0.0873 pedestrian
401 9.5908 0.2793 pedestrian
402 14.4977 -0.0873 pedestrian
402 9.5908 0.2793 pedestrian
403 14.4977 -0.0873 pedestrian
403 9.5908 0.2793 pedestrian
404 14.4977 -0.0873 pedestrian
404 9.5908 0.3142 pedestrian
405 14.4977 -0.0873 pedestrian
405 9.5908 0.3142 pedestrian
406 14.4977 -0.0873 pedestrian
406 9.5908 0.3142 pedestrian
407 14.2747 -0.1047 pedestrian
407 9.5908 0.3142 pedestrian
408 14.2747 -0.1047 pedestrian
408 9.5908 0.3491 pedestrian
409 14.2747 -0.1047 pedestrian
409 9.5908 0.3491 pedestrian
410 14.2747 -0.1047 pedestrian
410 9.5908 0.3491 pedestrian
411 14.2747 -0.1047 pedestrian
411 9.5908 0.3491 pedestrian
412 14.0516 -0.1222 pedestrian
412 9.8138 0.3665 pedestrian
413 14.0516 -0.1222 pedestrian
413 9.8138 0.3665 pedestrian
414 14.0516 -0.1222 pedestrian
414 9.8138 0.3665 pedestrian
415 14.0516 -0.1222 pedestrian
415 9.8138 0.3665 pedestrian
416 14.0516 -0.1222 pedestrian
416 9.8138 0.3665 pedestrian
417 14.0516 -0.1222 pedestrian
417 9.8138 0.3665 pedestrian
418 14.0516 -0.1222 pedestrian
418 9.8138 0.3665 pedestrian
419 13.8286 -0.1396 pedestrian
419 10.0369 0.3491 pedestrian
420 13.8286 -0.1396 pedestrian
420 10.0369 0.3491 pedestrian
421 13.8286 -0.1396 pedestrian
421 10.0369 0.3491 pedestrian
422 13.8286 -0.1396 pedestrian
422 10.0369 0.3491 pedestrian
423 13.8286 -0.1396 pedestrian
423 10.0369 0.3491 pedestrian
424 13.8286 -0.1396 pedestrian
424 10.0369 0.3491 pedestrian
425 13.6056 -0.1396 pedestrian
425 10.2599 0.3665 pedestrian
426 13.6056 -0.1396 pedestrian
426 10.2599 0.3665 pedestrian
427 13.6056 -0.1396 pedestrian
427 10.2599 0.3665 pedestrian
428 13.6056 -0.1396 pedestrian
428 10.2599 0.3665 pedestrian
429 13.6056 -0.1396 pedestrian
429 10.2599 0.3665 pedestrian
430 13.6056 -0.1396 pedestrian
430 10.2599 0.3665 pedestrian
431 13.6056 -0.1396 pedestrian
431 10.2599 0.3665 pedestrian
432 13.6056 -0.1396 pedestrian
432 10.2599 0.3665 pedestrian
433 13.3825 -0.1396 pedestrian
433 10.2599 0.3665 pedestrian
434 13.3825 -0.1396 pedestrian
434 10.2599 0.3665 pedestrian
435 13.3825 -0.1396 pedestrian
435 10.2599 0.3665 pedestrian
436 13.3825 -0.1396 pedestrian
436 10.4830 0.3665 pedestrian
437 13.3825 -0.1396 pedestrian
437 10.4830 0.3665 pedestrian
438 13.3825 -0.1396 pedestrian
438 10.4830 0.3665 pedestrian
439 13.3825 -0.1396 pedestrian
439 10.4830 0.3665 pedestrian
440 13.3825 -0.1396 pedestrian
440 10.4830 0.3665 pedestrian
441 13.1595 -0.1396 pedestrian
441 10.4830 0.3665 pedestrian
442 13.1595 -0.1396 pedestrian
442 10.4830 0.3665 pedestrian
443 13.1595 -0.1396 pedestrian
443 10.4830 0.3665 pedestrian
444 12.9364 -0.1745 pedestrian
444 10.4830 0.3665 pedestrian
445 12.9364 -0.1745 pedestrian
445 10.4830 0.3665 pedestrian
446 12.9364 -0.1745 pedestrian
446 10.4830 0.3665 pedestrian
447 12.9364 -0.1745 pedestrian
447 10.4830 0.3665 pedestrian
448 12.9364 -0.1745 pedestrian
448 10.4830 0.3665 pedestrian
449 12.9364 -0.1745 pedestrian
449 10.4830 0.3665 pedestrian
450 12.9364 -0.1745 pedestrian
450 10.7060 0.3491 pedestrian
451 12.9364 -0.1745 pedestrian
451 10.7060 0.3491 pedestrian
452 12.7134 -0.1571 pedestrian
452 10.7060 0.3491 pedestrian
453 12.7134 -0.1571 pedestrian
453 10.7060 0.3491 pedestrian
454 12.7134 -0.1571 pedestrian
454 10.7060 0.3491 pedestrian
455 12.7134 -0.1571 pedestrian
455 10.7060 0.3491 pedestrian
456 12.7134 -0.1571 pedestrian
456 10.7060 0.3491 pedestrian
457 12.7134 -0.1571 pedestrian
457 10.7060 0.3491 pedestrian
458 12.7134 -0.1571 pedestrian
458 10.7060 0.3491 pedestrian
459 12.7134 -0.1571 pedestrian
459 10.7060 0.3491 pedestrian
460 12.7134 -0.1571 pedestrian
460 10.7060 0.3491 pedestrian
461 12.4903 -0.1571 pedestrian
461 10.7060 0.3491 pedestrian
462 12.4903 -0.1571 pedestrian
462 10.7060 0.3491 pedestrian
463 12.4903 -0.1571 pedestrian
463 10.7060 0.3491 pedestrian
464 12.4903 -0.1571 pedestrian
464 10.7060 0.3491 pedestrian
465 12.4903 -0.1571 pedestrian
465 10.7060 0.2967 pedestrian
466 12.2673 -0.1396 pedestrian
466 10.7060 0.2967 pedestrian
467 12.2673 -0.1396 pedestrian
467 10.7060 0.2967 pedestrian
468 12.2673 -0.1396 pedestrian
468 10.7060 0.2967 pedestrian
469 12.2673 -0.1396 pedestrian
469 10.7060 0.2967 pedestrian
470 12.2673 -0.1396 pedestrian
470 10.7060 0.2967 pedestrian
471 12.2673 -0.1396 pedestrian
471 10.7060 0.2967 pedestrian
472 12.2673 -0.1396 pedestrian
472 10.7060 0.2967 pedestrian
473 12.2673 -0.1396 pedestrian
473 10.7060 0.2967 pedestrian
474 12.2673 -0.1396 pedestrian
474 10.7060 0.2967 pedestrian
475 12.2673 -0.1396 pedestrian
475 10.7060 0.2967 pedestrian
476 12.0443 -0.1396 pedestrian
476 10.7060 0.2443 pedestrian
477 12.0443 -0.1396 pedestrian
477 10.7060 0.2443 pedestrian
478 12.0443 -0.1396 pedestrian
478 10.7060 0.2443 pedestrian
479 12.0443 -0.1396 pedestrian
479 10.7060 0.2443 pedestrian
480 11.8212 -0.1396 pedestrian
480 10.7060 0.2443 pedestrian
481 11.8212 -0.1396 pedestrian
481 10.7060 0.2443 pedestrian
482 11.8212 -0.1396 pedestrian
482 10.7060 0.2443 pedestrian
483 11.8212 -0.1396 pedestrian
483 10.7060 0.2443 pedestrian
484 11.8212 -0.1396 pedestrian
484 10.7060 0.2443 pedestrian
485 11.8212 -0.1396 pedestrian
485 10.7060 0.2443 pedestrian
486 11.8212 -0.1396 pedestrian
486 10.7060 0.2443 pedestrian
487 11.8212 -0.1396 pedestrian
487 10.7060 0.2443 pedestrian
488 11.8212 -0.1396 pedestrian
488 10.7060 0.2443 pedestrian
489 11.8212 -0.1396 pedestrian
489 10.7060 0.2443 pedestrian
490 11.8212 -0.1396 pedestrian
490 10.7060 0.2443 pedestrian
491 11.8212 -0.1396 pedestrian
491 10.7060 0.2443 pedestrian
492 11.8212 -0.1222 pedestrian
492 10.4830 0.2269 pedestrian
493 11.8212 -0.1396 pedestrian
493 10.7060 0.2443 pedestrian
494 11.8212 -0.1396 pedestrian
494 10.7060 0.2443 pedestrian
495 11.8212 -0.1396 pedestrian
495 10.7060 0.2443 pedestrian
496 11.8212 -0.1396 pedestrian
496 10.4830 0.2094 pedestrian
497 11.5982 -0.1047 pedestrian
497 10.4830 0.2094 pedestrian
498 11.5982 -0.1047 pedestrian
498 10.4830 0.2094 pedestrian
499 11.5982 -0.1047 pedestrian
499 10.4830 0.2094 pedestrian
500 11.5982 -0.1047 pedestrian
500 10.4830 0.2094 pedestrian
501 11.5982 -0.1047 pedestrian
501 10.2599 0.1920 pedestrian
502 11.5982 -0.1047 pedestrian
502 10.2599 0.1920 pedestrian
503 11.5982 -0.1047 pedestrian
503 10.2599 0.1920 pedestrian
504 11.5982 -0.1047 pedestrian
504 10.2599 0.1920 pedestrian
505 11.3751 -0.0873 pedestrian
505 10.2599 0.1920 pedestrian
506 11.3751 -0.0873 pedestrian
506 10.2599 0.1920 pedestrian
507 11.3751 -0.0873 pedestrian
507 10.2599 0.1920 pedestrian
508 11.3751 -0.0524 pedestrian
508 10.2599 0.1920 pedestrian
509 11.3751 -0.0524 pedestrian
509 10.2599 0.1920 pedestrian
510 11.3751 -0.0524 pedestrian
510 10.0369 0.1745 pedestrian
511 11.3751 -0.0524 pedestrian
511 10.0369 0.1745 pedestrian
512 11.3751 -0.0524 pedestrian
512 10.0369 0.1745 pedestrian
513 11.3751 -0.0524 pedestrian
513 10.0369 0.1745 pedestrian
514 11.3751 -0.0524 pedestrian
514 10.0369 0.1745 pedestrian
515 11.3751 -0.0524 pedestrian
515 10.0369 0.1745 pedestrian
516 11.3751 -0.0524 pedestrian
516 10.0369 0.1745 pedestrian
517 11.3751 -0.0524 pedestrian
517 10.0369 0.1745 pedestrian
518 11.3751 -0.0524 pedestrian
518 10.0369 0.1745 pedestrian
519 11.3751 -0.0524 pedestrian
519 9.8138 0.1396 pedestrian
520 11.3751 -0.0524 pedestrian
520 9.8138 0.1222 pedestrian
521 11.3751 -0.0524 pedestrian
521 9.8138 0.1222 pedestrian
522 11.3751 -0.0524 pedestrian
522 9.8138 0.1222 pedestrian
523 11.3751 -0.0349 pedestrian
523 9.8138 0.1222 pedestrian
524 11.3751 -0.0349 pedestrian
524 9.8138 0.1222 pedestrian
525 11.3751 -0.0349 pedestrian
525 9.8138 0.1222 pedestrian
526 11.3751 -0.0349 pedestrian
526 9.8138 0.1222 pedestrian
527 11.3751 0.0000 pedestrian
527 9.8138 0.1222 pedestrian
528 11.3751 0.0000 pedestrian
528 9.8138 0.1222 pedestrian
529 11.3751 0.0000 pedestrian
529 9.8138 0.1222 pedestrian
530 11.3751 0.0000 pedestrian
530 9.5908 0.1047 pedestrian
531 11.3751 0.0000 pedestrian
531 9.5908 0.1047 pedestrian
532 11.3751 0.0000 pedestrian
532 9.5908 0.1047 pedestrian
533 12.0443 0.0698 pedestrian
533 10.4830 0.1396 pedestrian
534 11.3751 0.0175 pedestrian
534 9.5908 0.1047 pedestrian
535 11.3751 0.0175 pedestrian
535 9.5908 0.1047 pedestrian
536 11.3751 0.0175 pedestrian
536 9.5908 0.0698 pedestrian
537 11.3751 0.0175 pedestrian
537 9.5908 0.0698 pedestrian
538 11.3751 0.0175 pedestrian
538 9.5908 0.0698 pedestrian
539 11.3751 0.0175 pedestrian
539 9.5908 0.0698 pedestrian
540 11.3751 0.0175 pedestrian
540 9.5908 0.0698 pedestrian
541 11.1521 0.0524 pedestrian
541 9.5908 0.0698 pedestrian
542 11.1521 0.0524 pedestrian
542 9.5908 0.0698 pedestrian
543 11.1521 0.0524 pedestrian
543 9.5908 0.0698 pedestrian
544 11.1521 0.0524 pedestrian
544 9.5908 0.0698 pedestrian
545 11.1521 0.0524 pedestrian
545 9.5908 0.0698 pedestrian
546 11.1521 0.0524 pedestrian
546 9.5908 0.0698 pedestrian
547 11.1521 0.0524 pedestrian
547 9.3678 0.0349 pedestrian
548 11.1521 0.0524 pedestrian
548 9.3678 0.0349 pedestrian
549 11.1521 0.0524 pedestrian
549 9.3678 0.0349 pedestrian
550 11.1521 0.0524 pedestrian
550 9.3678 0.0349 pedestrian
551 11.1521 0.0524 pedestrian
551 9.3678 0.0349 pedestrian
552 11.1521 0.0524 pedestrian
552 9.3678 0.0349 pedestrian
553 11.1521 0.0524 pedestrian
553 9.3678 0.0349 pedestrian
554 11.1521 0.0524 pedestrian
554 9.3678 0.0349 pedestrian
555 11.1521 0.0524 pedestrian
555 9.3678 0.0349 pedestrian
556 11.1521 0.0873 pedestrian
556 9.3678 0.0000 pedestrian
557 11.1521 0.0873 pedestrian
557 9.3678 0.0000 pedestrian
558 11.1521 0.0873 pedestrian
558 9.3678 0.0000 pedestrian
559 11.1521 0.0873 pedestrian
559 9.3678 0.0000 pedestrian
560 11.1521 0.0873 pedestrian
560 9.3678 0.0000 pedestrian
561 11.1521 0.0873 pedestrian
561 9.3678 0.0000 pedestrian
562 11.1521 0.0873 pedestrian
562 9.3678 0.0000 pedestrian
563 11.1521 0.0873 pedestrian
563 9.3678 0.0000 pedestrian
564 11.1521 0.0873 pedestrian
564 9.3678 0.0000 pedestrian
565 11.1521 0.1222 pedestrian
565 9.5908 -0.0175 pedestrian
566 11.1521 0.1222 pedestrian
566 9.5908 -0.0175 pedestrian
567 11.1521 0.1222 pedestrian
567 9.5908 -0.0175 pedestrian
568 11.1521 0.1222 pedestrian
568 9.5908 -0.0175 pedestrian
569 11.1521 0.1222 pedestrian
569 9.5908 -0.0175 pedestrian
570 11.1521 0.1222 pedestrian
570 9.5908 -0.0175 pedestrian
571 11.1521 0.1222 pedestrian
571 9.5908 -0.0175 pedestrian
572 11.1521 0.1222 pedestrian
572 9.5908 -0.0524 pedestrian
573 11.1521 0.1222 pedestrian
573 9.5908 -0.0524 pedestrian
574 11.1521 0.1745 pedestrian
574 9.5908 -0.0524 pedestrian
575 11.1521 0.1745 pedestrian
575 9.5908 -0.0524 pedestrian
576 11.1521 0.1745 pedestrian
576 9.5908 -0.0524 pedestrian
577 11.1521 0.1745 pedestrian
577 9.5908 -0.0524 pedestrian
578 11.1521 0.1745 pedestrian
578 9.5908 -0.0524 pedestrian
579 11.1521 0.1745 pedestrian
579 9.5908 -0.0873 pedestrian
580 11.1521 0.1745 pedestrian
580 9.5908 -0.0873 pedestrian
581 11.1521 0.1745 pedestrian
581 9.5908 -0.0873 pedestrian
582 11.1521 0.1745 pedestrian
582 9.5908 -0.0873 pedestrian
583 11.1521 0.1745 pedestrian
583 9.5908 -0.0873 pedestrian
584 11.1521 0.1745 pedestrian
584 9.5908 -0.0873 pedestrian
585 11.1521 0.1745 pedestrian
585 9.5908 -0.0873 pedestrian
586 11.1521 0.1745 pedestrian
586 9.5908 -0.0873 pedestrian
587 11.1521 0.1745 pedestrian
587 9.5908 -0.0873 pedestrian
588 11.1521 0.1745 pedestrian
588 9.5908 -0.0873 pedestrian
589 11.1521 0.1745 pedestrian
589 9.5908 -0.0873 pedestrian
590 11.1521 0.2094 pedestrian
590 9.8138 -0.1047 pedestrian
591 11.1521 0.2094 pedestrian
591 9.8138 -0.1047 pedestrian
592 11.1521 0.2094 pedestrian
592 9.8138 -0.1047 pedestrian
593 11.1521 0.2094 pedestrian
593 9.8138 -0.1047 pedestrian
594 11.1521 0.2094 pedestrian
594 9.8138 -0.1047 pedestrian
595 11.1521 0.2094 pedestrian
595 9.8138 -0.1047 pedestrian
596 11.1521 0.2094 pedestrian
596 9.8138 -0.1047 pedestrian
597 11.1521 0.2094 pedestrian
597 9.8138 -0.1396 pedestrian
598 11.3751 0.2443 pedestrian
598 9.8138 -0.1396 pedestrian
599 11.3751 0.2443 pedestrian
599 9.8138 -0.1396 pedestrian
600 11.3751 0.2443 pedestrian
600 9.8138 -0.1396 pedestrian
601 11.3751 0.2443 pedestrian
601 9.8138 -0.1396 pedestrian
602 11.3751 0.2443 pedestrian
602 9.8138 -0.1396 pedestrian
603 11.3751 0.2618 pedestrian
603 10.0369 -0.1571 pedestrian
604 11.3751 0.2618 pedestrian
604 10.0369 -0.1571 pedestrian
605 11.3751 0.2618 pedestrian
605 10.0369 -0.1571 pedestrian
606 11.3751 0.2618 pedestrian
606 10.0369 -0.1571 pedestrian
607 11.3751 0.2618 pedestrian
607 10.0369 -0.1571 pedestrian
608 11.3751 0.2618 pedestrian
608 10.0369 -0.1571 pedestrian
609 11.5982 0.2793 pedestrian
609 10.0369 -0.1571 pedestrian
610 11.5982 0.2793 pedestrian
610 10.0369 -0.1571 pedestrian
611 11.5982 0.2793 pedestrian
611 10.0369 -0.1571 pedestrian
612 11.5982 0.2793 pedestrian
612 10.0369 -0.1920 pedestrian
613 11.5982 0.2793 pedestrian
613 10.0369 -0.1920 pedestrian
614 11.5982 0.2793 pedestrian
614 10.0369 -0.1920 pedestrian
615 11.5982 0.2793 pedestrian
615 10.0369 -0.1920 pedestrian
616 11.8212 0.2793 pedestrian
616 10.0369 -0.1920 pedestrian
617 11.8212 0.2793 pedestrian
617 10.0369 -0.1920 pedestrian
618 11.8212 0.2793 pedestrian
618 10.0369 -0.1920 pedestrian
619 11.8212 0.2793 pedestrian
619 10.0369 -0.1920 pedestrian
620 11.8212 0.2793 pedestrian
620 10.2599 -0.1920 pedestrian
621 11.8212 0.2793 pedestrian
621 10.2599 -0.1920 pedestrian
622 11.8212 0.2793 pedestrian
622 10.2599 -0.1920 pedestrian
623 11.8212 0.2793 pedestrian
623 10.2599 -0.1920 pedestrian
624 12.0443 0.2967 pedestrian
624 10.2599 -0.1920 pedestrian
625 12.0443 0.2967 pedestrian
625 10.2599 -0.1920 pedestrian
626 12.0443 0.2967 pedestrian
626 10.2599 -0.1920 pedestrian
627 12.0443 0.2967 pedestrian
627 10.4830 -0.2094 pedestrian
628 12.0443 0.2967 pedestrian
628 10.4830 -0.2094 pedestrian
629 12.0443 0.2967 pedestrian
629 10.4830 -0.2094 pedestrian
630 12.0443 0.2967 pedestrian
630 10.4830 -0.2269 pedestrian
631 12.2673 0.3142 pedestrian
631 10.4830 -0.2269 pedestrian
632 12.2673 0.3142 pedestrian
632 10.4830 -0.2269 pedestrian
633 12.2673 0.3142 pedestrian
633 10.4830 -0.2269 pedestrian
634 12.2673 0.3142 pedestrian
634 10.4830 -0.2269 pedestrian
635 12.2673 0.3142 pedestrian
635 10.7060 -0.2443 pedestrian
636 12.2673 0.3142 pedestrian
636 10.7060 -0.2443 pedestrian
637 12.2673 0.3142 pedestrian
637 10.7060 -0.2443 pedestrian
638 12.2673 0.3142 pedestrian
638 10.7060 -0.2443 pedestrian
639 12.2673 0.3142 pedestrian
639 10.7060 -0.2443 pedestrian
640 12.4903 0.3142 pedestrian
640 10.7060 -0.2443 pedestrian
641 12.4903 0.3142 pedestrian
641 10.7060 -0.2793 pedestrian
642 12.4903 0.3142 pedestrian
642 10.7060 -0.2793 pedestrian
643 12.4903 0.3142 pedestrian
643 10.7060 -0.2793 pedestrian
644 12.7134 0.3142 pedestrian
644 10.9290 -0.2793 pedestrian
645 12.7134 0.3142 pedestrian
645 10.9290 -0.2793 pedestrian
646 12.7134 0.3142 pedestrian
646 10.9290 -0.2793 pedestrian
647 12.7134 0.3142 pedestrian
647 10.9290 -0.2793 pedestrian
648 12.9364 0.3142 pedestrian
648 10.9290 -0.2793 pedestrian
649 12.7134 0.3142 pedestrian
649 10.9290 -0.2793 pedestrian
650 12.7134 0.3142 pedestrian
650 10.9290 -0.2793 pedestrian
651 12.7134 0.3142 pedestrian
651 10.9290 -0.2793 pedestrian
652 12.7134 0.3142 pedestrian
652 10.9290 -0.2793 pedestrian
653 12.7134 0.3142 pedestrian
653 10.9290 -0.3142 pedestrian
654 12.9364 0.3142 pedestrian
654 10.9290 -0.3142 pedestrian
655 12.9364 0.3142 pedestrian
655 10.9290 -0.3142 pedestrian
656 12.9364 0.3142 pedestrian
656 10.9290 -0.3142 pedestrian
657 12.9364 0.3142 pedestrian
657 10.9290 -0.3142 pedestrian
658 12.9364 0.3142 pedestrian
658 10.9290 -0.3142 pedestrian
659 12.9364 0.3142 pedestrian
659 10.9290 -0.3142 pedestrian
660 13.1595 0.3142 pedestrian
660 10.9290 -0.3142 pedestrian
661 13.1595 0.3142 pedestrian
661 10.9290 -0.3142 pedestrian
662 13.1595 0.3142 pedestrian
662 11.1521 -0.3142 pedestrian
663 13.3825 0.3142 pedestrian
663 11.1521 -0.3142 pedestrian
664 13.3825 0.3142 pedestrian
664 11.1521 -0.3142 pedestrian
665 13.3825 0.3142 pedestrian
665 11.1521 -0.3142 pedestrian
666 13.3825 0.3142 pedestrian
666 11.1521 -0.3142 pedestrian
667 13.3825 0.2967 pedestrian
667 11.1521 -0.3491 pedestrian
668 13.3825 0.2967 pedestrian
668 11.1521 -0.3491 pedestrian
669 13.3825 0.2967 pedestrian
669 11.1521 -0.3491 pedestrian
670 13.3825 0.2967 pedestrian
670 11.1521 -0.3491 pedestrian
671 13.3825 0.2967 pedestrian
671 11.1521 -0.3491 pedestrian
672 13.3825 0.2793 pedestrian
672 11.1521 -0.3491 pedestrian
673 13.3825 0.2793 pedestrian
673 11.1521 -0.3491 pedestrian
674 13.3825 0.2793 pedestrian
674 11.1521 -0.3491 pedestrian
675 13.3825 0.2793 pedestrian
675 11.1521 -0.3491 pedestrian
676 13.3825 0.2793 pedestrian
676 11.1521 -0.3491 pedestrian
677 13.3825 0.2793 pedestrian
677 11.1521 -0.3491 pedestrian
678 13.6056 0.2618 pedestrian
678 11.1521 -0.3491 pedestrian
679 13.6056 0.2618 pedestrian
679 11.1521 -0.3491 pedestrian
680 13.6056 0.2618 pedestrian
680 11.1521 -0.3665 pedestrian
681 13.6056 0.2618 pedestrian
681 11.1521 -0.3665 pedestrian
682 13.6056 0.2618 pedestrian
682 11.1521 -0.3665 pedestrian
683 13.6056 0.2618 pedestrian
683 11.1521 -0.3665 pedestrian
684 13.6056 0.2618 pedestrian
684 11.1521 -0.3665 pedestrian
685 13.6056 0.2618 pedestrian
685 11.1521 -0.3665 pedestrian
686 13.6056 0.2618 pedestrian
686 11.1521 -0.3665 pedestrian
687 13.6056 0.2443 pedestrian
687 10.9290 -0.3840 pedestrian
688 13.6056 0.2443 pedestrian
688 10.9290 -0.3840 pedestrian
689 13.6056 0.2443 pedestrian
689 10.9290 -0.3840 pedestrian
690 13.6056 0.2443 pedestrian
690 10.9290 -0.3840 pedestrian
691 13.6056 0.2443 pedestrian
691 10.9290 -0.3840 pedestrian
692 13.6056 0.2443 pedestrian
692 10.9290 -0.3840 pedestrian
693 13.6056 0.2443 pedestrian
693 10.9290 -0.3840 pedestrian
694 13.6056 0.2443 pedestrian
694 10.9290 -0.3840 pedestrian
695 13.8286 0.2094 pedestrian
695 10.9290 -0.3840 pedestrian
696 13.8286 0.2094 pedestrian
696 10.9290 -0.3840 pedestrian
697 13.8286 0.2094 pedestrian
697 10.7060 -0.3840 pedestrian
698 13.8286 0.2094 pedestrian
698 10.7060 -0.3840 pedestrian
699 13.8286 0.2094 pedestrian
699 10.7060 -0.3840 pedestrian
700 13.8286 0.2094 pedestrian
700 10.7060 -0.3840 pedestrian
701 13.8286 0.2094 pedestrian
701 10.7060 -0.3840 pedestrian
702 13.8286 0.2094 pedestrian
702 10.7060 -0.3840 pedestrian
703 13.8286 0.1920 pedestrian
703 10.7060 -0.3840 pedestrian
704 13.8286 0.1920 pedestrian
704 10.7060 -0.3840 pedestrian
705 13.8286 0.1920 pedestrian
705 10.7060 -0.3840 pedestrian
706 13.8286 0.1920 pedestrian
706 10.4830 -0.4014 pedestrian
707 13.8286 0.1920 pedestrian
707 10.4830 -0.4014 pedestrian
708 13.8286 0.1920 pedestrian
708 10.4830 -0.4014 pedestrian
709 13.8286 0.1920 pedestrian
709 10.4830 -0.4014 pedestrian
710 13.8286 0.1920 pedestrian
710 10.4830 -0.4014 pedestrian
711 13.8286 0.1920 pedestrian
711 10.4830 -0.4014 pedestrian
712 13.6056 0.1745 pedestrian
712 10.4830 -0.4014 pedestrian
713 13.6056 0.1745 pedestrian
713 10.4830 -0.4014 pedestrian
714 13.6056 0.1745 pedestrian
714 10.4830 -0.4014 pedestrian
715 13.6056 0.1745 pedestrian
715 10.4830 -0.4014 pedestrian
716 13.6056 0.1745 pedestrian
716 10.4830 -0.4014 pedestrian
717 13.6056 0.1745 pedestrian
717 10.4830 -0.4014 pedestrian
718 13.6056 0.1745 pedestrian
718 10.4830 -0.4014 pedestrian
719 13.6056 0.1396 pedestrian
719 10.4830 -0.4014 pedestrian
720 13.6056 0.1396 pedestrian
720 10.4830 -0.4014 pedestrian
721 13.6056 0.1396 pedestrian
721 10.4830 -0.4014 pedestrian
722 13.6056 0.1396 pedestrian
722 10.4830 -0.4014 pedestrian
723 13.6056 0.1396 pedestrian
723 10.0369 -0.3840 pedestrian
724 13.6056 0.1396 pedestrian
724 10.0369 -0.3840 pedestrian
725 13.6056 0.1396 pedestrian
725 10.0369 -0.3840 pedestrian
726 13.6056 0.1222 pedestrian
726 10.0369 -0.3840 pedestrian
727 13.6056 0.1222 pedestrian
727 10.0369 -0.3840 pedestrian
728 13.6056 0.1222 pedestrian
728 10.0369 -0.3840 pedestrian
729 13.6056 0.1222 pedestrian
729 10.0369 -0.3840 pedestrian
730 13.6056 0.1222 pedestrian
730 10.0369 -0.3491 pedestrian
731 13.6056 0.1222 pedestrian
731 10.0369 -0.3491 pedestrian
732 13.6056 0.1222 pedestrian
732 10.0369 -0.3491 pedestrian
733 13.6056 0.1222 pedestrian
733 10.0369 -0.3491 pedestrian
734 13.6056 0.1222 pedestrian
734 10.0369 -0.3491 pedestrian
735 13.6056 0.1222 pedestrian
735 10.0369 -0.3491 pedestrian
736 13.6056 0.1222 pedestrian
736 10.0369 -0.3491 pedestrian
737 13.3825 0.0873 pedestrian
737 10.0369 -0.3491 pedestrian
738 13.3825 0.0873 pedestrian
738 10.0369 -0.3491 pedestrian
739 13.3825 0.0873 pedestrian
739 10.0369 -0.3491 pedestrian
740 13.3825 0.0873 pedestrian
740 10.0369 -0.3491 pedestrian
741 13.3825 0.0873 pedestrian
741 10.0369 -0.3491 pedestrian
742 13.3825 0.0873 pedestrian
742 10.0369 -0.3491 pedestrian
743 13.3825 0.0873 pedestrian
743 10.0369 -0.3142 pedestrian
744 13.3825 0.0873 pedestrian
744 9.8138 -0.2967 pedestrian
745 13.3825 0.0873 pedestrian
745 9.8138 -0.2967 pedestrian
746 13.3825 0.0873 pedestrian
746 9.8138 -0.2967 pedestrian
747 13.3825 0.0873 pedestrian
747 9.8138 -0.2967 pedestrian
748 13.1595 0.0873 pedestrian
748 9.8138 -0.2967 pedestrian
749 13.1595 0.0873 pedestrian
749 9.8138 -0.2967 pedestrian
750 13.1595 0.0873 pedestrian
750 9.8138 -0.2967 pedestrian
751 13.1595 0.0873 pedestrian
751 9.8138 -0.2967 pedestrian
752 13.1595 0.0873 pedestrian
752 9.8138 -0.2967 pedestrian
753 13.1595 0.0873 pedestrian
753 9.8138 -0.2967 pedestrian
754 13.1595 0.0873 pedestrian
754 9.8138 -0.2967 pedestrian
755 12.9364 0.0524 pedestrian
755 9.8138 -0.2967 pedestrian
756 12.9364 0.0524 pedestrian
756 9.8138 -0.2967 pedestrian
757 12.9364 0.0524 pedestrian
757 9.8138 -0.2443 pedestrian
758 12.9364 0.0524 pedestrian
758 9.8138 -0.2443 pedestrian
759 12.9364 0.0524 pedestrian
759 9.8138 -0.2443 pedestrian
760 12.9364 0.0524 pedestrian
760 9.8138 -0.2443 pedestrian
761 12.9364 0.0524 pedestrian
761 9.8138 -0.2443 pedestrian
762 12.9364 0.0524 pedestrian
762 9.8138 -0.2443 pedestrian
763 12.9364 0.0524 pedestrian
763 9.8138 -0.2443 pedestrian
764 12.9364 0.0524 pedestrian
764 9.8138 -0.2443 pedestrian
765 12.9364 0.0524 pedestrian
765 9.8138 -0.2443 pedestrian
766 12.9364 0.0524 pedestrian
766 9.8138 -0.2443 pedestrian
767 12.9364 0.0524 pedestrian
767 9.8138 -0.2443 pedestrian
768 12.7134 0.0349 pedestrian
768 9.8138 -0.2443 pedestrian
769 12.7134 0.0175 pedestrian
769 9.8138 -0.2269 pedestrian
770 12.7134 0.0175 pedestrian
770 9.8138 -0.2269 pedestrian
771 12.7134 0.0175 pedestrian
771 10.0369 -0.2094 pedestrian
772 12.7134 0.0175 pedestrian
772 10.0369 -0.2094 pedestrian
773 12.7134 0.0175 pedestrian
773 10.0369 -0.2094 pedestrian
774 12.7134 0.0175 pedestrian
774 10.0369 -0.2094 pedestrian
775 12.7134 0.0175 pedestrian
775 10.0369 -0.2094 pedestrian
776 12.7134 0.0175 pedestrian
776 10.0369 -0.2094 pedestrian
777 12.7134 0.0175 pedestrian
777 10.0369 -0.2094 pedestrian
778 12.7134 0.0175 pedestrian
778 10.0369 -0.2094 pedestrian
779 12.7134 0.0175 pedestrian
779 10.0369 -0.2094 pedestrian
780 12.7134 0.0175 pedestrian
780 10.0369 -0.2094 pedestrian
781 12.4903 0.0000 pedestrian
781 9.8138 -0.1745 pedestrian
782 12.4903 0.0000 pedestrian
782 9.8138 -0.1745 pedestrian
783 12.4903 0.0000 pedestrian
783 9.8138 -0.1745 pedestrian
784 12.4903 0.0000 pedestrian
784 9.8138 -0.1745 pedestrian
785 12.4903 0.0000 pedestrian
785 9.8138 -0.1745 pedestrian
786 12.4903 0.0000 pedestrian
786 9.8138 -0.1745 pedestrian
787 12.4903 0.0000 pedestrian
787 9.8138 -0.1745 pedestrian
788 12.4903 -0.0175 pedestrian
788 10.0369 -0.1396 pedestrian
789 12.4903 -0.0175 pedestrian
789 10.0369 -0.1396 pedestrian
790 12.4903 -0.0175 pedestrian
790 10.0369 -0.1396 pedestrian
791 12.4903 -0.0175 pedestrian
791 10.0369 -0.1396 pedestrian
792 12.4903 -0.0175 pedestrian
792 10.0369 -0.1396 pedestrian
793 12.4903 -0.0175 pedestrian
793 10.0369 -0.1396 pedestrian
794 12.2673 -0.0349 pedestrian
794 10.0369 -0.1396 pedestrian
795 12.2673 -0.0349 pedestrian
795 10.0369 -0.1396 pedestrian
796 12.2673 -0.0349 pedestrian
796 10.0369 -0.1396 pedestrian
797 12.2673 -0.0349 pedestrian
797 10.0369 -0.1396 pedestrian
798 12.2673 -0.0349 pedestrian
798 10.0369 -0.1396 pedestrian
799 12.2673 -0.0349 pedestrian
799 10.0369 -0.1047 pedestrian
800 12.2673 -0.0349 pedestrian
800 10.0369 -0.1047 pedestrian
801 12.2673 -0.0349 pedestrian
801 10.0369 -0.1047 pedestrian
802 12.2673 -0.0698 pedestrian
802 10.0369 -0.1047 pedestrian
803 12.2673 -0.0698 pedestrian
803 10.0369 -0.1047 pedestrian
804 12.2673 -0.0698 pedestrian
804 10.0369 -0.1047 pedestrian
805 12.2673 -0.0698 pedestrian
805 10.0369 -0.1047 pedestrian
806 12.2673 -0.0698 pedestrian
806 10.0369 -0.1047 pedestrian
807 12.2673 -0.0698 pedestrian
807 10.0369 -0.1047 pedestrian
808 12.2673 -0.0698 pedestrian
808 10.0369 -0.0873 pedestrian
809 12.2673 -0.0698 pedestrian
809 10.0369 -0.0873 pedestrian
810 12.2673 -0.0698 pedestrian
810 10.0369 -0.0873 pedestrian
811 12.2673 -0.0698 pedestrian
811 10.0369 -0.0873 pedestrian
812 12.2673 -0.0698 pedestrian
812 10.0369 -0.0873 pedestrian
813 12.2673 -0.0698 pedestrian
813 10.0369 -0.0873 pedestrian
814 11.8212 -0.0873 pedestrian
814 10.0369 -0.0524 pedestrian
815 11.8212 -0.0873 pedestrian
815 10.0369 -0.0524 pedestrian
816 11.8212 -0.0873 pedestrian
816 10.0369 -0.0524 pedestrian
817 11.8212 -0.0873 pedestrian
817 10.0369 -0.0524 pedestrian
818 11.8212 -0.0873 pedestrian
818 10.0369 -0.0524 pedestrian
819 11.8212 -0.0873 pedestrian
819 10.0369 -0.0524 pedestrian
820 11.8212 -0.0873 pedestrian
820 10.0369 -0.0524 pedestrian
821 11.8212 -0.0873 pedestrian
821 10.0369 -0.0524 pedestrian
822 11.8212 -0.0873 pedestrian
822 10.0369 -0.0524 pedestrian
823 11.8212 -0.0873 pedestrian
823 10.0369 -0.0524 pedestrian
824 11.8212 -0.0873 pedestrian
824 10.0369 -0.0524 pedestrian
825 11.5982 -0.0873 pedestrian
825 10.0369 -0.0175 pedestrian
826 11.5982 -0.0873 pedestrian
826 10.0369 -0.0175 pedestrian
827 11.5982 -0.0873 pedestrian
827 10.0369 -0.0175 pedestrian
828 11.5982 -0.0873 pedestrian
828 10.0369 -0.0175 pedestrian
829 11.5982 -0.0873 pedestrian
829 10.0369 -0.0175 pedestrian
830 11.5982 -0.0873 pedestrian
830 10.0369 -0.0175 pedestrian
831 11.5982 -0.0873 pedestrian
831 10.0369 -0.0175 pedestrian
832 11.5982 -0.0873 pedestrian
832 10.0369 -0.0175 pedestrian
833 11.3751 -0.0698 pedestrian
833 10.0369 -0.0175 pedestrian
834 11.3751 -0.0873 pedestrian
834 10.0369 0.0175 pedestrian
835 11.3751 -0.0873 pedestrian
835 10.0369 0.0175 pedestrian
836 11.3751 -0.0873 pedestrian
836 10.0369 0.0175 pedestrian
837 11.3751 -0.0873 pedestrian
837 10.0369 0.0175 pedestrian
838 11.3751 -0.0873 pedestrian
838 10.0369 0.0175 pedestrian
839 11.3751 -0.0873 pedestrian
839 10.0369 0.0175 pedestrian
840 11.3751 -0.0873 pedestrian
840 10.0369 0.0175 pedestrian
841 11.3751 -0.0873 pedestrian
841 10.0369 0.0175 pedestrian
842 11.3751 -0.0873 pedestrian
842 10.0369 0.0175 pedestrian
843 11.3751 -0.0873 pedestrian
843 10.0369 0.0698 pedestrian
844 11.3751 -0.0873 pedestrian
844 10.0369 0.0698 pedestrian
845 11.3751 -0.0873 pedestrian
845 10.0369 0.0698 pedestrian
846 11.3751 -0.0873 pedestrian
846 10.0369 0.0698 pedestrian
847 11.3751 -0.0873 pedestrian
847 10.0369 0.0698 pedestrian
848 11.3751 -0.0873 pedestrian
848 10.0369 0.0698 pedestrian
849 11.3751 -0.0873 pedestrian
849 10.0369 0.0698 pedestrian
850 11.3751 -0.0873 pedestrian
850 10.0369 0.0698 pedestrian
851 11.1521 -0.0524 pedestrian
851 10.0369 0.1047 pedestrian
852 11.1521 -0.0524 pedestrian
852 10.2599 0.1222 pedestrian
853 11.1521 -0.0524 pedestrian
853 10.2599 0.1222 pedestrian
854 11.1521 -0.0524 pedestrian
854 10.2599 0.1222 pedestrian
855 11.1521 -0.0524 pedestrian
855 10.2599 0.1222 pedestrian
856 11.1521 -0.0524 pedestrian
856 10.2599 0.1222 pedestrian
857 11.1521 -0.0524 pedestrian
857 10.2599 0.1222 pedestrian
858 11.1521 -0.0524 pedestrian
858 10.2599 0.1222 pedestrian
859 11.1521 -0.0524 pedestrian
859 10.2599 0.1222 pedestrian
860 11.3751 -0.0524 pedestrian
860 10.2599 0.1222 pedestrian
861 11.3751 -0.0524 pedestrian
861 10.2599 0.1222 pedestrian
862 11.3751 -0.0524 pedestrian
862 10.2599 0.1222 pedestrian
863 11.3751 -0.0524 pedestrian
863 10.2599 0.1222 pedestrian
864 11.3751 -0.0524 pedestrian
864 10.2599 0.1222 pedestrian
865 11.3751 -0.0175 pedestrian
865 10.2599 0.1222 pedestrian
866 11.3751 -0.0175 pedestrian
866 10.2599 0.1222 pedestrian
867 11.5982 0.0000 pedestrian
867 10.2599 0.1222 pedestrian
868 11.5982 0.0000 pedestrian
868 10.2599 0.1222 pedestrian
869 11.5982 0.0000 pedestrian
869 10.2599 0.1222 pedestrian
870 11.5982 0.0000 pedestrian
870 10.2599 0.1222 pedestrian
871 11.5982 0.0000 pedestrian
871 10.2599 0.1222 pedestrian
872 11.5982 0.0000 pedestrian
872 10.2599 0.1222 pedestrian
873 11.5982 0.0000 pedestrian
873 10.2599 0.1222 pedestrian
874 11.5982 0.0000 pedestrian
874 10.2599 0.1571 pedestrian
875 11.5982 0.0000 pedestrian
875 10.2599 0.1571 pedestrian
876 11.5982 0.0000 pedestrian
876 10.2599 0.1571 pedestrian
877 11.8212 0.0000 pedestrian
877 10.2599 0.1571 pedestrian
878 11.8212 0.0000 pedestrian
878 10.2599 0.1571 pedestrian
879 11.8212 0.0000 pedestrian
879 10.2599 0.1571 pedestrian
880 11.8212 0.0000 pedestrian
880 10.2599 0.2094 pedestrian
881 11.8212 0.0000 pedestrian
881 10.2599 0.2094 pedestrian
882 11.8212 0.0000 pedestrian
882 10.2599 0.2094 pedestrian
883 11.8212 0.0000 pedestrian
883 10.2599 0.2094 pedestrian
884 11.8212 0.0000 pedestrian
884 10.2599 0.2094 pedestrian
885 11.8212 0.0000 pedestrian
885 10.2599 0.2094 pedestrian
886 11.8212 0.0000 pedestrian
886 10.2599 0.2094 pedestrian
887 11.8212 0.0000 pedestrian
887 10.2599 0.2094 pedestrian
888 11.8212 0.0000 pedestrian
888 10.2599 0.2094 pedestrian
889 11.8212 0.0000 pedestrian
889 10.2599 0.2094 pedestrian
890 11.8212 0.0000 pedestrian
890 10.2599 0.2094 pedestrian
891 12.0443 0.0524 pedestrian
891 10.2599 0.2443 pedestrian
892 12.0443 0.0524 pedestrian
892 10.2599 0.2443 pedestrian
893 12.0443 0.0524 pedestrian
893 10.2599 0.2443 pedestrian
894 12.0443 0.0524 pedestrian
894 10.2599 0.2443 pedestrian
895 12.0443 0.0524 pedestrian
895 10.2599 0.2443 pedestrian
896 12.0443 0.0524 pedestrian
896 10.2599 0.2443 pedestrian
897 12.0443 0.0524 pedestrian
897 10.2599 0.2443 pedestrian
898 12.2673 0.0524 pedestrian
898 10.2599 0.2443 pedestrian
899 12.2673 0.0524 pedestrian
899 10.2599 0.2443 pedestrian
