0 2.6765 0.0873 pedestrian
0 4.0148 0.3491 cyclist
1 2.6765 0.0873 pedestrian
1 4.0148 0.3491 cyclist
2 2.6765 0.0873 pedestrian
2 4.0148 0.3491 cyclist
3 2.6765 0.0873 pedestrian
3 4.0148 0.3491 cyclist
4 2.6765 0.0873 pedestrian
4 4.0148 0.3491 cyclist
5 2.6765 0.0873 pedestrian
5 4.2378 0.3316 cyclist
6 2.6765 0.0873 pedestrian
6 4.2378 0.3316 cyclist
7 2.6765 0.0873 pedestrian
7 4.2378 0.3316 cyclist
8 2.6765 0.0873 pedestrian
8 4.2378 0.3316 cyclist
9 2.8995 0.0349 pedestrian
9 4.2378 0.3316 cyclist
10 2.8995 0.0349 pedestrian
10 4.2378 0.3316 cyclist
11 2.8995 0.0349 pedestrian
11 4.2378 0.3316 cyclist
12 2.8995 0.0349 pedestrian
12 4.2378 0.3316 cyclist
13 2.8995 0.0698 pedestrian
13 4.4608 0.2793 cyclist
14 2.8995 0.0698 pedestrian
14 4.4608 0.3142 cyclist
15 2.8995 0.0698 pedestrian
15 4.4608 0.3142 cyclist
16 2.8995 0.0698 pedestrian
16 4.4608 0.3142 cyclist
17 2.8995 0.0698 pedestrian
17 4.4608 0.3142 cyclist
18 2.8995 0.0698 pedestrian
18 4.4608 0.3142 cyclist
19 3.1226 0.0873 pedestrian
19 4.4608 0.3142 cyclist
20 3.1226 0.0873 pedestrian
20 4.4608 0.3142 cyclist
21 3.1226 0.0873 pedestrian
21 4.4608 0.3142 cyclist
22 3.1226 0.0873 pedestrian
22 4.4608 0.3142 cyclist
23 3.1226 0.0873 pedestrian
23 4.4608 0.3142 cyclist
24 3.1226 0.0873 pedestrian
24 4.4608 0.3142 cyclist
25 3.1226 0.0873 pedestrian
25 4.4608 0.3142 cyclist
26 3.1226 0.0873 pedestrian
26 4.4608 0.3142 cyclist
27 3.1226 0.0873 pedestrian
27 4.6839 0.2967 cyclist
28 3.1226 0.0873 pedestrian
28 4.6839 0.2967 cyclist
29 3.1226 0.0873 pedestrian
29 4.6839 0.2967 cyclist
30 3.1226 0.1222 pedestrian
30 4.6839 0.2967 cyclist
31 3.1226 0.1222 pedestrian
31 4.6839 0.2967 cyclist
32 3.1226 0.1222 pedestrian
32 4.6839 0.2967 cyclist
33 3.1226 0.1222 pedestrian
33 4.6839 0.2967 cyclist
34 3.1226 0.1222 pedestrian
34 4.6839 0.2967 cyclist
35 3.3456 0.1396 pedestrian
35 4.6839 0.2967 cyclist
36 3.3456 0.1396 pedestrian
36 4.9069 0.2967 cyclist
37 3.3456 0.1396 pedestrian
37 4.9069 0.2967 cyclist
38 3.3456 0.1396 pedestrian
38 4.9069 0.2967 cyclist
39 3.3456 0.1396 pedestrian
39 4.9069 0.2967 cyclist
40 3.3456 0.1396 pedestrian
40 4.9069 0.2967 cyclist
41 3.3456 0.1396 pedestrian
41 4.9069 0.2967 cyclist
42 3.3456 0.1571 pedestrian
42 4.9069 0.2967 cyclist
43 3.3456 0.1571 pedestrian
43 4.9069 0.2967 cyclist
44 3.3456 0.1571 pedestrian
44 4.9069 0.2967 cyclist
45 3.3456 0.1571 pedestrian
45 4.9069 0.2967 cyclist
46 3.3456 0.1571 pedestrian
46 4.9069 0.2967 cyclist
46 3.1226 -0.8901 car
47 3.5687 0.1571 pedestrian
47 4.9069 0.2967 cyclist
47 3.1226 -0.8378 car
48 3.5687 0.1571 pedestrian
48 4.9069 0.2967 cyclist
48 3.1226 -0.7854 car
49 3.5687 0.1571 pedestrian
49 4.9069 0.2967 cyclist
49 3.1226 -0.7854 car
50 3.5687 0.1571 pedestrian
50 4.9069 0.2967 cyclist
50 3.1226 -0.7854 car
51 3.5687 0.1745 pedestrian
51 4.9069 0.2967 cyclist
51 3.1226 -0.6981 car
52 3.5687 0.1745 pedestrian
52 4.9069 0.2967 cyclist
52 3.1226 -0.6981 car
53 3.5687 0.1745 pedestrian
53 4.9069 0.2967 cyclist
53 3.1226 -0.6981 car
54 3.5687 0.1745 pedestrian
54 5.1300 0.2967 cyclist
54 3.1226 -0.6981 car
55 3.5687 0.1745 pedestrian
55 5.1300 0.2967 cyclist
55 3.1226 -0.6981 car
56 3.7917 0.1745 pedestrian
56 5.1300 0.2967 cyclist
56 3.5687 -0.5760 car
57 3.7917 0.1745 pedestrian
57 5.1300 0.2967 cyclist
57 3.5687 -0.5760 car
58 3.7917 0.1745 pedestrian
58 5.1300 0.2967 cyclist
58 3.5687 -0.5760 car
59 3.7917 0.1745 pedestrian
59 5.1300 0.2967 cyclist
59 3.5687 -0.5760 car
60 3.7917 0.1745 pedestrian
60 5.1300 0.2967 cyclist
60 3.5687 -0.5760 car
61 3.7917 0.1745 pedestrian
61 5.1300 0.2967 cyclist
61 3.5687 -0.5760 car
62 3.7917 0.2094 pedestrian
62 5.1300 0.2793 cyclist
62 3.7917 -0.5411 car
63 3.7917 0.2094 pedestrian
63 5.1300 0.2793 cyclist
63 3.7917 -0.5411 car
64 3.7917 0.2094 pedestrian
64 5.1300 0.2793 cyclist
64 3.7917 -0.5411 car
65 4.0148 0.1745 pedestrian
65 5.3530 0.2618 cyclist
65 4.0148 -0.5061 car
66 4.0148 0.1745 pedestrian
66 5.3530 0.2618 cyclist
66 4.0148 -0.4712 car
67 4.0148 0.1745 pedestrian
67 5.3530 0.2618 cyclist
67 4.2378 -0.4363 car
68 4.0148 0.1745 pedestrian
68 5.3530 0.2618 cyclist
68 4.2378 -0.4189 car
69 4.0148 0.1745 pedestrian
69 5.3530 0.2618 cyclist
69 4.6839 -0.3665 car
70 4.0148 0.1920 pedestrian
70 5.3530 0.2618 cyclist
70 5.1300 -0.3316 car
71 4.0148 0.1920 pedestrian
71 5.3530 0.2793 cyclist
71 5.3530 -0.3142 car
72 4.0148 0.1920 pedestrian
72 5.3530 0.2793 cyclist
72 5.3530 -0.3142 car
73 4.0148 0.1920 pedestrian
73 5.3530 0.2793 cyclist
73 5.3530 -0.3142 car
74 4.0148 0.1920 pedestrian
74 5.3530 0.2793 cyclist
74 5.7991 -0.2793 car
75 4.0148 0.1920 pedestrian
75 5.3530 0.2793 cyclist
75 5.7991 -0.2793 car
76 4.0148 0.2094 pedestrian
76 5.3530 0.2793 cyclist
76 5.7991 -0.2793 car
77 4.0148 0.2094 pedestrian
77 5.5760 0.2967 cyclist
77 6.2452 -0.2094 car
78 4.0148 0.2094 pedestrian
78 5.5760 0.2967 cyclist
78 6.2452 -0.2094 car
79 4.0148 0.2094 pedestrian
79 5.5760 0.3142 cyclist
79 6.2452 -0.2094 car
80 4.0148 0.2094 pedestrian
80 5.5760 0.3316 cyclist
80 6.6913 -0.1571 car
81 4.0148 0.2094 pedestrian
81 5.5760 0.3316 cyclist
81 6.6913 -0.1571 car
82 4.2378 0.2269 pedestrian
82 5.5760 0.3142 cyclist
82 7.3604 -0.1396 car
83 4.2378 0.2269 pedestrian
83 5.5760 0.3142 cyclist
83 7.3604 -0.1396 car
84 4.2378 0.2269 pedestrian
84 5.5760 0.3142 cyclist
84 7.3604 -0.1396 car
85 4.2378 0.2269 pedestrian
85 5.5760 0.3142 cyclist
85 7.8065 -0.0873 car
86 4.2378 0.2269 pedestrian
86 5.5760 0.3142 cyclist
86 7.8065 -0.0873 car
87 4.2378 0.2269 pedestrian
87 5.5760 0.3142 cyclist
87 8.4756 -0.0349 car
88 4.2378 0.2269 pedestrian
88 5.5760 0.3142 cyclist
88 8.4756 -0.0349 car
89 4.2378 0.2269 pedestrian
89 5.5760 0.2967 cyclist
89 8.4756 -0.0349 car
90 4.2378 0.2269 pedestrian
90 5.5760 0.2967 cyclist
90 9.1447 -0.0349 car
91 4.2378 0.2269 pedestrian
91 5.5760 0.2967 cyclist
91 9.1447 -0.0349 car
92 4.2378 0.2269 pedestrian
92 5.5760 0.2967 cyclist
92 9.1447 -0.0349 car
93 4.2378 0.2269 pedestrian
93 5.5760 0.2967 cyclist
93 9.5908 -0.0175 car
94 4.2378 0.2269 pedestrian
94 5.5760 0.2967 cyclist
94 10.2599 -0.0175 car
95 4.2378 0.2269 pedestrian
95 5.5760 0.2967 cyclist
95 10.2599 -0.0175 car
96 4.2378 0.2269 pedestrian
96 5.5760 0.2967 cyclist
96 10.7060 0.0000 car
97 4.2378 0.2269 pedestrian
97 5.5760 0.2967 cyclist
97 10.7060 0.0000 car
98 4.2378 0.2269 pedestrian
98 5.5760 0.2967 cyclist
98 11.1521 0.0175 car
99 4.2378 0.2269 pedestrian
99 5.5760 0.2967 cyclist
99 11.1521 0.0175 car
100 4.2378 0.2269 pedestrian
100 5.5760 0.2967 cyclist
100 11.1521 0.0175 car
101 4.2378 0.2269 pedestrian
101 5.5760 0.2967 cyclist
101 11.5982 0.0175 car
102 4.2378 0.2269 pedestrian
102 5.5760 0.2967 cyclist
102 12.2673 0.0349 car
103 4.4608 0.2269 pedestrian
103 5.7991 0.2967 cyclist
103 12.2673 0.0349 car
104 4.4608 0.2269 pedestrian
104 5.5760 0.2967 cyclist
104 12.4903 0.0349 car
105 4.4608 0.2269 pedestrian
105 5.5760 0.2967 cyclist
105 12.7134 0.0349 car
106 4.4608 0.2269 pedestrian
106 5.5760 0.2967 cyclist
106 13.1595 0.0524 car
107 4.4608 0.2269 pedestrian
107 5.5760 0.2967 cyclist
107 13.1595 0.0524 car
108 4.4608 0.2269 pedestrian
108 5.5760 0.2967 cyclist
108 13.8286 0.0524 car
109 4.4608 0.2269 pedestrian
109 5.5760 0.2967 cyclist
109 13.8286 0.0524 car
110 4.4608 0.2269 pedestrian
110 5.5760 0.2967 cyclist
110 14.2747 0.0524 car
111 4.4608 0.2269 pedestrian
111 5.5760 0.2967 cyclist
111 14.2747 0.0524 car
112 4.4608 0.2269 pedestrian
112 5.7991 0.3142 cyclist
112 14.7208 0.0873 car
113 4.4608 0.2269 pedestrian
113 5.7991 0.3142 cyclist
113 14.9438 0.0698 car
114 4.4608 0.2269 pedestrian
114 5.7991 0.3142 cyclist
114 15.3899 0.0698 car
115 4.4608 0.2269 pedestrian
115 5.7991 0.3142 cyclist
115 15.8360 0.0698 car
116 4.4608 0.2269 pedestrian
116 5.7991 0.3142 cyclist
116 15.8360 0.0698 car
117 4.4608 0.2269 pedestrian
117 5.7991 0.3142 cyclist
117 15.8360 0.0698 car
118 4.4608 0.2269 pedestrian
118 5.7991 0.3142 cyclist
118 16.5051 0.0698 car
119 4.4608 0.1920 pedestrian
119 5.7991 0.2793 cyclist
119 16.7281 0.0698 car
120 4.4608 0.1920 pedestrian
120 5.5760 0.2793 cyclist
120 16.9512 0.0873 car
121 4.4608 0.1920 pedestrian
121 5.5760 0.2793 cyclist
121 17.3973 0.1047 car
122 4.4608 0.1920 pedestrian
122 5.5760 0.2793 cyclist
122 17.8433 0.1047 car
123 4.4608 0.1920 pedestrian
123 5.5760 0.2793 cyclist
123 17.8433 0.1047 car
124 4.4608 0.1920 pedestrian
124 5.5760 0.2793 cyclist
124 18.5125 0.1047 car
125 4.4608 0.1920 pedestrian
125 5.5760 0.2793 cyclist
125 18.5125 0.1047 car
126 4.4608 0.1920 pedestrian
126 5.5760 0.2793 cyclist
126 19.4046 0.1222 car
127 4.4608 0.1920 pedestrian
127 5.5760 0.2793 cyclist
127 19.4046 0.1222 car
128 4.4608 0.1920 pedestrian
128 5.5760 0.2793 cyclist
128 19.4046 0.1222 car
129 4.4608 0.2269 pedestrian
129 5.7991 0.2793 cyclist
129 19.8507 0.1047 car
130 4.4608 0.2269 pedestrian
130 5.7991 0.2793 cyclist
130 19.8507 0.1047 car
131 4.4608 0.2269 pedestrian
131 5.7991 0.2793 cyclist
131 20.2968 0.1222 car
132 4.4608 0.2269 pedestrian
132 5.7991 0.2793 cyclist
132 20.9659 0.1222 car
133 4.4608 0.2269 pedestrian
133 5.7991 0.2793 cyclist
133 20.9659 0.1222 car
134 4.4608 0.2269 pedestrian
134 5.7991 0.2793 cyclist
134 21.4120 0.1396 car
135 4.4608 0.2269 pedestrian
135 5.7991 0.2793 cyclist
135 21.8581 0.1396 car
136 4.4608 0.2269 pedestrian
136 5.7991 0.2793 cyclist
136 21.8581 0.1396 car
137 4.4608 0.2269 pedestrian
137 5.7991 0.2793 cyclist
137 22.3042 0.1222 car
138 4.4608 0.2269 pedestrian
138 5.7991 0.3142 cyclist
138 22.7503 0.1396 car
139 4.4608 0.2269 pedestrian
139 5.7991 0.3142 cyclist
139 22.7503 0.1396 car
140 4.4608 0.2269 pedestrian
140 5.7991 0.3142 cyclist
140 23.1963 0.1396 car
141 4.4608 0.2269 pedestrian
141 5.7991 0.3142 cyclist
141 23.6424 0.1571 car
142 4.4608 0.2269 pedestrian
142 5.7991 0.3142 cyclist
142 23.6424 0.1571 car
143 4.4608 0.2269 pedestrian
143 5.7991 0.3142 cyclist
143 24.3116 0.1571 car
144 4.4608 0.2269 pedestrian
144 5.7991 0.3142 cyclist
144 24.3116 0.1571 car
145 4.4608 0.2269 pedestrian
145 5.7991 0.3142 cyclist
145 24.7576 0.1571 car
146 4.4608 0.2269 pedestrian
146 5.7991 0.3142 cyclist
147 4.4608 0.2269 pedestrian
147 5.7991 0.3142 cyclist
148 4.4608 0.2269 pedestrian
148 5.7991 0.3142 cyclist
149 4.6839 0.2269 pedestrian
149 5.7991 0.3142 cyclist
150 4.6839 0.2269 pedestrian
150 5.7991 0.3142 cyclist
151 4.6839 0.2269 pedestrian
151 5.7991 0.3142 cyclist
152 4.6839 0.2269 pedestrian
152 5.7991 0.3142 cyclist
153 4.6839 0.2269 pedestrian
153 5.7991 0.3142 cyclist
154 4.6839 0.2269 pedestrian
154 5.7991 0.3142 cyclist
155 4.6839 0.2269 pedestrian
155 5.7991 0.3142 cyclist
156 4.6839 0.2269 pedestrian
156 5.7991 0.3142 cyclist
157 4.9069 0.2269 pedestrian
157 5.7991 0.2967 cyclist
158 4.9069 0.2269 pedestrian
158 5.7991 0.2967 cyclist
159 4.9069 0.2269 pedestrian
159 5.7991 0.2967 cyclist
160 4.9069 0.2269 pedestrian
160 5.7991 0.2967 cyclist
161 4.9069 0.2269 pedestrian
161 5.7991 0.2967 cyclist
162 4.9069 0.2269 pedestrian
162 5.7991 0.2967 cyclist
163 4.9069 0.2269 pedestrian
163 5.7991 0.2967 cyclist
164 4.9069 0.2269 pedestrian
164 5.7991 0.2967 cyclist
165 4.9069 0.2269 pedestrian
165 5.7991 0.2967 cyclist
166 4.9069 0.2269 pedestrian
166 5.7991 0.2967 cyclist
167 4.9069 0.2269 pedestrian
167 5.7991 0.2967 cyclist
168 4.9069 0.2269 pedestrian
168 5.7991 0.2967 cyclist
169 4.9069 0.2269 pedestrian
169 5.7991 0.2967 cyclist
170 4.9069 0.2269 pedestrian
170 5.7991 0.2967 cyclist
171 4.9069 0.2269 pedestrian
171 5.7991 0.2967 cyclist
172 5.1300 0.2094 pedestrian
172 6.0221 0.2967 cyclist
173 5.1300 0.2094 pedestrian
173 6.0221 0.2967 cyclist
174 5.1300 0.2094 pedestrian
174 6.0221 0.2967 cyclist
175 5.1300 0.2094 pedestrian
175 6.0221 0.2967 cyclist
176 5.1300 0.2094 pedestrian
176 6.0221 0.2967 cyclist
177 5.1300 0.2094 pedestrian
177 6.0221 0.2967 cyclist
178 5.1300 0.2094 pedestrian
178 6.2452 0.2967 cyclist
179 5.1300 0.2094 pedestrian
179 6.2452 0.2967 cyclist
180 5.1300 0.2094 pedestrian
180 6.2452 0.2967 cyclist
181 5.1300 0.2094 pedestrian
181 6.2452 0.2967 cyclist
182 5.1300 0.2094 pedestrian
182 6.2452 0.2967 cyclist
183 5.1300 0.2094 pedestrian
183 6.2452 0.2967 cyclist
184 5.3530 0.2094 pedestrian
184 6.4682 0.2793 cyclist
185 5.3530 0.2094 pedestrian
185 6.4682 0.2793 cyclist
186 5.3530 0.2094 pedestrian
186 6.4682 0.2793 cyclist
187 5.3530 0.2094 pedestrian
187 6.4682 0.2793 cyclist
188 5.3530 0.2094 pedestrian
188 6.4682 0.2793 cyclist
189 5.3530 0.2094 pedestrian
189 6.4682 0.2793 cyclist
190 5.3530 0.2094 pedestrian
190 6.4682 0.2793 cyclist
191 5.3530 0.2094 pedestrian
191 6.6913 0.2618 cyclist
192 5.3530 0.2094 pedestrian
192 6.6913 0.2618 cyclist
193 5.3530 0.2094 pedestrian
193 6.6913 0.2618 cyclist
194 5.5760 0.1920 pedestrian
194 6.9143 0.2443 cyclist
195 5.5760 0.1920 pedestrian
195 6.9143 0.2443 cyclist
196 5.5760 0.1920 pedestrian
196 6.9143 0.2443 cyclist
197 5.5760 0.1920 pedestrian
197 6.9143 0.2443 cyclist
198 5.5760 0.1920 pedestrian
198 6.9143 0.2443 cyclist
199 5.5760 0.1920 pedestrian
199 6.9143 0.2443 cyclist
200 5.5760 0.1920 pedestrian
200 6.9143 0.2443 cyclist
201 5.5760 0.1920 pedestrian
201 6.9143 0.2443 cyclist
202 5.5760 0.1920 pedestrian
202 6.9143 0.2443 cyclist
203 5.5760 0.1920 pedestrian
203 6.9143 0.2443 cyclist
204 5.7991 0.1745 pedestrian
204 6.9143 0.2443 cyclist
205 5.7991 0.1745 pedestrian
205 6.9143 0.2443 cyclist
206 5.7991 0.1745 pedestrian
206 6.9143 0.2443 cyclist
207 5.7991 0.1745 pedestrian
207 6.9143 0.2443 cyclist
208 5.7991 0.1745 pedestrian
208 6.9143 0.2443 cyclist
209 5.7991 0.1745 pedestrian
209 6.9143 0.2443 cyclist
210 5.7991 0.1745 pedestrian
210 6.9143 0.2443 cyclist
211 5.7991 0.1745 pedestrian
211 7.3604 0.2094 cyclist
212 5.7991 0.1745 pedestrian
212 7.3604 0.2094 cyclist
213 6.0221 0.1571 pedestrian
213 7.3604 0.2094 cyclist
214 6.0221 0.1571 pedestrian
214 7.3604 0.2094 cyclist
215 6.0221 0.1571 pedestrian
215 7.3604 0.2094 cyclist
216 6.0221 0.1571 pedestrian
216 7.3604 0.2094 cyclist
217 6.0221 0.1571 pedestrian
217 7.3604 0.2094 cyclist
218 6.0221 0.1571 pedestrian
218 7.3604 0.2094 cyclist
219 6.0221 0.1571 pedestrian
219 7.5834 0.2094 cyclist
220 6.0221 0.1571 pedestrian
220 7.5834 0.2094 cyclist
221 6.2452 0.1396 pedestrian
221 7.5834 0.2094 cyclist
222 6.2452 0.1396 pedestrian
222 7.5834 0.2094 cyclist
223 6.2452 0.1396 pedestrian
223 7.5834 0.2094 cyclist
224 6.4682 0.1396 pedestrian
224 7.8065 0.2094 cyclist
225 6.4682 0.1396 pedestrian
225 7.8065 0.2094 cyclist
226 6.4682 0.1396 pedestrian
226 7.8065 0.2094 cyclist
227 6.4682 0.1396 pedestrian
227 7.8065 0.2094 cyclist
228 6.4682 0.1396 pedestrian
228 7.8065 0.2094 cyclist
229 6.4682 0.1396 pedestrian
229 7.8065 0.2094 cyclist
230 6.4682 0.1396 pedestrian
230 7.8065 0.2094 cyclist
231 6.4682 0.1396 pedestrian
231 7.8065 0.2094 cyclist
232 6.6913 0.1047 pedestrian
232 8.0295 0.1920 cyclist
233 6.6913 0.1047 pedestrian
233 8.0295 0.1920 cyclist
234 6.6913 0.1047 pedestrian
234 8.0295 0.1920 cyclist
235 6.6913 0.1047 pedestrian
235 8.0295 0.1920 cyclist
236 6.6913 0.1047 pedestrian
236 8.0295 0.1920 cyclist
237 6.9143 0.1047 pedestrian
237 8.2525 0.2094 cyclist
238 6.9143 0.1047 pedestrian
238 8.2525 0.2094 cyclist
239 6.9143 0.1047 pedestrian
239 8.2525 0.2094 cyclist
240 6.9143 0.1047 pedestrian
240 8.2525 0.2094 cyclist
241 6.9143 0.1047 pedestrian
241 8.2525 0.2094 cyclist
242 6.9143 0.1047 pedestrian
242 8.2525 0.2094 cyclist
243 6.9143 0.1047 pedestrian
243 8.2525 0.2094 cyclist
244 6.9143 0.1047 pedestrian
244 8.2525 0.2094 cyclist
245 7.1373 0.0873 pedestrian
245 8.4756 0.2094 cyclist
246 7.1373 0.0873 pedestrian
246 8.4756 0.2094 cyclist
247 7.1373 0.0873 pedestrian
247 8.4756 0.2094 cyclist
248 7.1373 0.0873 pedestrian
248 8.4756 0.2094 cyclist
249 7.3604 0.0873 pedestrian
249 8.4756 0.2094 cyclist
250 7.3604 0.0873 pedestrian
250 8.6986 0.2094 cyclist
251 7.3604 0.0873 pedestrian
251 8.6986 0.2094 cyclist
252 7.3604 0.0873 pedestrian
252 8.6986 0.2094 cyclist
253 7.3604 0.0873 pedestrian
253 8.6986 0.2094 cyclist
254 7.3604 0.0873 pedestrian
254 8.6986 0.2094 cyclist
255 7.3604 0.0873 pedestrian
255 8.6986 0.2094 cyclist
256 7.3604 0.0873 pedestrian
256 8.6986 0.2094 cyclist
257 7.5834 0.0698 pedestrian
257 8.9217 0.1920 cyclist
258 7.5834 0.0698 pedestrian
258 8.9217 0.1920 cyclist
259 7.5834 0.0698 pedestrian
259 8.9217 0.1920 cyclist
260 7.5834 0.0698 pedestrian
260 8.9217 0.1920 cyclist
261 7.5834 0.0698 pedestrian
261 8.9217 0.1920 cyclist
262 7.8065 0.0698 pedestrian
262 9.1447 0.1745 cyclist
263 7.8065 0.0698 pedestrian
263 9.1447 0.1745 cyclist
264 7.8065 0.0698 pedestrian
264 9.1447 0.1745 cyclist
265 7.8065 0.0698 pedestrian
265 9.3678 0.1745 cyclist
266 7.8065 0.0698 pedestrian
266 9.3678 0.1745 cyclist
267 7.8065 0.0698 pedestrian
267 9.3678 0.1745 cyclist
268 7.8065 0.0698 pedestrian
268 9.3678 0.1745 cyclist
269 7.8065 0.0698 pedestrian
269 9.3678 0.1745 cyclist
270 8.0295 0.0698 pedestrian
270 9.5908 0.1920 cyclist
271 8.0295 0.0698 pedestrian
271 9.5908 0.1920 cyclist
272 8.0295 0.0698 pedestrian
272 9.5908 0.1920 cyclist
273 8.0295 0.0698 pedestrian
273 9.5908 0.1920 cyclist
274 8.0295 0.0698 pedestrian
274 9.5908 0.1920 cyclist
275 8.2525 0.0698 pedestrian
275 9.8138 0.2094 cyclist
276 8.2525 0.0698 pedestrian
276 9.8138 0.2094 cyclist
277 8.2525 0.0698 pedestrian
277 9.8138 0.2094 cyclist
278 8.2525 0.0698 pedestrian
278 9.8138 0.2094 cyclist
279 8.2525 0.0698 pedestrian
279 9.8138 0.2094 cyclist
280 8.2525 0.0698 pedestrian
280 9.8138 0.2094 cyclist
281 8.2525 0.0698 pedestrian
281 10.0369 0.1920 cyclist
282 8.4756 0.0873 pedestrian
282 10.0369 0.1920 cyclist
283 8.4756 0.0873 pedestrian
283 10.0369 0.1920 cyclist
284 8.4756 0.0873 pedestrian
284 10.0369 0.1920 cyclist
285 8.6986 0.0873 pedestrian
285 10.4830 0.1920 cyclist
286 8.6986 0.0873 pedestrian
286 10.4830 0.1920 cyclist
287 8.6986 0.0873 pedestrian
287 10.4830 0.1920 cyclist
288 8.6986 0.0873 pedestrian
288 10.4830 0.1920 cyclist
289 8.6986 0.0873 pedestrian
289 10.4830 0.2443 cyclist
290 8.6986 0.0873 pedestrian
290 10.4830 0.2443 cyclist
291 8.6986 0.0873 pedestrian
291 10.4830 0.2443 cyclist
292 8.6986 0.0698 pedestrian
292 10.7060 0.2269 cyclist
293 8.6986 0.0698 pedestrian
293 10.7060 0.2269 cyclist
294 8.6986 0.0698 pedestrian
294 10.7060 0.2269 cyclist
295 8.6986 0.0698 pedestrian
295 10.7060 0.2269 cyclist
296 8.6986 0.0698 pedestrian
296 10.7060 0.2269 cyclist
297 8.9217 0.0873 pedestrian
297 11.1521 0.2269 cyclist
298 8.9217 0.0873 pedestrian
298 11.1521 0.2269 cyclist
299 8.9217 0.0873 pedestrian
299 11.1521 0.2269 cyclist
300 8.9217 0.0873 pedestrian
300 11.1521 0.2269 cyclist
301 8.9217 0.0873 pedestrian
301 11.1521 0.2269 cyclist
302 8.9217 0.0873 pedestrian
302 11.1521 0.2269 cyclist
303 9.1447 0.0873 pedestrian
303 11.1521 0.2269 cyclist
304 9.1447 0.0873 pedestrian
304 11.1521 0.2269 cyclist
305 9.3678 0.0873 pedestrian
305 11.3751 0.2269 cyclist
306 9.3678 0.0873 pedestrian
306 11.3751 0.2269 cyclist
307 9.3678 0.0873 pedestrian
307 11.3751 0.2269 cyclist
308 9.3678 0.0873 pedestrian
308 11.3751 0.2269 cyclist
309 9.3678 0.0873 pedestrian
309 11.3751 0.2269 cyclist
310 9.3678 0.0873 pedestrian
310 11.3751 0.2269 cyclist
311 9.3678 0.0873 pedestrian
311 11.3751 0.2269 cyclist
312 9.3678 0.0873 pedestrian
312 11.3751 0.2269 cyclist
313 9.5908 0.0873 pedestrian
313 11.8212 0.2443 cyclist
314 9.5908 0.0873 pedestrian
314 11.8212 0.2443 cyclist
315 9.5908 0.0873 pedestrian
315 11.8212 0.2443 cyclist
316 9.5908 0.0873 pedestrian
316 11.8212 0.2443 cyclist
317 9.5908 0.0873 pedestrian
317 11.8212 0.2443 cyclist
318 9.5908 0.0873 pedestrian
318 11.8212 0.2443 cyclist
319 9.5908 0.0873 pedestrian
319 11.8212 0.2443 cyclist
320 9.8138 0.0873 pedestrian
320 11.8212 0.2443 cyclist
321 9.8138 0.0873 pedestrian
321 11.8212 0.2443 cyclist
322 9.8138 0.0873 pedestrian
322 11.8212 0.2443 cyclist
323 9.8138 0.0873 pedestrian
323 11.8212 0.2443 cyclist
324 9.8138 0.0873 pedestrian
324 11.8212 0.2443 cyclist
325 9.8138 0.0873 pedestrian
325 12.0443 0.2443 cyclist
326 9.8138 0.0873 pedestrian
326 12.0443 0.2443 cyclist
327 10.0369 0.1047 pedestrian
327 12.0443 0.2443 cyclist
328 10.0369 0.1047 pedestrian
328 12.0443 0.2443 cyclist
329 10.0369 0.1047 pedestrian
329 12.0443 0.2443 cyclist
330 10.0369 0.1047 pedestrian
330 12.0443 0.2443 cyclist
331 10.0369 0.1047 pedestrian
331 12.4903 0.2269 cyclist
332 10.0369 0.1047 pedestrian
332 12.4903 0.2269 cyclist
333 10.2599 0.1047 pedestrian
333 12.4903 0.2269 cyclist
334 10.2599 0.1047 pedestrian
334 12.4903 0.2269 cyclist
335 10.2599 0.1047 pedestrian
335 12.4903 0.2269 cyclist
336 10.2599 0.1047 pedestrian
336 12.4903 0.2269 cyclist
337 10.2599 0.1047 pedestrian
337 12.4903 0.2269 cyclist
338 10.2599 0.1047 pedestrian
338 12.4903 0.2269 cyclist
339 10.4830 0.1047 pedestrian
339 12.4903 0.2269 cyclist
340 10.4830 0.1047 pedestrian
340 12.4903 0.2269 cyclist
341 10.4830 0.1047 pedestrian
341 12.9364 0.2269 cyclist
342 10.4830 0.1047 pedestrian
342 12.9364 0.2269 cyclist
343 10.7060 0.1222 pedestrian
343 12.9364 0.2269 cyclist
344 10.7060 0.1222 pedestrian
344 12.9364 0.2269 cyclist
345 10.7060 0.1222 pedestrian
345 12.9364 0.2269 cyclist
346 10.7060 0.1222 pedestrian
346 12.9364 0.2269 cyclist
347 10.7060 0.1222 pedestrian
347 12.9364 0.2269 cyclist
348 10.7060 0.1222 pedestrian
348 13.3825 0.2269 cyclist
349 10.7060 0.1222 pedestrian
349 13.3825 0.2269 cyclist
350 10.7060 0.1222 pedestrian
350 13.3825 0.2269 cyclist
351 10.7060 0.1222 pedestrian
351 13.3825 0.2269 cyclist
352 10.7060 0.1222 pedestrian
352 13.3825 0.2269 cyclist
353 10.9290 0.1222 pedestrian
353 13.3825 0.2269 cyclist
354 10.9290 0.1222 pedestrian
354 13.3825 0.2269 cyclist
355 10.9290 0.1222 pedestrian
355 13.3825 0.2269 cyclist
356 10.9290 0.1222 pedestrian
356 13.3825 0.2269 cyclist
357 10.9290 0.1222 pedestrian
357 13.3825 0.2269 cyclist
358 11.1521 0.1396 pedestrian
358 13.8286 0.2269 cyclist
359 11.1521 0.1396 pedestrian
359 13.8286 0.2269 cyclist
360 11.1521 0.1396 pedestrian
360 13.8286 0.2269 cyclist
361 11.1521 0.1396 pedestrian
361 13.8286 0.2269 cyclist
362 11.1521 0.1396 pedestrian
362 13.8286 0.2269 cyclist
363 11.3751 0.1396 pedestrian
363 13.8286 0.2269 cyclist
364 11.3751 0.1396 pedestrian
364 13.8286 0.2269 cyclist
365 11.3751 0.1396 pedestrian
365 13.8286 0.2269 cyclist
366 11.3751 0.1396 pedestrian
366 13.8286 0.2269 cyclist
367 11.3751 0.1396 pedestrian
367 13.8286 0.2269 cyclist
367 22.7503 -0.2618 cyclist
368 11.5982 0.1222 pedestrian
368 14.0516 0.2269 cyclist
368 22.3042 -0.2793 cyclist
369 11.5982 0.1222 pedestrian
369 14.0516 0.2269 cyclist
369 22.3042 -0.2793 cyclist
370 11.5982 0.1222 pedestrian
370 14.0516 0.2269 cyclist
370 21.8581 -0.2967 cyclist
371 11.5982 0.1222 pedestrian
371 14.0516 0.2269 cyclist
371 21.4120 -0.2967 cyclist
372 11.5982 0.1222 pedestrian
372 14.0516 0.2269 cyclist
372 21.4120 -0.2967 cyclist
373 11.5982 0.1222 pedestrian
373 14.0516 0.2269 cyclist
373 21.1890 -0.3142 cyclist
374 11.5982 0.1222 pedestrian
374 14.0516 0.2269 cyclist
374 20.9659 -0.3142 cyclist
375 11.5982 0.1222 pedestrian
375 14.4977 0.2269 cyclist
375 20.5198 -0.3316 cyclist
376 11.5982 0.1222 pedestrian
376 14.4977 0.2269 cyclist
376 20.5198 -0.3316 cyclist
377 11.5982 0.1222 pedestrian
377 14.4977 0.2269 cyclist
377 20.5198 -0.3316 cyclist
378 11.8212 0.1396 pedestrian
378 14.7208 0.2443 cyclist
378 20.5198 -0.3316 cyclist
379 11.8212 0.1396 pedestrian
379 14.7208 0.2443 cyclist
379 19.8507 -0.3316 cyclist
380 11.8212 0.1396 pedestrian
380 14.7208 0.2443 cyclist
380 19.8507 -0.3316 cyclist
381 11.8212 0.1396 pedestrian
381 14.7208 0.2443 cyclist
381 19.4046 -0.3316 cyclist
382 11.8212 0.1396 pedestrian
382 14.7208 0.2443 cyclist
382 19.1816 -0.3665 cyclist
383 11.8212 0.1396 pedestrian
383 14.7208 0.2443 cyclist
383 18.9586 -0.3665 cyclist
384 11.8212 0.1396 pedestrian
384 14.7208 0.2443 cyclist
384 18.9586 -0.3316 cyclist
385 12.0443 0.1571 pedestrian
385 14.9438 0.2269 cyclist
385 18.5125 -0.3665 cyclist
386 12.0443 0.1571 pedestrian
386 14.9438 0.2269 cyclist
386 18.5125 -0.3665 cyclist
387 12.0443 0.1571 pedestrian
387 14.9438 0.2269 cyclist
387 18.5125 -0.3665 cyclist
388 12.0443 0.1571 pedestrian
388 14.9438 0.2269 cyclist
388 18.0664 -0.3665 cyclist
389 12.0443 0.1571 pedestrian
389 14.9438 0.2269 cyclist
389 18.0664 -0.3665 cyclist
390 12.0443 0.1571 pedestrian
390 15.3899 0.2269 cyclist
390 17.6203 -0.3840 cyclist
391 12.0443 0.1571 pedestrian
391 15.3899 0.2269 cyclist
391 17.1742 -0.4014 cyclist
392 12.0443 0.1571 pedestrian
392 15.3899 0.2269 cyclist
392 17.1742 -0.4014 cyclist
393 12.0443 0.1571 pedestrian
393 15.3899 0.2269 cyclist
393 16.9512 -0.4189 cyclist
394 12.0443 0.1571 pedestrian
394 15.3899 0.2269 cyclist
394 16.5051 -0.4363 cyclist
395 12.0443 0.1571 pedestrian
395 15.3899 0.2269 cyclist
395 16.5051 -0.4538 cyclist
396 12.0443 0.1571 pedestrian
396 15.3899 0.2269 cyclist
396 16.2821 -0.4712 cyclist
397 12.4903 0.1571 pedestrian
397 15.3899 0.2269 cyclist
397 16.2821 -0.4712 cyclist
398 12.4903 0.1571 pedestrian
398 15.3899 0.2269 cyclist
398 16.0590 -0.4712 cyclist
399 12.4903 0.1571 pedestrian
399 15.3899 0.2269 cyclist
399 15.6129 -0.4712 cyclist
400 12.4903 0.1571 pedestrian
400 15.3899 0.2269 cyclist
400 15.3899 -0.4887 cyclist
401 12.4903 0.1571 pedestrian
401 15.3899 0.2269 cyclist
401 15.1668 -0.4712 cyclist
402 12.4903 0.1571 pedestrian
402 15.3899 0.2269 cyclist
402 14.9438 -0.4887 cyclist
403 12.4903 0.1571 pedestrian
403 15.8360 0.2094 cyclist
403 14.7208 -0.4887 cyclist
404 12.7134 0.1745 pedestrian
404 15.8360 0.2094 cyclist
404 14.7208 -0.4887 cyclist
405 12.7134 0.1745 pedestrian
405 15.8360 0.2094 cyclist
405 14.2747 -0.4887 cyclist
406 12.7134 0.1745 pedestrian
406 15.8360 0.2094 cyclist
406 14.2747 -0.4887 cyclist
407 12.7134 0.1745 pedestrian
407 16.0590 0.2269 cyclist
407 14.0516 -0.4887 cyclist
408 12.7134 0.1745 pedestrian
408 16.0590 0.2269 cyclist
408 13.8286 -0.5236 cyclist
409 12.7134 0.1745 pedestrian
409 16.0590 0.2269 cyclist
409 13.8286 -0.5236 cyclist
410 12.7134 0.1745 pedestrian
410 16.0590 0.2269 cyclist
410 13.3825 -0.5411 cyclist
411 12.9364 0.1745 pedestrian
411 16.0590 0.2269 cyclist
411 13.3825 -0.5411 cyclist
412 12.9364 0.2094 pedestrian
412 16.2821 0.2269 cyclist
412 12.9364 -0.5934 cyclist
413 12.9364 0.2094 pedestrian
413 16.2821 0.2269 cyclist
413 12.9364 -0.5934 cyclist
414 12.9364 0.2094 pedestrian
414 16.2821 0.2269 cyclist
414 12.4903 -0.6109 cyclist
415 12.9364 0.2094 pedestrian
415 16.2821 0.2269 cyclist
415 12.4903 -0.6109 cyclist
416 12.9364 0.2094 pedestrian
416 16.2821 0.2269 cyclist
416 12.0443 -0.6807 cyclist
417 12.9364 0.2094 pedestrian
417 16.2821 0.2269 cyclist
417 12.0443 -0.6807 cyclist
418 12.9364 0.2094 pedestrian
418 16.5051 0.2269 cyclist
418 12.0443 -0.6807 cyclist
419 13.1595 0.2094 pedestrian
419 16.5051 0.2269 cyclist
419 11.3751 -0.6981 cyclist
420 13.1595 0.2094 pedestrian
420 16.5051 0.2269 cyclist
420 11.3751 -0.6981 cyclist
421 13.1595 0.2094 pedestrian
421 11.3751 -0.6981 cyclist
421 16.5051 0.2269 cyclist
422 13.1595 0.2094 pedestrian
422 11.3751 -0.6981 cyclist
422 16.9512 0.2094 cyclist
423 13.1595 0.2094 pedestrian
423 10.9290 -0.7505 cyclist
423 16.9512 0.2094 cyclist
424 13.1595 0.2094 pedestrian
424 10.9290 -0.7505 cyclist
424 16.9512 0.2094 cyclist
425 13.3825 0.2094 pedestrian
425 10.2599 -0.8203 cyclist
425 17.1742 0.2269 cyclist
426 13.3825 0.2094 pedestrian
426 10.2599 -0.8203 cyclist
426 17.1742 0.2269 cyclist
427 13.3825 0.2094 pedestrian
427 10.2599 -0.8203 cyclist
427 17.1742 0.2269 cyclist
428 13.3825 0.2094 pedestrian
428 10.2599 -0.8203 cyclist
428 17.1742 0.2269 cyclist
429 13.3825 0.2094 pedestrian
429 9.8138 -0.9250 cyclist
429 17.3973 0.2443 cyclist
430 13.3825 0.2094 pedestrian
430 9.8138 -0.9250 cyclist
430 17.3973 0.2443 cyclist
431 13.3825 0.2094 pedestrian
431 9.3678 -0.9425 cyclist
431 17.3973 0.2443 cyclist
432 13.6056 0.2094 pedestrian
432 9.3678 -0.9425 cyclist
432 17.3973 0.2443 cyclist
433 13.6056 0.2094 pedestrian
433 9.3678 -0.9425 cyclist
433 17.3973 0.2443 cyclist
434 13.6056 0.2094 pedestrian
434 9.3678 -0.9425 cyclist
434 17.3973 0.2443 cyclist
435 13.6056 0.2094 pedestrian
435 8.9217 -0.9599 cyclist
435 17.3973 0.2443 cyclist
436 13.6056 0.2094 pedestrian
436 8.9217 -0.9599 cyclist
436 17.3973 0.2443 cyclist
437 13.8286 0.2269 pedestrian
437 8.6986 -0.9774 cyclist
437 17.3973 0.2443 cyclist
438 13.8286 0.2269 pedestrian
438 8.4756 -0.9774 cyclist
438 17.6203 0.2269 cyclist
439 13.8286 0.2269 pedestrian
439 8.4756 -0.9774 cyclist
439 17.6203 0.2269 cyclist
440 13.8286 0.2269 pedestrian
440 8.4756 -0.9774 cyclist
440 17.6203 0.2269 cyclist
441 13.8286 0.2269 pedestrian
441 8.2525 -0.9774 cyclist
441 17.6203 0.2269 cyclist
442 13.8286 0.2269 pedestrian
442 8.2525 -0.9774 cyclist
442 17.6203 0.2269 cyclist
443 13.8286 0.2269 pedestrian
443 8.0295 -1.0297 cyclist
443 18.0664 0.2094 cyclist
444 14.0516 0.2269 pedestrian
444 18.0664 0.2094 cyclist
445 14.0516 0.2269 pedestrian
445 18.0664 0.2094 cyclist
446 14.0516 0.2269 pedestrian
446 18.0664 0.2094 cyclist
447 14.0516 0.2269 pedestrian
447 18.0664 0.2094 cyclist
448 14.0516 0.2269 pedestrian
448 18.0664 0.2094 cyclist
449 14.2747 0.2269 pedestrian
449 18.0664 0.2094 cyclist
450 14.2747 0.2269 pedestrian
450 18.0664 0.2094 cyclist
451 14.2747 0.2269 pedestrian
451 18.0664 0.2094 cyclist
452 14.2747 0.2269 pedestrian
452 18.0664 0.2094 cyclist
453 14.2747 0.2269 pedestrian
453 18.0664 0.2094 cyclist
454 14.2747 0.2269 pedestrian
454 18.5125 0.2094 cyclist
455 14.2747 0.2269 pedestrian
455 18.5125 0.2094 cyclist
456 14.4977 0.2269 pedestrian
456 18.5125 0.2094 cyclist
457 14.4977 0.2269 pedestrian
457 18.5125 0.2094 cyclist
458 14.4977 0.2269 pedestrian
458 18.5125 0.2094 cyclist
459 14.4977 0.2269 pedestrian
459 18.5125 0.2094 cyclist
460 14.4977 0.2269 pedestrian
460 18.5125 0.2094 cyclist
461 14.4977 0.2269 pedestrian
461 18.5125 0.2094 cyclist
462 14.7208 0.2443 pedestrian
462 18.7355 0.2094 cyclist
463 14.7208 0.2443 pedestrian
463 18.7355 0.2094 cyclist
464 14.7208 0.2443 pedestrian
464 18.7355 0.2094 cyclist
465 14.7208 0.2443 pedestrian
465 18.7355 0.2094 cyclist
466 14.7208 0.2443 pedestrian
466 18.7355 0.2094 cyclist
467 14.7208 0.2443 pedestrian
467 19.1816 0.2094 cyclist
468 14.7208 0.2443 pedestrian
468 19.1816 0.2094 cyclist
469 14.7208 0.2443 pedestrian
469 19.1816 0.2094 cyclist
470 14.9438 0.2443 pedestrian
470 19.1816 0.2094 cyclist
471 14.9438 0.2443 pedestrian
471 19.1816 0.2094 cyclist
472 14.9438 0.2443 pedestrian
472 19.1816 0.2094 cyclist
473 15.1668 0.2443 pedestrian
473 19.1816 0.2094 cyclist
474 15.1668 0.2443 pedestrian
474 19.1816 0.2094 cyclist
475 15.1668 0.2443 pedestrian
475 19.1816 0.2094 cyclist
476 15.1668 0.2443 pedestrian
476 19.4046 0.2269 cyclist
477 15.1668 0.2443 pedestrian
477 19.4046 0.2269 cyclist
478 15.1668 0.2443 pedestrian
478 19.4046 0.2269 cyclist
479 15.1668 0.2443 pedestrian
479 19.4046 0.2269 cyclist
480 15.1668 0.2443 pedestrian
480 19.4046 0.2269 cyclist
481 15.1668 0.2443 pedestrian
481 19.4046 0.2269 cyclist
482 15.3899 0.2443 pedestrian
482 19.4046 0.2269 cyclist
483 15.3899 0.2443 pedestrian
483 19.4046 0.2269 cyclist
484 15.3899 0.2443 pedestrian
484 19.4046 0.2269 cyclist
485 15.3899 0.2443 pedestrian
485 19.4046 0.2269 cyclist
486 15.3899 0.2443 pedestrian
486 19.6277 0.2443 cyclist
487 15.3899 0.2443 pedestrian
487 19.6277 0.2443 cyclist
488 15.6129 0.2443 pedestrian
488 19.8507 0.2443 cyclist
488 24.7576 -0.3665 cyclist
489 15.6129 0.2443 pedestrian
489 19.8507 0.2443 cyclist
489 24.7576 -0.3665 cyclist
490 15.6129 0.2443 pedestrian
490 19.8507 0.2443 cyclist
490 24.7576 -0.3665 cyclist
491 15.6129 0.2443 pedestrian
491 19.8507 0.2443 cyclist
491 24.3116 -0.3665 cyclist
492 15.6129 0.2443 pedestrian
492 19.8507 0.2443 cyclist
492 24.3116 -0.3665 cyclist
493 15.8360 0.2618 pedestrian
493 20.2968 0.2094 cyclist
493 24.3116 -0.3665 cyclist
494 15.8360 0.2618 pedestrian
494 20.2968 0.2094 cyclist
494 24.3116 -0.3665 cyclist
495 15.8360 0.2618 pedestrian
495 20.2968 0.2094 cyclist
495 24.3116 -0.3665 cyclist
496 15.8360 0.2618 pedestrian
496 20.2968 0.2094 cyclist
496 24.0885 -0.3665 cyclist
497 15.8360 0.2618 pedestrian
497 20.7429 0.1920 cyclist
497 24.0885 -0.3665 cyclist
498 15.8360 0.2618 pedestrian
498 20.7429 0.1920 cyclist
498 24.0885 -0.3665 cyclist
499 16.0590 0.2618 pedestrian
499 20.7429 0.1920 cyclist
499 24.0885 -0.3665 cyclist
500 16.0590 0.2618 pedestrian
500 20.7429 0.1920 cyclist
500 24.0885 -0.3665 cyclist
501 16.0590 0.2618 pedestrian
501 20.7429 0.1920 cyclist
501 23.6424 -0.3665 cyclist
502 16.0590 0.2618 pedestrian
502 20.7429 0.1920 cyclist
502 23.6424 -0.3665 cyclist
503 16.0590 0.2618 pedestrian
503 20.7429 0.1920 cyclist
503 23.6424 -0.3665 cyclist
504 16.0590 0.2618 pedestrian
504 20.7429 0.1920 cyclist
504 23.1963 -0.3840 cyclist
505 16.2821 0.2443 pedestrian
505 23.1963 -0.3840 cyclist
505 20.7429 0.1920 cyclist
506 16.2821 0.2443 pedestrian
506 22.9733 -0.3840 cyclist
506 20.7429 0.1920 cyclist
507 16.2821 0.2443 pedestrian
507 22.9733 -0.3665 cyclist
507 20.9659 0.2094 cyclist
508 16.2821 0.2443 pedestrian
508 22.7503 -0.3665 cyclist
508 20.9659 0.2094 cyclist
509 16.2821 0.2443 pedestrian
509 22.3042 -0.3665 cyclist
509 20.9659 0.2094 cyclist
510 16.5051 0.2443 pedestrian
510 22.0811 -0.3665 cyclist
510 20.9659 0.2094 cyclist
511 16.5051 0.2443 pedestrian
511 22.0811 -0.3665 cyclist
511 20.9659 0.2094 cyclist
512 16.7281 0.2443 pedestrian
512 22.0811 -0.3665 cyclist
512 20.9659 0.2094 cyclist
513 16.7281 0.2269 pedestrian
513 22.0811 -0.3665 cyclist
513 20.9659 0.2094 cyclist
514 16.7281 0.2269 pedestrian
514 22.0811 -0.3665 cyclist
514 20.9659 0.2094 cyclist
515 16.7281 0.2269 pedestrian
515 22.0811 -0.3316 cyclist
515 20.9659 0.2094 cyclist
516 16.7281 0.2269 pedestrian
516 21.8581 -0.3491 cyclist
516 20.9659 0.2094 cyclist
517 16.7281 0.2269 pedestrian
517 21.8581 -0.3491 cyclist
517 21.4120 0.2269 cyclist
518 16.9512 0.2269 pedestrian
518 21.6351 -0.3840 cyclist
518 21.4120 0.2269 cyclist
519 16.9512 0.2269 pedestrian
519 21.4120 -0.3665 cyclist
519 21.4120 0.2269 cyclist
520 16.9512 0.2269 pedestrian
520 21.4120 -0.3840 cyclist
520 21.4120 0.2269 cyclist
521 16.9512 0.2269 pedestrian
521 21.1890 -0.4014 cyclist
521 21.4120 0.2269 cyclist
522 16.9512 0.2269 pedestrian
522 20.9659 -0.4014 cyclist
522 21.4120 0.2269 cyclist
523 16.9512 0.2269 pedestrian
523 20.9659 -0.4014 cyclist
523 21.4120 0.2269 cyclist
524 16.9512 0.2269 pedestrian
524 20.9659 -0.4014 cyclist
524 21.4120 0.2269 cyclist
525 16.9512 0.2269 pedestrian
525 20.7429 -0.3840 cyclist
525 21.4120 0.2269 cyclist
526 16.9512 0.2269 pedestrian
526 20.7429 -0.3840 cyclist
526 21.6351 0.2269 cyclist
527 17.1742 0.2269 pedestrian
527 20.7429 -0.3840 cyclist
527 21.8581 0.2094 cyclist
528 17.1742 0.2269 pedestrian
528 20.7429 -0.3840 cyclist
528 21.8581 0.2094 cyclist
529 17.1742 0.2269 pedestrian
529 20.7429 -0.3840 cyclist
529 21.8581 0.2094 cyclist
530 17.3973 0.2094 pedestrian
530 20.0738 -0.4014 cyclist
530 21.8581 0.2094 cyclist
531 17.3973 0.2094 pedestrian
531 20.0738 -0.4014 cyclist
531 21.8581 0.2094 cyclist
532 17.3973 0.2094 pedestrian
532 20.0738 -0.4014 cyclist
532 21.8581 0.2094 cyclist
533 17.3973 0.2094 pedestrian
533 20.0738 -0.4014 cyclist
533 21.8581 0.2094 cyclist
534 17.3973 0.2094 pedestrian
534 20.0738 -0.4014 cyclist
534 22.0811 0.2094 cyclist
535 17.3973 0.2094 pedestrian
535 20.0738 -0.4014 cyclist
535 22.0811 0.2094 cyclist
536 17.3973 0.2094 pedestrian
536 20.0738 -0.4014 cyclist
536 22.0811 0.2094 cyclist
537 17.3973 0.2094 pedestrian
537 20.0738 -0.4014 cyclist
537 22.0811 0.2094 cyclist
538 17.3973 0.2094 pedestrian
538 19.4046 -0.4014 cyclist
538 22.0811 0.2094 cyclist
539 17.3973 0.2094 pedestrian
539 19.4046 -0.4014 cyclist
539 22.0811 0.2094 cyclist
540 17.6203 0.2094 pedestrian
540 19.4046 -0.4014 cyclist
540 22.0811 0.2094 cyclist
541 17.6203 0.2094 pedestrian
541 19.4046 -0.4014 cyclist
541 22.5272 0.2094 cyclist
542 17.6203 0.2094 pedestrian
542 19.4046 -0.4014 cyclist
542 22.5272 0.2094 cyclist
543 17.6203 0.2094 pedestrian
543 19.4046 -0.4014 cyclist
543 22.5272 0.2094 cyclist
544 17.6203 0.2094 pedestrian
544 18.5125 -0.4538 cyclist
544 22.5272 0.2094 cyclist
545 17.6203 0.2094 pedestrian
545 18.5125 -0.4538 cyclist
545 22.5272 0.2094 cyclist
546 17.6203 0.2094 pedestrian
546 18.5125 -0.4538 cyclist
546 22.5272 0.2094 cyclist
547 17.6203 0.2094 pedestrian
547 18.5125 -0.4538 cyclist
547 22.5272 0.2094 cyclist
548 17.6203 0.2094 pedestrian
548 18.5125 -0.4538 cyclist
548 22.5272 0.2094 cyclist
549 17.6203 0.2094 pedestrian
549 18.5125 -0.4538 cyclist
549 22.5272 0.2094 cyclist
550 17.6203 0.2094 pedestrian
550 18.5125 -0.4538 cyclist
550 22.5272 0.2094 cyclist
551 17.6203 0.2094 pedestrian
551 18.5125 -0.4538 cyclist
551 22.5272 0.2094 cyclist
552 17.8433 0.2094 pedestrian
552 18.0664 -0.4712 cyclist
552 22.5272 0.2094 cyclist
553 17.8433 0.1571 pedestrian
553 18.0664 -0.4712 cyclist
553 22.5272 0.2094 cyclist
554 17.8433 0.1571 pedestrian
554 18.0664 -0.4712 cyclist
554 22.5272 0.2094 cyclist
555 17.8433 0.1571 pedestrian
555 18.0664 -0.4712 cyclist
555 22.5272 0.2094 cyclist
556 17.8433 0.1571 pedestrian
556 18.0664 -0.4712 cyclist
556 22.5272 0.2094 cyclist
557 17.8433 0.1571 pedestrian
557 18.0664 -0.4712 cyclist
557 22.5272 0.2094 cyclist
558 17.8433 0.1571 pedestrian
558 18.0664 -0.4712 cyclist
558 22.5272 0.2094 cyclist
559 17.8433 0.1571 pedestrian
559 18.0664 -0.4712 cyclist
560 17.8433 0.1571 pedestrian
560 18.0664 -0.4712 cyclist
561 18.0664 0.1571 pedestrian
561 17.6203 -0.4712 cyclist
562 18.0664 0.1571 pedestrian
562 17.6203 -0.4712 cyclist
563 18.0664 0.1571 pedestrian
563 17.6203 -0.4712 cyclist
564 18.0664 0.1571 pedestrian
564 17.6203 -0.4712 cyclist
565 18.0664 0.1571 pedestrian
565 17.6203 -0.4712 cyclist
566 18.0664 0.1571 pedestrian
566 17.1742 -0.5236 cyclist
566 23.6424 0.1222 cyclist
567 18.0664 0.1571 pedestrian
567 17.1742 -0.5236 cyclist
567 23.6424 0.1222 cyclist
568 18.0664 0.1571 pedestrian
568 16.7281 -0.5585 cyclist
568 23.6424 0.1222 cyclist
569 18.0664 0.1571 pedestrian
569 16.7281 -0.5585 cyclist
569 23.6424 0.1222 cyclist
570 18.0664 0.1571 pedestrian
570 16.7281 -0.5585 cyclist
570 23.6424 0.1222 cyclist
571 18.0664 0.1571 pedestrian
571 16.7281 -0.5585 cyclist
571 23.6424 0.1222 cyclist
572 18.0664 0.1571 pedestrian
572 24.7576 -0.2094 cyclist
572 16.2821 -0.5934 cyclist
572 23.8655 0.1396 cyclist
573 18.0664 0.1571 pedestrian
573 24.7576 -0.2094 cyclist
573 16.2821 -0.5934 cyclist
573 23.8655 0.1396 cyclist
574 18.0664 0.1571 pedestrian
574 24.5346 -0.2094 cyclist
574 16.2821 -0.5934 cyclist
574 23.8655 0.1396 cyclist
575 18.0664 0.1571 pedestrian
575 24.0885 -0.2094 cyclist
575 16.2821 -0.5934 cyclist
575 23.8655 0.1396 cyclist
576 18.0664 0.1571 pedestrian
576 24.0885 -0.2094 cyclist
576 16.2821 -0.5934 cyclist
576 23.8655 0.1396 cyclist
577 18.0664 0.1571 pedestrian
577 24.0885 -0.2094 cyclist
577 16.2821 -0.5934 cyclist
577 23.8655 0.1396 cyclist
578 17.8433 0.1396 pedestrian
578 23.8655 -0.2094 cyclist
578 15.8360 -0.5934 cyclist
578 24.0885 0.1571 cyclist
579 17.8433 0.1396 pedestrian
579 23.8655 -0.2094 cyclist
579 15.8360 -0.5934 cyclist
579 24.0885 0.1571 cyclist
580 17.8433 0.1396 pedestrian
580 23.1963 -0.2269 cyclist
580 15.8360 -0.5934 cyclist
580 24.0885 0.1571 cyclist
581 17.8433 0.1396 pedestrian
581 22.5272 -0.2094 cyclist
581 15.8360 -0.5934 cyclist
581 24.0885 0.1571 cyclist
582 17.8433 0.1396 pedestrian
582 22.5272 -0.2094 cyclist
582 15.8360 -0.5934 cyclist
582 24.0885 0.1571 cyclist
583 17.8433 0.1396 pedestrian
583 22.5272 -0.2094 cyclist
583 15.8360 -0.5934 cyclist
583 24.0885 0.1571 cyclist
584 17.8433 0.1396 pedestrian
584 21.8581 -0.2269 cyclist
584 15.3899 -0.6458 cyclist
584 24.3116 0.1571 cyclist
585 17.8433 0.1396 pedestrian
585 21.8581 -0.2269 cyclist
585 15.3899 -0.6458 cyclist
585 24.3116 0.1571 cyclist
586 17.8433 0.1396 pedestrian
586 21.8581 -0.2269 cyclist
586 15.3899 -0.6458 cyclist
586 24.3116 0.1571 cyclist
587 17.6203 0.1222 pedestrian
587 21.4120 -0.2443 cyclist
587 14.9438 -0.6807 cyclist
587 24.3116 0.1571 cyclist
588 17.6203 0.1222 pedestrian
588 21.4120 -0.2443 cyclist
588 14.9438 -0.6807 cyclist
588 24.3116 0.1571 cyclist
589 17.6203 0.1222 pedestrian
589 20.7429 -0.2793 cyclist
589 14.9438 -0.6807 cyclist
589 24.3116 0.1571 cyclist
590 17.6203 0.1222 pedestrian
590 20.7429 -0.2793 cyclist
590 14.9438 -0.6807 cyclist
590 24.3116 0.1571 cyclist
591 17.6203 0.1222 pedestrian
591 20.7429 -0.2793 cyclist
591 14.9438 -0.6807 cyclist
591 24.3116 0.1571 cyclist
592 17.6203 0.1222 pedestrian
592 20.5198 -0.2967 cyclist
592 14.9438 -0.6807 cyclist
592 24.7576 0.1571 cyclist
593 17.6203 0.1222 pedestrian
593 20.0738 -0.2967 cyclist
593 14.4977 -0.7156 cyclist
593 24.7576 0.1571 cyclist
594 17.6203 0.1222 pedestrian
594 19.6277 -0.3142 cyclist
594 14.4977 -0.7156 cyclist
594 24.7576 0.1571 cyclist
595 17.6203 0.1222 pedestrian
595 19.6277 -0.3142 cyclist
595 14.4977 -0.7156 cyclist
595 24.7576 0.1571 cyclist
596 17.6203 0.1222 pedestrian
596 19.4046 -0.3491 cyclist
596 14.4977 -0.7156 cyclist
596 24.7576 0.1571 cyclist
597 17.6203 0.1222 pedestrian
597 19.4046 -0.3491 cyclist
597 14.4977 -0.7156 cyclist
597 24.7576 0.1571 cyclist
598 17.6203 0.1222 pedestrian
598 18.7355 -0.3316 cyclist
598 14.4977 -0.7156 cyclist
598 24.7576 0.1571 cyclist
599 17.3973 0.1047 pedestrian
599 18.7355 -0.3316 cyclist
599 14.4977 -0.7156 cyclist
599 24.7576 0.1571 cyclist
600 17.3973 0.1047 pedestrian
600 18.2894 -0.3491 cyclist
600 14.0516 -0.7505 cyclist
600 24.7576 0.1571 cyclist
601 17.3973 0.1047 pedestrian
601 18.2894 -0.3491 cyclist
601 14.0516 -0.7505 cyclist
601 24.7576 0.1571 cyclist
602 17.3973 0.1047 pedestrian
602 17.8433 -0.3665 cyclist
602 14.0516 -0.7505 cyclist
603 17.3973 0.1047 pedestrian
603 17.8433 -0.3665 cyclist
603 14.0516 -0.7505 cyclist
604 17.1742 0.0873 pedestrian
604 17.3973 -0.3840 cyclist
604 14.0516 -0.7505 cyclist
605 17.1742 0.0873 pedestrian
605 17.3973 -0.3840 cyclist
605 13.3825 -0.7854 cyclist
606 17.1742 0.0873 pedestrian
606 16.9512 -0.3840 cyclist
606 13.3825 -0.7854 cyclist
607 17.1742 0.0873 pedestrian
607 16.9512 -0.3840 cyclist
607 13.3825 -0.7854 cyclist
608 17.1742 0.0873 pedestrian
608 16.9512 -0.3840 cyclist
608 13.3825 -0.7854 cyclist
609 17.1742 0.0873 pedestrian
609 16.2821 -0.4189 cyclist
609 13.1595 -0.8203 cyclist
610 17.1742 0.0873 pedestrian
610 16.2821 -0.4189 cyclist
610 13.1595 -0.8203 cyclist
611 16.9512 0.0873 pedestrian
611 16.2821 -0.4189 cyclist
611 13.1595 -0.8203 cyclist
612 16.9512 0.0873 pedestrian
612 15.8360 -0.4189 cyclist
612 13.1595 -0.8203 cyclist
613 16.9512 0.0873 pedestrian
613 15.8360 -0.4189 cyclist
613 13.1595 -0.8727 cyclist
614 16.9512 0.0873 pedestrian
614 15.1668 -0.4189 cyclist
614 13.1595 -0.8727 cyclist
615 16.9512 0.0873 pedestrian
615 15.1668 -0.4189 cyclist
615 13.1595 -0.8727 cyclist
616 16.7281 0.0873 pedestrian
616 14.7208 -0.4538 cyclist
616 12.7134 -0.8901 cyclist
617 16.7281 0.0873 pedestrian
617 14.7208 -0.4538 cyclist
617 12.7134 -0.8901 cyclist
618 16.7281 0.0873 pedestrian
618 14.2747 -0.4712 cyclist
619 16.7281 0.0873 pedestrian
619 14.2747 -0.4712 cyclist
620 16.7281 0.0873 pedestrian
620 14.2747 -0.4712 cyclist
621 16.7281 0.0698 pedestrian
621 13.8286 -0.4712 cyclist
622 16.7281 0.0698 pedestrian
622 13.8286 -0.4712 cyclist
623 16.7281 0.0698 pedestrian
623 13.3825 -0.5061 cyclist
624 16.5051 0.0698 pedestrian
624 13.1595 -0.5061 cyclist
625 16.5051 0.0698 pedestrian
625 13.1595 -0.5236 cyclist
626 16.5051 0.0698 pedestrian
626 12.7134 -0.5585 cyclist
627 16.5051 0.0698 pedestrian
627 12.4903 -0.5760 cyclist
628 16.5051 0.0698 pedestrian
628 12.4903 -0.5760 cyclist
629 16.2821 0.0698 pedestrian
629 12.2673 -0.5934 cyclist
630 16.2821 0.0698 pedestrian
630 12.0443 -0.5934 cyclist
631 16.2821 0.0698 pedestrian
631 12.0443 -0.6109 cyclist
632 16.2821 0.0698 pedestrian
632 11.5982 -0.6283 cyclist
633 16.2821 0.0698 pedestrian
633 11.5982 -0.6283 cyclist
634 16.2821 0.0698 pedestrian
634 11.1521 -0.6458 cyclist
635 16.2821 0.0698 pedestrian
635 11.1521 -0.6458 cyclist
636 16.2821 0.0698 pedestrian
636 10.9290 -0.6632 cyclist
637 16.2821 0.0698 pedestrian
637 10.9290 -0.6632 cyclist
638 16.2821 0.0698 pedestrian
638 10.4830 -0.6807 cyclist
639 16.0590 0.0524 pedestrian
639 10.4830 -0.6807 cyclist
640 16.0590 0.0524 pedestrian
640 10.0369 -0.7330 cyclist
641 16.0590 0.0524 pedestrian
641 10.0369 -0.7330 cyclist
642 16.0590 0.0524 pedestrian
642 10.0369 -0.7330 cyclist
643 15.8360 0.0698 pedestrian
643 9.8138 -0.7330 cyclist
644 15.8360 0.0698 pedestrian
644 9.8138 -0.7330 cyclist
645 15.8360 0.0698 pedestrian
645 9.3678 -0.8029 cyclist
646 15.8360 0.0698 pedestrian
646 9.3678 -0.8029 cyclist
647 15.6129 0.0873 pedestrian
647 9.1447 -0.8029 cyclist
648 15.6129 0.0873 pedestrian
648 9.1447 -0.8029 cyclist
649 15.6129 0.0873 pedestrian
649 8.9217 -0.8552 cyclist
650 15.6129 0.0873 pedestrian
650 8.9217 -0.8552 cyclist
651 15.6129 0.0873 pedestrian
651 8.6986 -0.9076 cyclist
652 15.6129 0.0873 pedestrian
652 8.6986 -0.9076 cyclist
653 15.6129 0.0873 pedestrian
653 8.6986 -0.9076 cyclist
654 15.6129 0.0873 pedestrian
654 8.2525 -0.9425 cyclist
655 15.6129 0.0873 pedestrian
655 8.2525 -0.9425 cyclist
656 15.3899 0.1047 pedestrian
656 8.2525 -0.9425 cyclist
657 15.3899 0.1047 pedestrian
657 8.2525 -0.9425 cyclist
658 15.3899 0.1047 pedestrian
658 8.2525 -0.9425 cyclist
659 15.3899 0.1047 pedestrian
659 8.0295 -0.9948 cyclist
660 15.3899 0.1047 pedestrian
660 8.0295 -1.0123 cyclist
661 15.3899 0.1047 pedestrian
662 15.3899 0.1047 pedestrian
662 24.9807 -0.2094 car
663 15.3899 0.1047 pedestrian
663 24.9807 -0.2094 car
664 15.1668 0.1222 pedestrian
664 24.5346 -0.2094 car
665 15.1668 0.1222 pedestrian
665 24.0885 -0.2094 car
666 15.1668 0.1222 pedestrian
666 24.0885 -0.2094 car
667 15.1668 0.1222 pedestrian
667 23.6424 -0.2094 car
668 15.1668 0.1222 pedestrian
668 23.6424 -0.2094 car
669 15.1668 0.1222 pedestrian
669 23.1963 -0.2269 car
670 15.1668 0.1222 pedestrian
670 23.1963 -0.2269 car
671 15.1668 0.1222 pedestrian
671 22.7503 -0.2269 car
672 15.1668 0.1222 pedestrian
672 22.5272 -0.2269 car
673 14.9438 0.1222 pedestrian
673 22.3042 -0.2269 car
674 14.9438 0.1222 pedestrian
674 22.0811 -0.2269 car
675 14.9438 0.1222 pedestrian
675 22.0811 -0.2269 car
676 14.9438 0.1222 pedestrian
676 21.6351 -0.2269 car
677 14.9438 0.1222 pedestrian
677 21.6351 -0.2269 car
678 14.9438 0.1222 pedestrian
678 21.1890 -0.2269 car
679 14.9438 0.1222 pedestrian
679 21.1890 -0.2269 car
680 14.9438 0.1571 pedestrian
680 20.7429 -0.2269 car
681 14.9438 0.1571 pedestrian
681 20.7429 -0.2269 car
682 14.9438 0.1571 pedestrian
682 20.0738 -0.2269 car
683 14.9438 0.1571 pedestrian
683 20.0738 -0.2269 car
684 14.9438 0.1571 pedestrian
684 20.0738 -0.2269 car
685 14.9438 0.1571 pedestrian
685 19.6277 -0.2443 car
686 14.9438 0.1571 pedestrian
686 19.6277 -0.2443 car
687 14.9438 0.1571 pedestrian
687 19.6277 -0.2443 car
688 14.9438 0.1571 pedestrian
688 19.1816 -0.2618 car
689 14.9438 0.1571 pedestrian
689 19.1816 -0.2618 car
690 14.9438 0.1571 pedestrian
690 19.1816 -0.2618 car
691 14.7208 0.1745 pedestrian
691 18.5125 -0.2618 car
692 14.7208 0.1745 pedestrian
692 18.5125 -0.2618 car
693 14.7208 0.1745 pedestrian
693 18.5125 -0.2618 car
694 14.7208 0.1745 pedestrian
694 17.8433 -0.2967 car
695 14.7208 0.1745 pedestrian
695 17.8433 -0.2967 car
696 14.7208 0.1745 pedestrian
696 17.8433 -0.2967 car
697 14.7208 0.1745 pedestrian
697 17.8433 -0.2967 car
698 14.7208 0.2269 pedestrian
698 17.3973 -0.2967 car
699 14.7208 0.2269 pedestrian
699 16.9512 -0.3316 car
700 14.7208 0.2269 pedestrian
700 16.9512 -0.3316 car
701 14.7208 0.2269 pedestrian
701 16.9512 -0.3316 car
702 14.7208 0.2269 pedestrian
702 16.5051 -0.3316 car
703 14.7208 0.2269 pedestrian
703 16.5051 -0.3316 car
704 14.7208 0.2269 pedestrian
704 16.5051 -0.3316 car
705 14.7208 0.2269 pedestrian
705 15.8360 -0.3316 car
706 14.7208 0.2269 pedestrian
706 15.8360 -0.3316 car
707 14.7208 0.2269 pedestrian
707 15.8360 -0.3316 car
708 14.7208 0.2269 pedestrian
708 15.3899 -0.3316 car
709 14.7208 0.2269 pedestrian
709 15.3899 -0.3316 car
710 14.7208 0.2269 pedestrian
710 15.3899 -0.3316 car
711 14.7208 0.2269 pedestrian
711 14.9438 -0.3491 car
712 14.7208 0.2269 pedestrian
712 14.9438 -0.3491 car
713 14.7208 0.2269 pedestrian
713 14.7208 -0.3840 car
714 14.7208 0.2269 pedestrian
714 14.7208 -0.3840 car
715 14.7208 0.2269 pedestrian
715 14.7208 -0.3840 car
716 14.7208 0.2269 pedestrian
716 14.7208 -0.3840 car
717 14.7208 0.2269 pedestrian
717 14.2747 -0.3840 car
718 14.7208 0.2269 pedestrian
718 14.2747 -0.3840 car
719 14.7208 0.2269 pedestrian
719 14.2747 -0.3840 car
720 14.7208 0.2269 pedestrian
720 14.0516 -0.3840 car
721 14.7208 0.2269 pedestrian
721 13.8286 -0.3840 car
722 14.7208 0.2269 pedestrian
722 13.3825 -0.3840 car
723 14.2747 0.2269 pedestrian
723 13.3825 -0.3840 car
724 14.2747 0.2269 pedestrian
724 13.3825 -0.3840 car
725 14.2747 0.2269 pedestrian
725 12.9364 -0.4014 car
726 14.2747 0.2269 pedestrian
726 12.9364 -0.4014 car
727 14.2747 0.2269 pedestrian
727 12.9364 -0.4014 car
728 14.2747 0.2269 pedestrian
728 12.9364 -0.4014 car
729 14.0516 0.2269 pedestrian
729 12.9364 -0.4014 car
730 14.0516 0.2269 pedestrian
730 12.9364 -0.4014 car
731 14.0516 0.2269 pedestrian
731 12.9364 -0.4014 car
732 14.0516 0.2269 pedestrian
732 12.9364 -0.4014 car
733 14.0516 0.2269 pedestrian
733 12.4903 -0.4363 car
734 14.0516 0.2269 pedestrian
734 12.0443 -0.4538 car
735 14.0516 0.2269 pedestrian
735 12.0443 -0.4538 car
736 14.0516 0.2269 pedestrian
736 12.0443 -0.4538 car
737 14.0516 0.2269 pedestrian
737 12.0443 -0.4538 car
738 14.0516 0.2269 pedestrian
738 12.0443 -0.4538 car
739 13.8286 0.2269 pedestrian
739 11.8212 -0.4712 car
740 13.8286 0.2269 pedestrian
740 11.8212 -0.4712 car
741 13.8286 0.2269 pedestrian
741 11.8212 -0.4712 car
742 13.8286 0.2269 pedestrian
742 11.8212 -0.4712 car
743 13.8286 0.2269 pedestrian
743 11.3751 -0.4887 car
744 13.6056 0.2443 pedestrian
744 11.3751 -0.4887 car
745 13.6056 0.2443 pedestrian
745 11.3751 -0.4887 car
746 13.6056 0.2443 pedestrian
746 11.3751 -0.4887 car
747 13.6056 0.2443 pedestrian
747 11.3751 -0.4887 car
748 13.6056 0.2443 pedestrian
748 10.9290 -0.5061 car
749 13.6056 0.2443 pedestrian
749 10.9290 -0.5061 car
750 13.6056 0.2443 pedestrian
750 10.9290 -0.5061 car
751 13.3825 0.2443 pedestrian
751 10.9290 -0.5061 car
752 13.3825 0.2443 pedestrian
752 10.9290 -0.5061 car
753 13.3825 0.2443 pedestrian
753 10.7060 -0.5411 car
754 13.3825 0.2443 pedestrian
754 10.7060 -0.5411 car
755 13.3825 0.2443 pedestrian
755 10.7060 -0.5411 car
756 13.3825 0.2443 pedestrian
756 10.7060 -0.5411 car
757 13.3825 0.2443 pedestrian
757 10.2599 -0.5760 car
758 13.1595 0.2443 pedestrian
758 10.2599 -0.5760 car
759 13.1595 0.2443 pedestrian
759 10.2599 -0.5760 car
760 13.1595 0.2443 pedestrian
760 10.2599 -0.5760 car
761 13.1595 0.2443 pedestrian
761 10.2599 -0.5760 car
762 13.1595 0.2443 pedestrian
762 10.2599 -0.5934 car
763 13.1595 0.2443 pedestrian
763 9.8138 -0.6109 car
764 13.1595 0.2443 pedestrian
764 9.3678 -0.6458 car
765 12.9364 0.2443 pedestrian
765 9.3678 -0.6458 car
766 12.9364 0.2443 pedestrian
766 9.3678 -0.6458 car
767 12.9364 0.2443 pedestrian
767 9.3678 -0.6458 car
768 12.9364 0.2443 pedestrian
768 9.3678 -0.6458 car
769 12.9364 0.2443 pedestrian
769 9.3678 -0.6458 car
770 12.9364 0.2443 pedestrian
770 9.3678 -0.6458 car
771 12.9364 0.2443 pedestrian
771 9.3678 -0.6458 car
772 12.9364 0.2443 pedestrian
772 9.3678 -0.6458 car
773 12.9364 0.2443 pedestrian
773 8.9217 -0.6981 car
774 12.9364 0.2443 pedestrian
774 8.9217 -0.6981 car
775 12.4903 0.2443 pedestrian
775 8.9217 -0.6981 car
776 12.4903 0.2443 pedestrian
776 8.9217 -0.6981 car
777 12.4903 0.2443 pedestrian
777 8.9217 -0.6981 car
778 12.4903 0.2443 pedestrian
778 8.9217 -0.6981 car
779 12.4903 0.2443 pedestrian
779 8.4756 -0.7156 car
780 12.4903 0.2443 pedestrian
780 8.4756 -0.7156 car
781 12.4903 0.2443 pedestrian
781 8.4756 -0.7156 car
782 12.4903 0.2443 pedestrian
782 8.4756 -0.7156 car
783 12.2673 0.2443 pedestrian
783 8.0295 -0.7505 car
784 12.2673 0.2443 pedestrian
784 8.0295 -0.7505 car
785 12.2673 0.2443 pedestrian
785 8.0295 -0.7505 car
786 12.2673 0.2443 pedestrian
786 8.0295 -0.7505 car
787 12.0443 0.2618 pedestrian
787 8.0295 -0.7505 car
788 12.0443 0.2618 pedestrian
788 8.0295 -0.7505 car
789 12.0443 0.2618 pedestrian
789 8.0295 -0.7505 car
790 12.0443 0.2618 pedestrian
790 8.0295 -0.7505 car
791 12.0443 0.2269 pedestrian
791 7.8065 -0.7854 car
792 12.0443 0.2269 pedestrian
792 7.8065 -0.7854 car
793 12.0443 0.2269 pedestrian
793 7.8065 -0.7854 car
794 12.0443 0.2269 pedestrian
794 7.8065 -0.7854 car
795 12.0443 0.2269 pedestrian
795 7.8065 -0.7854 car
796 11.5982 0.2269 pedestrian
796 7.3604 -0.8203 car
797 11.5982 0.2269 pedestrian
797 7.3604 -0.8203 car
798 11.5982 0.2269 pedestrian
798 7.3604 -0.8203 car
799 11.5982 0.2269 pedestrian
799 7.3604 -0.8203 car
800 11.5982 0.2269 pedestrian
800 7.3604 -0.8203 car
801 11.5982 0.2269 pedestrian
801 7.3604 -0.8203 car
802 11.5982 0.2269 pedestrian
802 7.1373 -0.8727 car
803 11.5982 0.2269 pedestrian
803 7.1373 -0.8727 car
804 11.5982 0.2269 pedestrian
804 7.1373 -0.8727 car
805 11.5982 0.2269 pedestrian
805 7.1373 -0.8727 car
806 11.5982 0.2269 pedestrian
806 7.1373 -0.8727 car
807 11.3751 0.2269 pedestrian
807 7.1373 -0.8727 car
808 11.3751 0.2269 pedestrian
808 7.1373 -0.8727 car
809 11.3751 0.2269 pedestrian
809 7.1373 -0.8727 car
810 11.3751 0.2269 pedestrian
810 7.1373 -0.8727 car
811 11.3751 0.2269 pedestrian
811 6.9143 -0.9250 car
812 6.9143 -0.9250 car
812 11.3751 0.2269 pedestrian
813 11.3751 0.2269 pedestrian
813 6.9143 -0.9250 car
814 11.1521 0.2269 pedestrian
814 6.9143 -0.9250 car
815 11.1521 0.2269 pedestrian
815 6.6913 -0.9774 car
816 11.1521 0.2269 pedestrian
816 6.6913 -0.9774 car
817 11.1521 0.2269 pedestrian
817 6.6913 -0.9774 car
818 10.9290 0.2269 pedestrian
818 6.6913 -0.9774 car
819 10.9290 0.2269 pedestrian
819 6.2452 -1.0123 car
820 10.9290 0.2269 pedestrian
821 10.9290 0.2269 pedestrian
822 10.9290 0.2269 pedestrian
823 10.9290 0.2269 pedestrian
824 10.7060 0.2269 pedestrian
825 10.7060 0.2269 pedestrian
826 10.7060 0.2269 pedestrian
827 10.7060 0.2269 pedestrian
828 10.4830 0.2269 pedestrian
829 10.4830 0.2269 pedestrian
830 10.4830 0.2269 pedestrian
831 10.4830 0.2269 pedestrian
832 10.4830 0.2269 pedestrian
833 10.4830 0.2269 pedestrian
834 10.4830 0.2269 pedestrian
835 10.4830 0.2269 pedestrian
836 10.4830 0.2269 pedestrian
837 10.4830 0.2269 pedestrian
838 10.2599 0.2094 pedestrian
839 10.2599 0.2094 pedestrian
840 10.2599 0.2094 pedestrian
841 10.2599 0.2094 pedestrian
842 10.0369 0.1920 pedestrian
843 10.0369 0.1920 pedestrian
844 10.0369 0.1920 pedestrian
845 10.0369 0.1920 pedestrian
846 10.0369 0.1920 pedestrian
847 10.0369 0.1920 pedestrian
848 10.0369 0.1920 pedestrian
849 10.0369 0.1920 pedestrian
850 9.8138 0.1745 pedestrian
851 9.8138 0.1745 pedestrian
852 9.8138 0.1745 pedestrian
853 9.8138 0.1745 pedestrian
854 9.8138 0.1745 pedestrian
855 9.5908 0.1745 pedestrian
856 9.5908 0.1745 pedestrian
857 9.5908 0.1745 pedestrian
858 9.5908 0.1745 pedestrian
859 9.5908 0.1745 pedestrian
860 9.5908 0.1745 pedestrian
861 9.3678 0.1745 pedestrian
862 9.3678 0.1745 pedestrian
863 9.3678 0.1745 pedestrian
864 9.3678 0.1745 pedestrian
865 9.3678 0.1745 pedestrian
866 9.1447 0.1745 pedestrian
867 9.1447 0.1745 pedestrian
868 9.1447 0.1745 pedestrian
869 9.1447 0.1745 pedestrian
870 9.1447 0.1745 pedestrian
871 9.1447 0.1745 pedestrian
872 9.1447 0.1745 pedestrian
873 8.9217 0.1396 pedestrian
874 8.9217 0.1396 pedestrian
875 8.9217 0.1396 pedestrian
876 8.9217 0.1396 pedestrian
877 8.9217 0.1396 pedestrian
878 8.9217 0.1396 pedestrian
879 8.9217 0.1396 pedestrian
880 8.6986 0.1222 pedestrian
881 8.6986 0.1222 pedestrian
882 8.6986 0.1222 pedestrian
883 8.6986 0.1222 pedestrian
884 8.6986 0.1222 pedestrian
885 8.6986 0.1222 pedestrian
886 8.6986 0.1222 pedestrian
887 8.6986 0.1222 pedestrian
888 8.6986 0.1222 pedestrian
889 8.4756 0.1222 pedestrian
890 8.4756 0.1222 pedestrian
891 8.4756 0.1222 pedestrian
892 8.4756 0.1222 pedestrian
893 8.2525 0.1222 pedestrian
894 8.2525 0.1222 pedestrian
895 8.2525 0.1222 pedestrian
896 8.2525 0.1222 pedestrian
897 8.2525 0.1222 pedestrian
898 8.2525 0.1222 pedestrian
899 8.2525 0.0873 pedestrian
