0 22.5831 -0.2225 car
1 22.6896 -0.2386 car
2 22.7939 -0.2146 car
3 22.5526 -0.2504 car
4 22.5525 -0.2497 car
5 23.2200 -0.2141 car
6 22.7654 -0.2481 car
7 23.5418 -0.2063 car
8 23.5395 -0.2145 car
9 23.6483 -0.2063 car
10 23.4038 -0.2417 car
11 23.4036 -0.2402 car
12 24.0752 -0.1981 car
13 24.0721 -0.1985 car
14 23.8294 -0.2378 car
15 24.0423 -0.2362 car
16 24.7136 -0.2063 car
17 24.8201 -0.1742 car
18 24.7122 -0.1822 car
19 24.4677 -0.2306 car
20 24.8201 -0.1740 car
21 24.9242 -0.1660 car
22 24.6804 -0.2274 car
61 14.0662 -0.5401 car
62 14.0659 -0.5382 car
63 14.0655 -0.5351 car
64 14.4914 -0.5332 car
65 14.4877 -0.6514 car
66 14.2747 -0.6124 car
67 14.2747 -0.6317 car
68 14.4877 -0.6124 car
69 14.9162 -0.5226 car
70 14.7008 -0.6124 car
71 14.9138 -0.6317 car
72 14.9138 -0.6124 car
73 15.1283 -0.5150 car
74 15.3409 -0.5111 car
75 15.5540 -0.5111 car
76 15.3400 -0.5932 car
77 15.5530 -0.5744 car
78 15.3400 -0.5744 car
82 15.9791 -0.5373 car
83 16.1915 -0.4983 car
84 16.1913 -0.4963 car
85 16.1912 -0.4957 car
86 16.4042 -0.4950 car
87 16.4052 -0.5191 car
92 17.0423 -0.4865 car
95 17.4679 -0.4826 car
97 24.6643 -0.0909 car
99 17.8937 -0.4799 car
112 24.9266 -0.0632 car
115 19.8068 -0.4443 car
121 24.4520 -0.0975 car
122 24.9243 -0.0549 car
124 24.9243 -0.0707 car
126 24.9243 -0.0549 car
128 24.9274 -0.0709 car
130 24.9243 -0.0712 car
131 24.9274 -0.0867 car
132 24.9266 -0.0787 car
133 24.2391 -0.0983 car
136 24.8201 -0.0790 car
137 24.8201 -0.0790 car
138 24.8201 -0.0790 car
139 24.8178 -0.0871 car
140 24.9266 -0.1106 car
141 24.8291 -0.0873 car
142 24.6427 -0.0816 car
143 24.2395 -0.1017 car
144 24.6957 -0.0707 car
146 24.7144 -0.0709 car
147 24.7136 -0.0787 car
148 24.6071 -0.0629 car
149 24.7074 -0.0626 car
150 24.7113 -0.0549 car
151 24.8178 -0.0871 car
152 24.4526 -0.1025 car
153 24.4526 -0.1025 car
155 24.9266 -0.0787 car
156 24.8201 -0.0629 car
157 24.2397 -0.1042 car
158 24.7136 -0.0790 car
159 24.7136 -0.0790 car
160 24.7136 -0.0790 car
161 24.8201 -0.0789 car
162 24.9243 -0.0870 car
163 24.9243 -0.0870 car
164 24.8536 -0.0817 car
165 24.9266 -0.0790 car
166 24.9266 -0.0790 car
167 24.9274 -0.0867 car
168 24.9266 -0.0787 car
169 24.8201 -0.0787 car
170 24.9266 -0.0790 car
173 24.9274 -0.0709 car
174 24.9274 -0.0709 car
175 24.9266 -0.0629 car
176 24.9266 -0.0629 car
177 24.9243 -0.0549 car
178 24.9266 -0.0629 car
189 24.8786 -0.1017 car
589 14.2747 -0.6714 car
595 14.4908 -0.5282 car
598 14.4903 -0.5238 car
600 14.4900 -0.5219 car
603 14.7025 -0.5175 car
604 14.4891 -0.5150 car
605 15.5548 -0.5175 car
606 14.4877 -0.6916 car
607 15.5542 -0.5131 car
608 14.7008 -0.6124 car
609 14.7016 -0.5099 car
610 15.3407 -0.5092 car
611 14.4881 -0.5067 car
612 14.4882 -0.5073 car
613 14.7010 -0.5054 car
614 14.7009 -0.5047 car
615 14.7008 -0.5034 car
616 14.7004 -0.5009 car
617 14.7004 -0.5002 car
618 14.7004 -0.5009 car
619 14.9133 -0.4989 car
620 14.9131 -0.4976 car
622 14.9128 -0.4950 car
623 14.9126 -0.4937 car
624 15.3385 -0.4918 car
625 14.9125 -0.4931 car
626 14.9123 -0.4911 car
627 14.9120 -0.4891 car
628 14.9118 -0.4872 car
629 14.9118 -0.4872 car
630 14.9115 -0.4846 car
631 15.1247 -0.4859 car
632 15.1249 -0.4872 car
634 15.1240 -0.4806 car
635 15.1240 -0.4806 car
638 14.9110 -0.4813 car
639 15.3368 -0.4786 car
640 15.1235 -0.4766 car
641 14.9138 -0.5191 car
642 15.1235 -0.4766 car
643 15.5496 -0.4760 car
644 15.1234 -0.4753 car
645 15.3363 -0.4746 car
646 15.3363 -0.4746 car
648 15.3359 -0.4713 car
649 15.3361 -0.4726 car
650 15.5489 -0.4706 car
651 15.3358 -0.4706 car
652 15.5489 -0.4706 car
653 15.5486 -0.4680 car
655 15.5487 -0.4693 car
656 15.5486 -0.4680 car
657 15.5485 -0.4673 car
658 15.5492 -0.4726 car
659 15.5481 -0.4639 car
660 15.5482 -0.4653 car
661 15.5481 -0.4646 car
662 15.5481 -0.4639 car
663 15.7606 -0.4599 car
664 15.7607 -0.4606 car
665 15.5474 -0.4585 car
666 15.7606 -0.4599 car
667 15.7607 -0.4606 car
668 15.7606 -0.4599 car
669 15.7602 -0.4565 car
670 15.9733 -0.4572 car
672 15.9727 -0.4518 car
673 15.9727 -0.4518 car
674 15.9724 -0.4497 car
675 15.9718 -0.4449 car
676 15.9722 -0.4484 car
677 15.9712 -0.4401 car
678 15.9715 -0.4422 car
679 15.9713 -0.4408 car
680 16.1841 -0.4388 car
681 16.1847 -0.4436 car
682 16.1839 -0.4374 car
683 16.1841 -0.4388 car
684 16.1832 -0.4318 car
685 16.1833 -0.4325 car
686 16.1831 -0.4305 car
687 16.1834 -0.4332 car
688 16.1827 -0.4277 car
689 16.3953 -0.4235 car
690 16.1822 -0.4235 car
691 16.1818 -0.4207 car
692 16.1815 -0.4179 car
693 16.1821 -0.4228 car
694 16.1821 -0.4228 car
695 16.3946 -0.4186 car
696 16.3943 -0.4158 car
697 16.3942 -0.4151 car
698 16.3939 -0.4130 car
699 16.3938 -0.4116 car
700 16.3939 -0.4130 car
701 16.3941 -0.4144 car
702 16.3940 -0.4137 car
703 16.4052 -0.3622 car
704 16.6061 -0.4059 car
705 16.6061 -0.4059 car
706 16.6066 -0.4102 car
707 16.6062 -0.4066 car
708 16.6059 -0.4045 car
709 16.4052 -0.3791 car
710 16.6054 -0.4002 car
711 16.6054 -0.4002 car
712 16.6052 -0.3988 car
713 16.8183 -0.3988 car
714 16.6050 -0.3966 car
715 16.6049 -0.3959 car
716 16.8180 -0.3966 car
717 16.8313 -0.3791 car
718 16.6183 -0.3622 car
719 16.6051 -0.3981 car
720 16.8180 -0.3966 car
721 16.8180 -0.3966 car
722 16.8176 -0.3931 car
723 16.8175 -0.3923 car
724 16.8173 -0.3909 car
725 16.8173 -0.3909 car
726 16.8173 -0.3909 car
727 16.8313 -0.3791 car
728 16.8172 -0.3902 car
729 16.8171 -0.3895 car
730 16.8171 -0.3895 car
731 16.8171 -0.3895 car
732 16.8172 -0.3902 car
733 16.8170 -0.3888 car
734 16.8313 -0.3622 car
735 17.2433 -0.3902 car
736 17.0302 -0.3895 car
737 17.0301 -0.3888 car
738 17.0300 -0.3880 car
739 17.0302 -0.3895 car
740 17.0302 -0.3895 car
741 17.0303 -0.3902 car
742 17.0299 -0.3873 car
743 17.0301 -0.3888 car
744 17.0298 -0.3866 car
745 17.0299 -0.3873 car
746 17.0293 -0.3823 car
747 17.0300 -0.3880 car
748 17.0299 -0.3873 car
749 17.0302 -0.3895 car
750 17.0299 -0.3873 car
751 17.0303 -0.3902 car
752 17.0298 -0.3866 car
753 17.0299 -0.3873 car
754 17.0299 -0.3873 car
755 17.0298 -0.3866 car
756 17.2433 -0.3895 car
757 17.0300 -0.3880 car
758 17.2434 -0.3909 car
759 17.2431 -0.3880 car
760 17.2432 -0.3888 car
761 17.2436 -0.3923 car
762 17.2436 -0.3923 car
763 17.2435 -0.3916 car
764 17.0444 -0.3791 car
765 17.0307 -0.3938 car
766 17.0444 -0.3961 car
767 17.0307 -0.3938 car
768 17.0308 -0.3945 car
769 17.0311 -0.3966 car
770 17.0309 -0.3952 car
771 17.0308 -0.3945 car
772 17.2440 -0.3952 car
773 17.2445 -0.3995 car
774 17.2442 -0.3974 car
775 17.2442 -0.3974 car
776 17.2445 -0.3995 car
777 17.2449 -0.4031 car
778 17.2574 -0.3791 car
779 17.0316 -0.4009 car
780 17.4582 -0.4045 car
781 17.0444 -0.3791 car
782 17.0322 -0.4052 car
783 17.0321 -0.4045 car
784 17.2450 -0.4038 car
785 17.2455 -0.4073 car
786 17.2455 -0.4073 car
788 17.2456 -0.4080 car
789 17.2460 -0.4116 car
790 17.2464 -0.4144 car
791 17.2463 -0.4137 car
793 17.2464 -0.4144 car
794 17.2466 -0.4165 car
795 17.2468 -0.4179 car
797 17.4602 -0.4207 car
798 17.4605 -0.4228 car
799 17.2477 -0.4249 car
800 17.2481 -0.4284 car
801 17.2480 -0.4277 car
802 17.2481 -0.4284 car
803 17.2480 -0.4277 car
804 17.2485 -0.4318 car
805 17.2486 -0.4325 car
873 17.8982 -0.5156 car
952 20.4577 -0.5376 car
954 20.4574 -0.5351 car
970 20.8820 -0.5232 car
985 21.0939 -0.5137 car
1009 22.3708 -0.6317 car
1015 22.5808 -0.4779 car
1017 22.7938 -0.4773 car
1018 22.7935 -0.4753 car
1019 22.7934 -0.4746 car
1024 23.2187 -0.4680 car
1038 24.7144 -0.6317 car
1632 23.4112 -0.3025 car
1633 22.9859 -0.3094 car
1636 21.9236 -0.3336 car
1637 21.7116 -0.3418 car
1638 21.2860 -0.3463 car
1639 21.0741 -0.3552 car
1640 20.6491 -0.3648 car
1641 20.4371 -0.3728 car
1642 20.0117 -0.3786 car
1643 19.7996 -0.3866 car
1644 19.3745 -0.3945 car
1645 19.1627 -0.4045 car
1646 18.9504 -0.4109 car
1647 18.5254 -0.4200 car
1648 18.3135 -0.4291 car
1649 18.1013 -0.4360 car
1650 17.6760 -0.4429 car
1651 17.4641 -0.4518 car
1652 17.2521 -0.4606 car
1653 16.8270 -0.4686 car
1654 16.6149 -0.4760 car
1655 16.4031 -0.4865 car
1656 16.1911 -0.4950 car
1657 15.9789 -0.5015 car
1658 15.7666 -0.5079 car
1659 15.5541 -0.5118 car
1660 15.1282 -0.5137 car
1661 14.9158 -0.5194 car
1662 14.7032 -0.5232 car
