0 22.5272 0.1745 cyclist
1 22.5272 0.1745 cyclist
2 22.5272 0.1745 cyclist
3 22.5272 0.1745 cyclist
4 22.5272 0.1745 cyclist
5 22.5272 0.1745 cyclist
6 22.5272 0.1745 cyclist
7 22.5272 0.1745 cyclist
8 22.5272 0.1745 cyclist
9 22.5272 0.1745 cyclist
10 22.5272 0.1745 cyclist
11 22.5272 0.1745 cyclist
12 22.5272 0.1745 cyclist
13 22.5272 0.1745 cyclist
14 22.5272 0.1745 cyclist
15 22.5272 0.1745 cyclist
16 22.7503 0.1571 cyclist
17 22.7503 0.1571 cyclist
18 22.7503 0.1571 cyclist
19 22.7503 0.1571 cyclist
20 22.7503 0.1571 cyclist
21 22.7503 0.1571 cyclist
22 22.7503 0.1222 cyclist
23 22.7503 0.1222 cyclist
24 22.7503 0.1222 cyclist
25 22.7503 0.1222 cyclist
26 22.7503 0.1222 cyclist
27 22.7503 0.1222 cyclist
28 22.7503 0.1222 cyclist
29 22.7503 0.1222 cyclist
30 22.7503 0.1222 cyclist
31 22.7503 0.1222 cyclist
32 22.7503 0.1222 cyclist
33 22.7503 0.1222 cyclist
34 22.7503 0.1047 cyclist
35 22.7503 0.1047 cyclist
36 22.7503 0.1047 cyclist
37 22.7503 0.0873 cyclist
38 22.7503 0.0873 cyclist
39 22.7503 0.0873 cyclist
40 22.7503 0.0698 cyclist
41 22.7503 0.0698 cyclist
42 22.7503 0.0698 cyclist
43 22.7503 0.0698 cyclist
44 22.7503 0.0524 cyclist
45 22.7503 0.0524 cyclist
46 22.5272 0.0175 cyclist
47 22.5272 0.0175 cyclist
48 22.5272 0.0175 cyclist
49 22.5272 0.0175 cyclist
50 22.5272 0.0175 cyclist
51 22.5272 0.0175 cyclist
52 22.5272 0.0175 cyclist
53 22.5272 0.0175 cyclist
54 22.5272 0.0175 cyclist
55 22.5272 0.0175 cyclist
56 22.5272 0.0175 cyclist
57 22.5272 0.0175 cyclist
58 22.5272 0.0175 cyclist
59 22.5272 0.0175 cyclist
60 22.5272 0.0175 cyclist
61 22.5272 -0.0175 cyclist
62 22.5272 -0.0175 cyclist
63 22.5272 -0.0175 cyclist
64 22.3042 -0.0175 cyclist
65 22.3042 -0.0175 cyclist
66 22.3042 -0.0175 cyclist
67 22.3042 -0.0349 cyclist
68 22.3042 -0.0349 cyclist
69 22.3042 -0.0349 cyclist
70 22.0811 -0.0524 cyclist
71 22.0811 -0.0524 cyclist
72 22.0811 -0.0524 cyclist
73 22.0811 -0.0524 cyclist
74 22.0811 -0.0524 cyclist
75 22.0811 -0.0524 cyclist
76 21.8581 -0.0698 cyclist
77 21.8581 -0.0698 cyclist
78 21.8581 -0.0698 cyclist
79 21.8581 -0.0698 cyclist
80 21.8581 -0.0698 cyclist
81 21.8581 -0.0698 cyclist
82 21.8581 -0.0873 cyclist
83 21.8581 -0.0873 cyclist
84 21.6351 -0.1222 cyclist
85 21.6351 -0.1222 cyclist
86 21.6351 -0.1222 cyclist
87 21.4120 -0.1396 cyclist
88 21.4120 -0.1396 cyclist
89 21.4120 -0.1396 cyclist
90 21.4120 -0.1396 cyclist
91 21.4120 -0.1396 cyclist
92 21.4120 -0.1396 cyclist
93 21.1890 -0.1396 cyclist
94 21.1890 -0.1396 cyclist
95 21.1890 -0.1396 cyclist
96 21.1890 -0.1396 cyclist
97 21.1890 -0.1396 cyclist
98 21.1890 -0.1396 cyclist
99 21.1890 -0.1396 cyclist
100 20.9659 -0.1571 cyclist
101 20.7429 -0.1920 cyclist
102 20.7429 -0.1920 cyclist
103 20.7429 -0.1920 cyclist
104 20.7429 -0.1920 cyclist
105 20.7429 -0.1920 cyclist
106 20.7429 -0.1920 cyclist
107 20.2968 -0.2094 cyclist
108 20.2968 -0.2269 cyclist
109 20.2968 -0.2269 cyclist
110 20.2968 -0.2269 cyclist
111 20.2968 -0.2269 cyclist
112 20.2968 -0.2269 cyclist
113 19.8507 -0.2443 cyclist
114 19.8507 -0.2618 cyclist
115 19.8507 -0.2443 cyclist
116 19.8507 -0.2443 cyclist
117 19.6277 -0.2443 cyclist
118 19.6277 -0.2443 cyclist
119 19.4046 -0.2618 cyclist
120 19.4046 -0.2618 cyclist
121 19.1816 -0.2618 cyclist
122 18.9586 -0.2618 cyclist
123 18.9586 -0.2618 cyclist
124 18.9586 -0.2618 cyclist
125 18.5125 -0.2793 cyclist
126 18.5125 -0.2793 cyclist
127 18.5125 -0.2793 cyclist
128 18.5125 -0.2793 cyclist
129 18.2894 -0.2967 cyclist
130 18.2894 -0.2967 cyclist
131 18.2894 -0.2967 cyclist
132 18.2894 -0.2967 cyclist
133 18.0664 -0.3142 cyclist
134 18.0664 -0.3142 cyclist
135 17.6203 -0.3142 cyclist
136 17.6203 -0.3142 cyclist
137 17.6203 -0.3142 cyclist
138 17.3973 -0.3491 cyclist
139 17.3973 -0.3491 cyclist
140 17.3973 -0.3491 cyclist
141 17.3973 -0.3491 cyclist
142 17.1742 -0.3491 cyclist
143 17.1742 -0.3491 cyclist
144 16.7281 -0.3665 cyclist
145 16.7281 -0.3665 cyclist
146 16.5051 -0.3840 cyclist
147 16.5051 -0.3840 cyclist
148 16.5051 -0.3840 cyclist
149 16.5051 -0.3840 cyclist
150 16.2821 -0.4014 cyclist
151 15.8360 -0.4014 cyclist
152 15.8360 -0.4014 cyclist
153 15.8360 -0.4014 cyclist
154 15.6129 -0.4189 cyclist
155 15.6129 -0.4189 cyclist
156 15.6129 -0.4189 cyclist
157 15.6129 -0.4189 cyclist
158 15.6129 -0.4189 cyclist
158 24.7576 -0.3665 pedestrian
159 15.3899 -0.4363 cyclist
159 24.7576 -0.3665 pedestrian
160 15.3899 -0.4363 cyclist
160 24.7576 -0.3665 pedestrian
161 14.9438 -0.4538 cyclist
161 24.7576 -0.3665 pedestrian
162 14.9438 -0.4538 cyclist
162 24.7576 -0.3665 pedestrian
163 14.9438 -0.4538 cyclist
163 24.7576 -0.3665 pedestrian
164 14.9438 -0.4538 cyclist
164 24.7576 -0.3665 pedestrian
165 14.4977 -0.4712 cyclist
165 24.7576 -0.3665 pedestrian
166 14.4977 -0.4712 cyclist
166 24.7576 -0.3665 pedestrian
167 14.4977 -0.4887 cyclist
167 24.7576 -0.3665 pedestrian
168 14.4977 -0.4887 cyclist
168 24.7576 -0.3665 pedestrian
169 14.2747 -0.5061 cyclist
169 24.7576 -0.3665 pedestrian
170 14.2747 -0.5061 cyclist
170 24.7576 -0.3665 pedestrian
171 14.0516 -0.5236 cyclist
171 24.7576 -0.3665 pedestrian
172 14.0516 -0.5236 cyclist
172 24.7576 -0.3665 pedestrian
173 14.0516 -0.5236 cyclist
173 24.7576 -0.3665 pedestrian
174 13.8286 -0.5411 cyclist
174 24.5346 -0.3840 pedestrian
175 13.8286 -0.5411 cyclist
175 24.5346 -0.3840 pedestrian
176 13.8286 -0.5411 cyclist
176 24.5346 -0.3840 pedestrian
177 13.3825 -0.5760 cyclist
177 24.5346 -0.3840 pedestrian
178 13.3825 -0.5760 cyclist
178 24.5346 -0.3840 pedestrian
179 13.3825 -0.5760 cyclist
179 24.5346 -0.3840 pedestrian
180 13.3825 -0.5760 cyclist
180 24.5346 -0.3840 pedestrian
181 13.3825 -0.5760 cyclist
181 24.3116 -0.3840 pedestrian
182 12.9364 -0.6109 cyclist
182 24.3116 -0.3840 pedestrian
183 12.9364 -0.6109 cyclist
183 24.3116 -0.3840 pedestrian
184 12.9364 -0.6109 cyclist
184 24.3116 -0.3840 pedestrian
185 12.9364 -0.6109 cyclist
185 24.3116 -0.3840 pedestrian
186 12.9364 -0.6109 cyclist
186 24.3116 -0.3840 pedestrian
187 12.9364 -0.6109 cyclist
187 24.3116 -0.3840 pedestrian
188 12.7134 -0.6458 cyclist
188 24.3116 -0.3840 pedestrian
189 12.7134 -0.6458 cyclist
189 24.3116 -0.3840 pedestrian
190 12.7134 -0.6632 cyclist
190 24.0885 -0.3840 pedestrian
191 12.7134 -0.6632 cyclist
191 24.0885 -0.3840 pedestrian
192 12.4903 -0.6807 cyclist
192 24.0885 -0.3840 pedestrian
193 12.4903 -0.6807 cyclist
193 24.0885 -0.3840 pedestrian
194 12.2673 -0.7156 cyclist
194 24.0885 -0.3840 pedestrian
195 12.2673 -0.7156 cyclist
195 24.0885 -0.3840 pedestrian
196 12.2673 -0.7505 cyclist
196 23.8655 -0.3840 pedestrian
197 12.2673 -0.7505 cyclist
197 23.8655 -0.3840 pedestrian
198 12.0443 -0.7679 cyclist
198 23.8655 -0.3840 pedestrian
199 12.0443 -0.7679 cyclist
199 23.8655 -0.3840 pedestrian
200 12.0443 -0.7679 cyclist
200 23.8655 -0.3840 pedestrian
201 12.0443 -0.7679 cyclist
201 23.8655 -0.3840 pedestrian
202 11.8212 -0.8029 cyclist
202 23.8655 -0.3840 pedestrian
203 11.8212 -0.8029 cyclist
203 23.6424 -0.3840 pedestrian
204 11.8212 -0.8029 cyclist
204 23.6424 -0.3840 pedestrian
205 11.8212 -0.8029 cyclist
205 23.6424 -0.3840 pedestrian
206 11.8212 -0.8378 cyclist
206 23.6424 -0.3840 pedestrian
207 11.8212 -0.8378 cyclist
207 23.6424 -0.3840 pedestrian
208 11.8212 -0.8378 cyclist
208 23.6424 -0.3840 pedestrian
209 11.8212 -0.8378 cyclist
209 23.6424 -0.3840 pedestrian
210 11.8212 -0.8378 cyclist
210 23.6424 -0.3840 pedestrian
211 11.8212 -0.8727 cyclist
211 23.6424 -0.3840 pedestrian
212 11.8212 -0.8727 cyclist
212 23.6424 -0.3840 pedestrian
213 11.8212 -0.8727 cyclist
213 23.6424 -0.3840 pedestrian
214 11.8212 -0.8727 cyclist
214 23.1963 -0.3840 pedestrian
215 11.8212 -0.8727 cyclist
215 23.1963 -0.3840 pedestrian
216 11.8212 -0.8727 cyclist
216 23.1963 -0.3840 pedestrian
217 11.8212 -0.8727 cyclist
217 23.1963 -0.3840 pedestrian
218 11.8212 -0.8727 cyclist
218 23.1963 -0.3840 pedestrian
219 11.5982 -0.9076 cyclist
219 23.1963 -0.3840 pedestrian
220 11.5982 -0.9076 cyclist
220 23.1963 -0.3840 pedestrian
221 11.5982 -0.9076 cyclist
221 23.1963 -0.3840 pedestrian
222 23.1963 -0.3840 pedestrian
223 23.1963 -0.3840 pedestrian
224 23.1963 -0.3840 pedestrian
225 22.9733 -0.3840 pedestrian
226 22.9733 -0.3840 pedestrian
227 22.9733 -0.3840 pedestrian
228 22.9733 -0.3840 pedestrian
229 22.9733 -0.3840 pedestrian
230 22.9733 -0.3840 pedestrian
231 22.9733 -0.3840 pedestrian
232 22.9733 -0.3840 pedestrian
233 22.5272 -0.3840 pedestrian
234 22.5272 -0.3840 pedestrian
235 22.5272 -0.3840 pedestrian
236 22.5272 -0.3840 pedestrian
237 22.5272 -0.3840 pedestrian
238 22.5272 -0.3840 pedestrian
239 22.5272 -0.3840 pedestrian
240 22.5272 -0.3840 pedestrian
241 22.5272 -0.3840 pedestrian
242 22.5272 -0.3840 pedestrian
243 22.5272 -0.3840 pedestrian
244 22.5272 -0.3840 pedestrian
245 22.5272 -0.3840 pedestrian
246 22.5272 -0.3840 pedestrian
247 22.5272 -0.3840 pedestrian
248 22.5272 -0.3840 pedestrian
249 22.5272 -0.3840 pedestrian
250 22.5272 -0.3840 pedestrian
251 22.5272 -0.3840 pedestrian
252 22.3042 -0.4014 pedestrian
253 22.3042 -0.4014 pedestrian
254 22.3042 -0.4014 pedestrian
255 22.3042 -0.4014 pedestrian
256 22.0811 -0.4014 pedestrian
257 22.0811 -0.4014 pedestrian
258 22.0811 -0.4014 pedestrian
259 22.0811 -0.4014 pedestrian
260 22.0811 -0.4014 pedestrian
261 22.0811 -0.4014 pedestrian
262 22.0811 -0.4014 pedestrian
263 21.8581 -0.4014 pedestrian
264 21.8581 -0.4014 pedestrian
265 21.8581 -0.4014 pedestrian
266 21.8581 -0.4014 pedestrian
267 21.8581 -0.4014 pedestrian
268 21.8581 -0.4014 pedestrian
269 21.8581 -0.4014 pedestrian
270 21.6351 -0.4014 pedestrian
271 21.6351 -0.4014 pedestrian
272 21.6351 -0.4014 pedestrian
273 21.6351 -0.4014 pedestrian
274 21.6351 -0.4014 pedestrian
275 21.6351 -0.4014 pedestrian
276 21.4120 -0.4189 pedestrian
277 21.4120 -0.4189 pedestrian
278 21.4120 -0.4189 pedestrian
279 21.4120 -0.4189 pedestrian
280 21.4120 -0.4189 pedestrian
281 21.4120 -0.4189 pedestrian
282 21.4120 -0.4189 pedestrian
283 21.1890 -0.4189 pedestrian
284 21.1890 -0.4189 pedestrian
285 21.1890 -0.4189 pedestrian
286 21.1890 -0.4189 pedestrian
287 21.1890 -0.4189 pedestrian
288 21.1890 -0.4189 pedestrian
289 21.1890 -0.4189 pedestrian
290 21.1890 -0.4189 pedestrian
291 21.1890 -0.4189 pedestrian
292 21.1890 -0.4189 pedestrian
293 21.1890 -0.4189 pedestrian
294 21.1890 -0.4189 pedestrian
295 21.1890 -0.4189 pedestrian
296 21.1890 -0.4189 pedestrian
297 21.1890 -0.4189 pedestrian
298 21.1890 -0.3840 pedestrian
299 21.1890 -0.3840 pedestrian
300 21.1890 -0.3840 pedestrian
301 21.1890 -0.3840 pedestrian
302 21.1890 -0.3840 pedestrian
303 21.1890 -0.3840 pedestrian
304 21.1890 -0.3840 pedestrian
305 21.1890 -0.3840 pedestrian
306 21.1890 -0.3840 pedestrian
307 21.1890 -0.3840 pedestrian
308 21.1890 -0.3840 pedestrian
309 21.1890 -0.3840 pedestrian
310 21.1890 -0.3840 pedestrian
311 21.1890 -0.3840 pedestrian
312 21.1890 -0.3840 pedestrian
313 21.1890 -0.3840 pedestrian
314 21.1890 -0.3840 pedestrian
315 21.1890 -0.3665 pedestrian
316 21.1890 -0.3665 pedestrian
317 21.1890 -0.3665 pedestrian
318 21.1890 -0.3665 pedestrian
319 21.1890 -0.3665 pedestrian
320 21.1890 -0.3665 pedestrian
321 21.1890 -0.3665 pedestrian
322 21.1890 -0.3665 pedestrian
323 21.1890 -0.3665 pedestrian
324 21.1890 -0.3665 pedestrian
325 21.1890 -0.3665 pedestrian
326 21.1890 -0.3665 pedestrian
327 21.1890 -0.3665 pedestrian
328 21.1890 -0.3665 pedestrian
329 21.1890 -0.3665 pedestrian
330 21.1890 -0.3665 pedestrian
331 21.4120 -0.3142 pedestrian
332 21.4120 -0.3142 pedestrian
333 21.4120 -0.3142 pedestrian
334 21.4120 -0.3142 pedestrian
335 21.6351 -0.3142 pedestrian
336 21.6351 -0.3142 pedestrian
337 21.6351 -0.3142 pedestrian
338 21.6351 -0.3142 pedestrian
339 21.8581 -0.3142 pedestrian
340 21.8581 -0.3142 pedestrian
341 21.8581 -0.3142 pedestrian
342 21.8581 -0.3142 pedestrian
343 21.8581 -0.3142 pedestrian
344 21.8581 -0.3142 pedestrian
345 21.8581 -0.3142 pedestrian
346 21.8581 -0.3142 pedestrian
347 21.8581 -0.3142 pedestrian
348 21.8581 -0.3142 pedestrian
349 21.8581 -0.3142 pedestrian
350 21.8581 -0.3142 pedestrian
351 22.0811 -0.2967 pedestrian
352 22.0811 -0.2967 pedestrian
353 22.0811 -0.2967 pedestrian
354 22.0811 -0.2967 pedestrian
355 22.0811 -0.2967 pedestrian
356 22.0811 -0.2967 pedestrian
357 22.0811 -0.2967 pedestrian
358 22.3042 -0.2967 pedestrian
359 22.3042 -0.2793 pedestrian
360 22.3042 -0.2793 pedestrian
361 22.5272 -0.2793 pedestrian
362 22.5272 -0.2793 pedestrian
363 22.5272 -0.2793 pedestrian
364 22.5272 -0.2793 pedestrian
365 22.5272 -0.2793 pedestrian
366 22.5272 -0.2793 pedestrian
367 22.5272 -0.2793 pedestrian
368 22.7503 -0.2793 pedestrian
369 22.7503 -0.2793 pedestrian
370 22.7503 -0.2793 pedestrian
371 22.7503 -0.2793 pedestrian
372 22.7503 -0.2793 pedestrian
373 22.7503 -0.2793 pedestrian
374 22.7503 -0.2793 pedestrian
375 22.7503 -0.2793 pedestrian
376 22.7503 -0.2793 pedestrian
377 22.7503 -0.2793 pedestrian
378 23.1963 -0.2793 pedestrian
379 23.1963 -0.2793 pedestrian
380 23.1963 -0.2793 pedestrian
381 23.1963 -0.2793 pedestrian
382 23.1963 -0.2793 pedestrian
383 23.1963 -0.2793 pedestrian
384 23.1963 -0.2793 pedestrian
385 23.4194 -0.2793 pedestrian
386 23.4194 -0.2793 pedestrian
387 23.4194 -0.2793 pedestrian
388 23.4194 -0.2793 pedestrian
389 23.4194 -0.2793 pedestrian
390 23.4194 -0.2793 pedestrian
391 23.4194 -0.2793 pedestrian
392 23.4194 -0.2793 pedestrian
393 23.4194 -0.2793 pedestrian
394 23.6424 -0.2967 pedestrian
395 23.6424 -0.2967 pedestrian
396 23.6424 -0.2967 pedestrian
397 23.6424 -0.2967 pedestrian
398 23.6424 -0.2967 pedestrian
399 23.6424 -0.2967 pedestrian
400 23.6424 -0.2967 pedestrian
401 23.8655 -0.2967 pedestrian
402 23.8655 -0.2967 pedestrian
403 23.8655 -0.2967 pedestrian
404 23.8655 -0.2967 pedestrian
405 23.8655 -0.2967 pedestrian
406 23.8655 -0.2967 pedestrian
407 23.8655 -0.2967 pedestrian
408 23.8655 -0.2967 pedestrian
409 24.0885 -0.2793 pedestrian
410 24.0885 -0.2793 pedestrian
411 24.0885 -0.2793 pedestrian
412 24.0885 -0.2793 pedestrian
413 24.3116 -0.2443 pedestrian
414 24.3116 -0.2443 pedestrian
415 24.3116 -0.2443 pedestrian
416 24.3116 -0.2443 pedestrian
417 24.3116 -0.2443 pedestrian
418 24.3116 -0.2443 pedestrian
419 24.3116 -0.2443 pedestrian
420 24.3116 -0.2443 pedestrian
421 24.5346 -0.2443 pedestrian
422 24.5346 -0.2443 pedestrian
423 24.5346 -0.2443 pedestrian
424 24.5346 -0.2443 pedestrian
425 24.5346 -0.2443 pedestrian
426 24.5346 -0.2443 pedestrian
427 24.5346 -0.2443 pedestrian
428 24.5346 -0.2443 pedestrian
429 24.5346 -0.2443 pedestrian
430 24.5346 -0.2443 pedestrian
431 24.5346 -0.2443 pedestrian
432 24.7576 -0.2443 pedestrian
433 24.7576 -0.2443 pedestrian
434 24.7576 -0.2443 pedestrian
435 24.7576 -0.2443 pedestrian
436 24.7576 -0.2443 pedestrian
437 24.9807 -0.2269 pedestrian
438 24.9807 -0.2269 pedestrian
439 24.9807 -0.2269 pedestrian
440 24.9807 -0.2269 pedestrian
441 24.9807 -0.2269 pedestrian
442 24.9807 -0.2269 pedestrian
443 24.9807 -0.2269 pedestrian
444 24.9807 -0.2269 pedestrian
445 24.9807 -0.2269 pedestrian
446 24.9807 -0.2443 pedestrian
603 24.7576 -0.3142 pedestrian
604 24.7576 -0.3142 pedestrian
605 24.7576 -0.3142 pedestrian
606 24.7576 -0.3142 pedestrian
607 24.7576 -0.3142 pedestrian
608 24.7576 -0.3142 pedestrian
609 24.7576 -0.3142 pedestrian
610 24.7576 -0.3142 pedestrian
611 24.7576 -0.3142 pedestrian
612 24.7576 -0.3142 pedestrian
613 24.7576 -0.3142 pedestrian
614 24.5346 -0.3142 pedestrian
615 24.5346 -0.3142 pedestrian
616 24.5346 -0.3142 pedestrian
617 24.5346 -0.3142 pedestrian
618 24.5346 -0.3142 pedestrian
619 24.5346 -0.3142 pedestrian
620 24.3116 -0.3142 pedestrian
621 24.3116 -0.3142 pedestrian
622 24.3116 -0.3142 pedestrian
623 24.3116 -0.3142 pedestrian
624 24.3116 -0.3142 pedestrian
625 23.8655 -0.3316 pedestrian
626 23.8655 -0.3316 pedestrian
627 23.8655 -0.3316 pedestrian
628 23.8655 -0.3316 pedestrian
629 23.8655 -0.3316 pedestrian
630 23.8655 -0.3316 pedestrian
631 23.8655 -0.3316 pedestrian
632 23.8655 -0.3316 pedestrian
633 23.8655 -0.3316 pedestrian
634 23.8655 -0.3316 pedestrian
635 23.8655 -0.3316 pedestrian
636 23.8655 -0.3316 pedestrian
637 23.4194 -0.3491 pedestrian
638 23.4194 -0.3491 pedestrian
639 23.4194 -0.3491 pedestrian
640 23.4194 -0.3491 pedestrian
641 23.4194 -0.3491 pedestrian
642 23.4194 -0.3491 pedestrian
643 23.4194 -0.3491 pedestrian
644 23.4194 -0.3491 pedestrian
645 23.4194 -0.3491 pedestrian
646 23.4194 -0.3491 pedestrian
647 23.4194 -0.3491 pedestrian
648 23.1963 -0.3316 pedestrian
649 23.1963 -0.3316 pedestrian
650 23.1963 -0.3316 pedestrian
651 23.1963 -0.3316 pedestrian
652 23.1963 -0.3316 pedestrian
653 23.1963 -0.3316 pedestrian
654 23.1963 -0.3316 pedestrian
655 23.1963 -0.3316 pedestrian
656 22.9733 -0.3316 pedestrian
657 22.9733 -0.3316 pedestrian
658 22.9733 -0.3316 pedestrian
659 22.9733 -0.3316 pedestrian
660 22.9733 -0.3316 pedestrian
661 22.9733 -0.3316 pedestrian
662 22.5272 -0.3491 pedestrian
663 22.5272 -0.3491 pedestrian
664 22.5272 -0.3491 pedestrian
665 22.5272 -0.3491 pedestrian
666 22.5272 -0.3491 pedestrian
667 22.5272 -0.3491 pedestrian
668 22.5272 -0.3491 pedestrian
669 22.5272 -0.3491 pedestrian
670 22.5272 -0.3491 pedestrian
671 22.5272 -0.3491 pedestrian
672 22.5272 -0.3491 pedestrian
673 22.5272 -0.3491 pedestrian
674 22.5272 -0.3491 pedestrian
675 22.3042 -0.3491 pedestrian
676 22.3042 -0.3491 pedestrian
677 22.3042 -0.3491 pedestrian
678 22.3042 -0.3491 pedestrian
679 22.3042 -0.3491 pedestrian
680 22.0811 -0.3491 pedestrian
681 22.0811 -0.3491 pedestrian
682 22.0811 -0.3491 pedestrian
683 22.0811 -0.3491 pedestrian
684 22.0811 -0.3491 pedestrian
685 22.0811 -0.3491 pedestrian
686 21.6351 -0.3491 pedestrian
687 21.6351 -0.3491 pedestrian
688 21.6351 -0.3491 pedestrian
689 21.6351 -0.3491 pedestrian
690 21.6351 -0.3491 pedestrian
691 21.6351 -0.3491 pedestrian
692 21.6351 -0.3491 pedestrian
693 21.6351 -0.3491 pedestrian
694 21.6351 -0.3491 pedestrian
695 21.6351 -0.3491 pedestrian
696 21.6351 -0.3491 pedestrian
697 21.6351 -0.3491 pedestrian
698 21.6351 -0.3491 pedestrian
699 21.1890 -0.3491 pedestrian
700 21.1890 -0.3491 pedestrian
701 21.1890 -0.3491 pedestrian
702 21.1890 -0.3665 pedestrian
703 21.1890 -0.3665 pedestrian
704 21.1890 -0.3665 pedestrian
705 21.1890 -0.3665 pedestrian
706 21.1890 -0.3665 pedestrian
707 21.1890 -0.3665 pedestrian
708 21.1890 -0.3665 pedestrian
709 21.1890 -0.3665 pedestrian
710 21.1890 -0.3665 pedestrian
711 21.1890 -0.3665 pedestrian
712 21.1890 -0.3665 pedestrian
713 21.1890 -0.3665 pedestrian
714 20.9659 -0.3665 pedestrian
715 20.9659 -0.3665 pedestrian
716 20.9659 -0.3665 pedestrian
717 20.9659 -0.3665 pedestrian
718 20.9659 -0.3665 pedestrian
719 20.9659 -0.3665 pedestrian
720 20.9659 -0.3665 pedestrian
721 20.9659 -0.3665 pedestrian
722 20.9659 -0.3665 pedestrian
723 20.9659 -0.3665 pedestrian
724 20.9659 -0.3665 pedestrian
725 20.9659 -0.3665 pedestrian
726 20.9659 -0.3665 pedestrian
727 20.9659 -0.3665 pedestrian
728 20.7429 -0.3840 pedestrian
729 20.7429 -0.3840 pedestrian
730 20.7429 -0.3840 pedestrian
731 20.7429 -0.3840 pedestrian
732 20.7429 -0.3840 pedestrian
733 20.7429 -0.3840 pedestrian
734 20.7429 -0.3840 pedestrian
735 20.7429 -0.3840 pedestrian
736 20.7429 -0.3840 pedestrian
737 20.7429 -0.3840 pedestrian
738 20.7429 -0.3840 pedestrian
739 20.7429 -0.3840 pedestrian
740 20.5198 -0.4014 pedestrian
741 20.5198 -0.4014 pedestrian
742 20.5198 -0.4014 pedestrian
743 20.5198 -0.4014 pedestrian
744 20.5198 -0.4014 pedestrian
745 20.5198 -0.4014 pedestrian
746 20.5198 -0.4014 pedestrian
747 20.5198 -0.4014 pedestrian
748 20.5198 -0.4014 pedestrian
749 20.5198 -0.4014 pedestrian
750 20.5198 -0.4014 pedestrian
751 20.5198 -0.4014 pedestrian
752 20.5198 -0.4014 pedestrian
753 20.5198 -0.4363 pedestrian
754 20.5198 -0.4363 pedestrian
755 20.5198 -0.4363 pedestrian
756 20.5198 -0.4363 pedestrian
757 20.2968 -0.4538 pedestrian
758 20.2968 -0.4538 pedestrian
759 20.2968 -0.4538 pedestrian
760 20.2968 -0.4538 pedestrian
761 20.2968 -0.4538 pedestrian
762 20.2968 -0.4538 pedestrian
763 20.2968 -0.4538 pedestrian
764 20.2968 -0.4538 pedestrian
765 20.2968 -0.4538 pedestrian
766 20.2968 -0.4538 pedestrian
767 20.2968 -0.4538 pedestrian
768 20.2968 -0.4538 pedestrian
769 20.2968 -0.4538 pedestrian
770 20.2968 -0.4538 pedestrian
771 20.2968 -0.4538 pedestrian
772 20.2968 -0.4538 pedestrian
773 20.2968 -0.4538 pedestrian
774 20.2968 -0.4538 pedestrian
775 20.2968 -0.4538 pedestrian
776 20.2968 -0.4887 pedestrian
777 20.2968 -0.4887 pedestrian
778 20.2968 -0.4887 pedestrian
779 20.2968 -0.4887 pedestrian
780 20.2968 -0.4887 pedestrian
781 20.2968 -0.4887 pedestrian
782 20.2968 -0.4887 pedestrian
783 20.2968 -0.4887 pedestrian
784 20.2968 -0.4887 pedestrian
785 20.2968 -0.4887 pedestrian
786 20.0738 -0.4887 pedestrian
787 20.0738 -0.4887 pedestrian
788 20.0738 -0.4887 pedestrian
789 20.0738 -0.4887 pedestrian
790 20.0738 -0.4887 pedestrian
791 20.0738 -0.4887 pedestrian
792 20.0738 -0.4887 pedestrian
793 20.0738 -0.4887 pedestrian
794 20.0738 -0.4887 pedestrian
795 19.8507 -0.5061 pedestrian
796 19.8507 -0.5061 pedestrian
797 19.8507 -0.5061 pedestrian
798 19.8507 -0.5061 pedestrian
799 19.8507 -0.5061 pedestrian
800 19.8507 -0.5061 pedestrian
801 19.8507 -0.5061 pedestrian
802 19.8507 -0.5061 pedestrian
803 19.6277 -0.5236 pedestrian
804 19.6277 -0.5236 pedestrian
805 19.6277 -0.5236 pedestrian
806 19.6277 -0.5236 pedestrian
807 19.6277 -0.5236 pedestrian
808 19.6277 -0.5236 pedestrian
809 19.6277 -0.5236 pedestrian
810 19.6277 -0.5236 pedestrian
811 19.4046 -0.5236 pedestrian
812 19.4046 -0.5236 pedestrian
813 19.4046 -0.5236 pedestrian
814 19.4046 -0.5236 pedestrian
815 19.4046 -0.5236 pedestrian
816 19.1816 -0.5411 pedestrian
817 19.1816 -0.5411 pedestrian
818 19.1816 -0.5411 pedestrian
819 19.1816 -0.5411 pedestrian
820 19.1816 -0.5411 pedestrian
821 19.1816 -0.5411 pedestrian
822 19.1816 -0.5411 pedestrian
823 19.1816 -0.5411 pedestrian
824 19.1816 -0.5411 pedestrian
825 19.1816 -0.5411 pedestrian
826 19.1816 -0.5411 pedestrian
827 18.9586 -0.5411 pedestrian
828 18.9586 -0.5411 pedestrian
829 18.9586 -0.5411 pedestrian
830 18.9586 -0.5411 pedestrian
831 18.9586 -0.5411 pedestrian
832 18.7355 -0.5411 pedestrian
833 18.7355 -0.5411 pedestrian
834 18.7355 -0.5411 pedestrian
835 18.7355 -0.5411 pedestrian
836 18.7355 -0.5411 pedestrian
837 18.7355 -0.5411 pedestrian
838 18.7355 -0.5411 pedestrian
839 18.7355 -0.5411 pedestrian
840 18.5125 -0.5236 pedestrian
841 18.5125 -0.5236 pedestrian
842 18.5125 -0.5236 pedestrian
843 18.5125 -0.5236 pedestrian
844 18.5125 -0.5236 pedestrian
845 18.5125 -0.5236 pedestrian
846 18.5125 -0.5236 pedestrian
847 18.5125 -0.5236 pedestrian
848 18.5125 -0.5236 pedestrian
849 18.5125 -0.5236 pedestrian
850 18.2894 -0.5236 pedestrian
851 18.2894 -0.5236 pedestrian
852 18.2894 -0.5236 pedestrian
853 18.2894 -0.5236 pedestrian
854 18.2894 -0.5236 pedestrian
855 18.2894 -0.5236 pedestrian
856 18.2894 -0.5236 pedestrian
857 18.2894 -0.5236 pedestrian
858 18.2894 -0.5236 pedestrian
859 18.2894 -0.5236 pedestrian
860 18.2894 -0.5236 pedestrian
861 18.2894 -0.5236 pedestrian
862 18.2894 -0.5236 pedestrian
863 18.2894 -0.4887 pedestrian
864 18.2894 -0.4887 pedestrian
865 18.2894 -0.4887 pedestrian
866 18.2894 -0.4887 pedestrian
867 18.2894 -0.4887 pedestrian
868 18.2894 -0.4887 pedestrian
869 18.2894 -0.4887 pedestrian
870 18.2894 -0.4887 pedestrian
871 18.2894 -0.4887 pedestrian
872 18.2894 -0.4887 pedestrian
873 18.2894 -0.4887 pedestrian
874 18.2894 -0.4887 pedestrian
875 18.2894 -0.4887 pedestrian
876 18.2894 -0.4538 pedestrian
877 18.2894 -0.4538 pedestrian
878 18.2894 -0.4538 pedestrian
879 18.5125 -0.4538 pedestrian
880 18.5125 -0.4538 pedestrian
881 18.5125 -0.4538 pedestrian
882 18.5125 -0.4538 pedestrian
883 18.5125 -0.4538 pedestrian
884 18.5125 -0.4538 pedestrian
885 18.5125 -0.4538 pedestrian
886 18.5125 -0.4538 pedestrian
887 18.5125 -0.4538 pedestrian
888 18.5125 -0.4538 pedestrian
889 18.5125 -0.4538 pedestrian
890 18.5125 -0.4538 pedestrian
891 18.5125 -0.4538 pedestrian
892 18.5125 -0.4538 pedestrian
893 18.5125 -0.4538 pedestrian
894 18.5125 -0.4538 pedestrian
895 18.5125 -0.4538 pedestrian
896 18.5125 -0.4538 pedestrian
897 18.5125 -0.4538 pedestrian
898 18.5125 -0.4538 pedestrian
899 18.5125 -0.4538 pedestrian
